Data Set 1:Wavelength(nm),Data Set 1:Intensity,Data Set 2:Wavelength(nm),Data Set 2:Intensity,Data Set 3:Wavelength(nm),Data Set 3:Intensity,Data Set 4:Wavelength(nm),Data Set 4:Intensity,Data Set 5:Wavelength(nm),Data Set 5:Intensity,Data Set 6:Wavelength(nm),Data Set 6:Intensity,Data Set 7:Wavelength(nm),Data Set 7:Intensity,Data Set 8:Wavelength(nm),Data Set 8:Intensity,Data Set 9:Wavelength(nm),Data Set 9:Intensity,Data Set 10:Wavelength(nm),Data Set 10:Intensity,Data Set 11:Wavelength(nm),Data Set 11:Intensity,Data Set 12:Wavelength(nm),Data Set 12:Intensity,Data Set 13:Wavelength(nm),Data Set 13:Intensity,Data Set 14:Wavelength(nm),Data Set 14:Intensity,Data Set 15:Wavelength(nm),Data Set 15:Intensity,Data Set 16:Wavelength(nm),Data Set 16:Intensity,Data Set 17:Wavelength(nm),Data Set 17:Intensity,Data Set 18:Wavelength(nm),Data Set 18:Intensity,Data Set 19:Wavelength(nm),Data Set 19:Intensity,Data Set 20:Wavelength(nm),Data Set 20:Intensity,Data Set 21:Wavelength(nm),Data Set 21:Intensity,Data Set 22:Wavelength(nm),Data Set 22:Intensity,Data Set 23:Wavelength(nm),Data Set 23:Intensity,Data Set 24:Wavelength(nm),Data Set 24:Intensity,Data Set 25:Wavelength(nm),Data Set 25:Intensity,Data Set 26:Wavelength(nm),Data Set 26:Intensity,Data Set 27:Wavelength(nm),Data Set 27:Intensity,Data Set 28:Wavelength(nm),Data Set 28:Intensity,Data Set 29:Wavelength(nm),Data Set 29:Intensity,Data Set 30:Wavelength(nm),Data Set 30:Intensity,Data Set 31:Wavelength(nm),Data Set 31:Intensity,Data Set 32:Wavelength(nm),Data Set 32:Intensity,Data Set 33:Wavelength(nm),Data Set 33:Intensity,Data Set 34:Wavelength(nm),Data Set 34:Intensity,Data Set 35:Wavelength(nm),Data Set 35:Intensity,Data Set 36:Wavelength(nm),Data Set 36:Intensity,Data Set 37:Wavelength(nm),Data Set 37:Intensity,Data Set 38:Wavelength(nm),Data Set 38:Intensity,Data Set 39:Wavelength(nm),Data Set 39:Intensity,Data Set 40:Wavelength(nm),Data Set 40:Intensity,Data Set 41:Wavelength(nm),Data Set 41:Intensity,Data Set 42:Wavelength(nm),Data Set 42:Intensity,Data Set 43:Wavelength(nm),Data Set 43:Intensity,Data Set 44:Wavelength(nm),Data Set 44:Intensity,Data Set 45:Wavelength(nm),Data Set 45:Intensity,Data Set 46:Wavelength(nm),Data Set 46:Intensity,Data Set 47:Wavelength(nm),Data Set 47:Intensity,Data Set 48:Wavelength(nm),Data Set 48:Intensity,Data Set 49:Wavelength(nm),Data Set 49:Intensity,Data Set 50:Wavelength(nm),Data Set 50:Intensity,Data Set 51:Wavelength(nm),Data Set 51:Intensity,Data Set 52:Wavelength(nm),Data Set 52:Intensity,Data Set 53:Wavelength(nm),Data Set 53:Intensity,Data Set 54:Wavelength(nm),Data Set 54:Intensity,Data Set 55:Wavelength(nm),Data Set 55:Intensity,Data Set 56:Wavelength(nm),Data Set 56:Intensity,Data Set 57:Wavelength(nm),Data Set 57:Intensity,Data Set 58:Wavelength(nm),Data Set 58:Intensity,Data Set 59:Wavelength(nm),Data Set 59:Intensity,Data Set 60:Wavelength(nm),Data Set 60:Intensity,Data Set 61:Wavelength(nm),Data Set 61:Intensity,Data Set 62:Wavelength(nm),Data Set 62:Intensity,Data Set 63:Wavelength(nm),Data Set 63:Intensity,Data Set 64:Wavelength(nm),Data Set 64:Intensity
380.10000000000002,0.016172782991276932,380.10000000000002,0.01539393708196638,380.10000000000002,0.015761170875613538,380.10000000000002,0.016130312046997785,380.10000000000002,0.015450268304468351,380.10000000000002,0.015148012512397958,380.10000000000002,0.016747793799750769,380.10000000000002,0.015759390656392255,380.10000000000002,0.015582131685358968,380.10000000000002,0.015884006001881949,380.10000000000002,0.016252257063655549,380.10000000000002,0.016384374761577784,380.10000000000002,0.016415019963886984,380.10000000000002,0.015634775310902571,380.10000000000002,0.015526309096920219,380.10000000000002,0.01629663538567178,380.10000000000002,0.015848910251519546,380.10000000000002,0.016109076574858217,380.10000000000002,0.016308079652094302,380.10000000000002,0.016111238269626918,380.10000000000002,0.015609089290709798,380.10000000000002,0.016420360621550823,380.10000000000002,0.01655934487932657,380.10000000000002,0.016410060781770555,380.10000000000002,0.016651026169222552,380.10000000000002,0.015664403245085324,380.10000000000002,0.016876605376262045,380.10000000000002,0.01712163983621983,380.10000000000002,0.015664276086569517,380.10000000000002,0.016108059306731769,380.10000000000002,0.016578164339665826,380.10000000000002,0.017029449912260627,380.10000000000002,0.016439815874469115,380.10000000000002,0.016072709239337759,380.10000000000002,0.015321456727957072,380.10000000000002,0.014862414485898119,380.10000000000002,0.015979629205767908,380.10000000000002,0.015836830192517991,380.10000000000002,0.015579207039495436,380.10000000000002,0.01590778464433763,380.10000000000002,0.0160911472241296,380.10000000000002,0.015992345057348492,380.10000000000002,0.016257343404287784,380.10000000000002,0.01540932326237888,380.10000000000002,0.015080491340505075,380.10000000000002,0.01552427456066733,380.10000000000002,0.015756211693497117,380.10000000000002,0.016095343455151193,380.10000000000002,0.0160144706390987,380.10000000000002,0.015823478548358385,380.10000000000002,0.015858319981689174,380.10000000000002,0.015834287022201875,380.10000000000002,0.016563286793316548,380.10000000000002,0.015527834999109893,380.10000000000002,0.01607665115332774,380.10000000000002,0.015417715724422063,380.10000000000002,0.016174817527529816,380.10000000000002,0.016639836219831637,380.10000000000002,0.016261412476793569,380.10000000000002,0.01681010147249561,380.10000000000002,0.015646601052872511,380.10000000000002,0.016112637013300783,380.10000000000002,0.01645202309198647,380.10000000000002,0.016068640166831974
380.89999999999998,0.015796393784491752,380.89999999999998,0.015394784805405085,380.89999999999998,0.01579423208972305,380.89999999999998,0.015863703025524954,380.89999999999998,0.015534192924900181,380.89999999999998,0.015663004501411462,380.89999999999998,0.016567228707306529,380.89999999999998,0.015597051617880182,380.89999999999998,0.015610106558836243,380.89999999999998,0.016149343438196725,380.89999999999998,0.015634690538558697,380.89999999999998,0.016529759331315747,380.89999999999998,0.016210718615158992,380.89999999999998,0.015895874130023819,380.89999999999998,0.015607690547035934,380.89999999999998,0.016134296347159703,380.89999999999998,0.016140103252714835,380.89999999999998,0.016082797148258353,380.89999999999998,0.01646448462653544,380.89999999999998,0.016301552181616271,380.89999999999998,0.015513720403855446,380.89999999999998,0.016127896035197473,380.89999999999998,0.0162795961445538,380.89999999999998,0.016395649483312565,380.89999999999998,0.016558200452684316,380.89999999999998,0.015941184947822623,380.89999999999998,0.016394674601358052,380.89999999999998,0.016735925671608896,380.89999999999998,0.015971999694819557,380.89999999999998,0.016157651127896033,380.89999999999998,0.016532387273975737,380.89999999999998,0.017096843925637699,380.89999999999998,0.015775200698524113,380.89999999999998,0.015731500555258852,380.89999999999998,0.014867076964811,380.89999999999998,0.015135381433161246,380.89999999999998,0.015752015462475521,380.89999999999998,0.015403643515339554,380.89999999999998,0.015241813110890704,380.89999999999998,0.015698820816696761,380.89999999999998,0.015707552368115427,380.89999999999998,0.016109754753609186,380.89999999999998,0.0159034188686283,380.89999999999998,0.014997329671168076,380.89999999999998,0.015258089400913846,380.89999999999998,0.015557759636496192,380.89999999999998,0.015735866330968185,380.89999999999998,0.015635877351372889,380.89999999999998,0.015849164568551156,380.89999999999998,0.015611971550401397,380.89999999999998,0.015891381195798682,380.89999999999998,0.015631681120351296,380.89999999999998,0.016333129879708044,380.89999999999998,0.015669404813373686,380.89999999999998,0.016174987072217564,380.89999999999998,0.015482990429202374,380.89999999999998,0.015970940040521176,380.89999999999998,0.016641531666709047,380.89999999999998,0.016185541229029442,380.89999999999998,0.016373523901562353,380.89999999999998,0.015724591609233406,380.89999999999998,0.016105855225791138,380.89999999999998,0.016034519298424085,380.89999999999998,0.016002941600332308
381.60000000000002,0.015948984003458715,381.60000000000002,0.01580593067317718,381.60000000000002,0.016007010672838093,381.60000000000002,0.015881505217737766,381.60000000000002,0.015223926146334022,381.60000000000002,0.015797792528165617,381.60000000000002,0.016219662097437332,381.60000000000002,0.015013817892050897,381.60000000000002,0.01618655849715589,381.60000000000002,0.015509312241974179,381.60000000000002,0.015392241635088968,381.60000000000002,0.016061815993150395,381.60000000000002,0.016011503607063236,381.60000000000002,0.016025575816145742,381.60000000000002,0.015778930681654414,381.60000000000002,0.01606139213143104,381.60000000000002,0.016335079643617065,381.60000000000002,0.016098903893593756,381.60000000000002,0.016828157981740036,381.60000000000002,0.016627077982079123,381.60000000000002,0.015558649746106828,381.60000000000002,0.015815933809753907,381.60000000000002,0.015717555504692147,381.60000000000002,0.016324440714461316,381.60000000000002,0.016680272627857883,381.60000000000002,0.0159691598212999,381.60000000000002,0.015944533455405509,381.60000000000002,0.016783398184176391,381.60000000000002,0.016729016725583443,381.60000000000002,0.016347541178166034,381.60000000000002,0.016590880191246403,381.60000000000002,0.017212134313301625,381.60000000000002,0.015367445724506835,381.60000000000002,0.015917999711774031,381.60000000000002,0.015156998380848231,381.60000000000002,0.014770012631079235,381.60000000000002,0.015301874316522976,381.60000000000002,0.014678839975246475,381.60000000000002,0.015290133346896908,381.60000000000002,0.015742054712070734,381.60000000000002,0.015799106499495605,381.60000000000002,0.016411544297788294,381.60000000000002,0.016062790875104906,381.60000000000002,0.015081254291599906,381.60000000000002,0.015233505421191392,381.60000000000002,0.015812076668107796,381.60000000000002,0.015751125352864881,381.60000000000002,0.015683349863940391,381.60000000000002,0.015609258835397542,381.60000000000002,0.01542547239388622,381.60000000000002,0.015985478497494977,381.60000000000002,0.015769012317421564,381.60000000000002,0.01623988030145046,381.60000000000002,0.015863533480837213,381.60000000000002,0.016012224171986136,381.60000000000002,0.01544738604477675,381.60000000000002,0.016392258589557739,381.60000000000002,0.016350762527233109,381.60000000000002,0.015902401600501853,381.60000000000002,0.016123445487144273,381.60000000000002,0.015142205606842823,381.60000000000002,0.016369497215228505,381.60000000000002,0.016868679162110153,381.60000000000002,0.015562125412205523
382.39999999999998,0.015924400023736261,382.39999999999998,0.016130608750201336,382.39999999999998,0.01627065266227546,382.39999999999998,0.01563990403770674,382.39999999999998,0.015298525808940092,382.39999999999998,0.016035155091003114,382.39999999999998,0.016629112518332021,382.39999999999998,0.014901070674703084,382.39999999999998,0.016178928986207541,382.39999999999998,0.015923849003501096,382.39999999999998,0.015048065918974595,382.39999999999998,0.016260183277807448,382.39999999999998,0.01552067173605283,382.39999999999998,0.016078134669345476,382.39999999999998,0.016047659011724016,382.39999999999998,0.015654484880852467,382.39999999999998,0.016769961767672915,382.39999999999998,0.016187067131219111,382.39999999999998,0.016673024592456957,382.39999999999998,0.016439731102125241,382.39999999999998,0.015708696794757681,382.39999999999998,0.016160109525868282,382.39999999999998,0.01608461975365157,382.39999999999998,0.016172698218933055,382.39999999999998,0.016815060654612041,382.39999999999998,0.0164599916923103,382.39999999999998,0.01562324627213618,382.39999999999998,0.015899222637606708,382.39999999999998,0.016734950789654382,382.39999999999998,0.016203428193586125,382.39999999999998,0.016653611725710601,382.39999999999998,0.017100234819392518,382.39999999999998,0.015139408119495096,382.39999999999998,0.015743368683400726,382.39999999999998,0.014891660944533452,382.39999999999998,0.015178615328535216,382.39999999999998,0.015178106694471996,382.39999999999998,0.015134915185269954,382.39999999999998,0.014967150716750168,382.39999999999998,0.0159268584217085,382.39999999999998,0.015656688961793105,382.39999999999998,0.015829158295397709,382.39999999999998,0.015575349897849325,382.39999999999998,0.015502572840636471,382.39999999999998,0.015875232064291346,382.39999999999998,0.015980773632410166,382.39999999999998,0.016178377965972383,382.39999999999998,0.015302722039961683,382.39999999999998,0.015512618363385128,382.39999999999998,0.015545849122182381,382.39999999999998,0.015700643422089974,382.39999999999998,0.015613031204699777,382.39999999999998,0.016010994973000008,382.39999999999998,0.0162407704110611,382.39999999999998,0.016141078134669348,382.39999999999998,0.015245627866364877,382.39999999999998,0.016198977645532919,382.39999999999998,0.016633902155760698,382.39999999999998,0.016003280689707789,382.39999999999998,0.015809787814823291,382.39999999999998,0.015067605944236753,382.39999999999998,0.015994803455320734,382.39999999999998,0.016674550494646626,382.39999999999998,0.015557039071573291
383.10000000000002,0.016639030882564871,383.10000000000002,0.01633745326924544,383.10000000000002,0.016419004264048895,383.10000000000002,0.015545806736010442,383.10000000000002,0.015036579266380138,383.10000000000002,0.01534934682909048,383.10000000000002,0.016484999533752112,383.10000000000002,0.015100285682798843,383.10000000000002,0.016156040453362493,383.10000000000002,0.015552546137348149,383.10000000000002,0.016000059340640711,383.10000000000002,0.015555725100243297,383.10000000000002,0.015893670049083184,383.10000000000002,0.016173079694480477,383.10000000000002,0.01586200757864754,383.10000000000002,0.015372192975763586,383.10000000000002,0.016530056034519298,383.10000000000002,0.016232844196909204,383.10000000000002,0.016832396598933562,383.10000000000002,0.016178632283003994,383.10000000000002,0.015874002865305221,383.10000000000002,0.016205038868119664,383.10000000000002,0.016357586700914695,383.10000000000002,0.016287140883158278,383.10000000000002,0.016544636877665029,383.10000000000002,0.016304858303027223,383.10000000000002,0.015429117604672653,383.10000000000002,0.015875486381322954,383.10000000000002,0.016751057534989785,383.10000000000002,0.016286505090579249,383.10000000000002,0.016378949331570063,383.10000000000002,0.016912887939438636,383.10000000000002,0.015935420428439425,383.10000000000002,0.016046853674457247,383.10000000000002,0.015404533624950196,383.10000000000002,0.01512012241126455,383.10000000000002,0.01514419775692378,383.10000000000002,0.015249357849495181,383.10000000000002,0.015416444139264006,383.10000000000002,0.015903122165424752,383.10000000000002,0.01561006417266431,383.10000000000002,0.015332392360316369,383.10000000000002,0.01588900757017031,383.10000000000002,0.015748412637861024,383.10000000000002,0.016114290074006256,383.10000000000002,0.015742563346133956,383.10000000000002,0.016025787747005419,383.10000000000002,0.015902910234565078,383.10000000000002,0.016171299475259193,383.10000000000002,0.016027356035367025,383.10000000000002,0.015971067199036983,383.10000000000002,0.015824962064376117,383.10000000000002,0.01598725871671626,383.10000000000002,0.016627332299110741,383.10000000000002,0.015999508320405552,383.10000000000002,0.015295643549248493,383.10000000000002,0.01662792570551783,383.10000000000002,0.016251578884904586,383.10000000000002,0.015736247806515603,383.10000000000002,0.016564261675271062,383.10000000000002,0.014659003246780773,383.10000000000002,0.016203343421242255,383.10000000000002,0.016894958588710016,383.10000000000002,0.015807965209430078
383.89999999999998,0.016618685520035946,383.89999999999998,0.016351864567703434,383.89999999999998,0.016065503590108766,383.89999999999998,0.015219433212108884,383.89999999999998,0.015245119232301655,383.89999999999998,0.016022439239422533,383.89999999999998,0.017004654001678492,383.89999999999998,0.015469045378635676,383.89999999999998,0.01588985529360901,383.89999999999998,0.015760238379830965,383.89999999999998,0.015808473843493296,383.89999999999998,0.015683731339487805,383.89999999999998,0.016143748463501268,383.89999999999998,0.016043378008358557,383.89999999999998,0.015986622924137231,383.89999999999998,0.015697718776226444,383.89999999999998,0.016143494146469654,383.89999999999998,0.016139594618651609,383.89999999999998,0.016589099972025127,383.89999999999998,0.016350720141061183,383.89999999999998,0.016113060875020138,383.89999999999998,0.01643477192000882,383.89999999999998,0.016354195807159872,383.89999999999998,0.016198129922094216,383.89999999999998,0.016717572459160921,383.89999999999998,0.016461687139187709,383.89999999999998,0.016056432949314619,383.89999999999998,0.015660164627891798,383.89999999999998,0.016692564617719112,383.89999999999998,0.016195798682637777,383.89999999999998,0.016721429600807032,383.89999999999998,0.016743343251697563,383.89999999999998,0.015617524138924921,383.89999999999998,0.01582135923976162,383.89999999999998,0.015428269881233945,383.89999999999998,0.01504128413146495,383.89999999999998,0.015203538397633153,383.89999999999998,0.015734255656434645,383.89999999999998,0.014979018844892044,383.89999999999998,0.015416528911607877,383.89999999999998,0.01550664191314226,383.89999999999998,0.015211167908581506,383.89999999999998,0.015683858498003609,383.89999999999998,0.016168883463458881,383.89999999999998,0.015925247747174964,383.89999999999998,0.01515254783279503,383.89999999999998,0.016089367004908321,383.89999999999998,0.015808812932868784,383.89999999999998,0.016332366928613212,383.89999999999998,0.015984969863431755,383.89999999999998,0.016072794011681629,383.89999999999998,0.015702042165763836,383.89999999999998,0.015501513186338087,383.89999999999998,0.016368776650305606,383.89999999999998,0.015995269703212026,383.89999999999998,0.015402456702525368,383.89999999999998,0.01636174054576435,383.89999999999998,0.016254969778659409,383.89999999999998,0.015670125378296585,383.89999999999998,0.016339614964014138,383.89999999999998,0.015826318421878049,383.89999999999998,0.016086357586700916,383.89999999999998,0.016154896026720243,383.89999999999998,0.015900367064248955
384.60000000000002,0.016555953985571747,384.60000000000002,0.015964454956215086,384.60000000000002,0.015851877283555013,384.60000000000002,0.015136356315115758,384.60000000000002,0.015183235421276165,384.60000000000002,0.015646050032637353,384.60000000000002,0.016613853496435325,384.60000000000002,0.015864084501072368,384.60000000000002,0.016070420386053254,384.60000000000002,0.015616125395251052,384.60000000000002,0.016523952425760619,384.60000000000002,0.015699838084823208,384.60000000000002,0.016566762459415241,384.60000000000002,0.016363817468189181,384.60000000000002,0.016028161372633788,384.60000000000002,0.015552758068207828,384.60000000000002,0.016339318260810594,384.60000000000002,0.016019217890355451,384.60000000000002,0.016187279062078785,384.60000000000002,0.016509244424099082,384.60000000000002,0.015770580605783169,384.60000000000002,0.015654866356399892,384.60000000000002,0.016130396819341659,384.60000000000002,0.016458381017776764,384.60000000000002,0.016795563015521812,384.60000000000002,0.016177699787221417,384.60000000000002,0.015540169375143052,384.60000000000002,0.016273916397514476,384.60000000000002,0.016550994803455323,384.60000000000002,0.016482329204920189,384.60000000000002,0.016720581877368322,384.60000000000002,0.016562778159253323,384.60000000000002,0.015536142688809207,384.60000000000002,0.015545849122182378,384.60000000000002,0.015645287081542517,384.60000000000002,0.015419368785127544,384.60000000000002,0.01539258072446445,384.60000000000002,0.015560472351500045,384.60000000000002,0.015374905690767444,384.60000000000002,0.015260547798886092,384.60000000000002,0.015878792502733909,384.60000000000002,0.016058891347286865,384.60000000000002,0.015824580588828699,384.60000000000002,0.015386434729533835,384.60000000000002,0.015709925993743799,384.60000000000002,0.015179674982833602,384.60000000000002,0.015417122318014972,384.60000000000002,0.015841874146978289,384.60000000000002,0.016384925781812942,384.60000000000002,0.015857811347625948,384.60000000000002,0.0159575036240177,384.60000000000002,0.016241194272780448,384.60000000000002,0.01601608131363224,384.60000000000002,0.016495087442672706,384.60000000000002,0.01579944558887109,384.60000000000002,0.015712723481091529,384.60000000000002,0.016869526885548859,384.60000000000002,0.016714435882437713,384.60000000000002,0.015563312225019709,384.60000000000002,0.016715156447360612,384.60000000000002,0.015424497511931709,384.60000000000002,0.016721302442291225,384.60000000000002,0.016129464323559082,384.60000000000002,0.015650288649830878
385.39999999999998,0.016094792434916034,385.39999999999998,0.015984800318744014,385.39999999999998,0.015855268177309832,385.39999999999998,0.015344896281037275,385.39999999999998,0.015157803718115004,385.39999999999998,0.01592410332053271,385.39999999999998,0.016615548943312731,385.39999999999998,0.015653001364834735,385.39999999999998,0.015710985648042179,385.39999999999998,0.015525418987309577,385.39999999999998,0.015889007570170307,385.39999999999998,0.015991454947737845,385.39999999999998,0.016349745259106669,385.39999999999998,0.015544068902961101,385.39999999999998,0.016074786161762583,385.39999999999998,0.016032569534515057,385.39999999999998,0.016115519272992377,385.39999999999998,0.016160787704619244,385.39999999999998,0.015559115993998118,385.39999999999998,0.016722023007214124,385.39999999999998,0.015874850588743928,385.39999999999998,0.015661648143909527,385.39999999999998,0.015937115875316835,385.39999999999998,0.016015021659333859,385.39999999999998,0.017149911412900655,385.39999999999998,0.016449819011045839,385.39999999999998,0.01615053025101091,385.39999999999998,0.016482456363435993,385.39999999999998,0.016380602392275543,385.39999999999998,0.016022863101141881,385.39999999999998,0.017080016615379397,385.39999999999998,0.016416122004357298,385.39999999999998,0.015086001542856659,385.39999999999998,0.01519913023575189,385.39999999999998,0.015597814568975014,385.39999999999998,0.015465145850817629,385.39999999999998,0.015182345311665521,385.39999999999998,0.01555453828742911,385.39999999999998,0.01495952120580182,385.39999999999998,0.015205445775370243,385.39999999999998,0.016023753210752528,385.39999999999998,0.016084323050448022,385.39999999999998,0.016033120554750219,385.39999999999998,0.015405932368624057,385.39999999999998,0.015435263599603266,385.39999999999998,0.015456880547290254,385.39999999999998,0.015530717258801488,385.39999999999998,0.015492612090231684,385.39999999999998,0.015500750235243256,385.39999999999998,0.015398345243847648,385.39999999999998,0.015778633978450869,385.39999999999998,0.016225935250883752,385.39999999999998,0.016049990251180452,385.39999999999998,0.016184820664106543,385.39999999999998,0.015362020294499124,385.39999999999998,0.015682205437298136,385.39999999999998,0.016789840882310555,385.39999999999998,0.017067088832939139,385.39999999999998,0.015771852190941228,385.39999999999998,0.016075125251138068,385.39999999999998,0.015949238320490326,385.39999999999998,0.016689936675059126,385.39999999999998,0.016456685570899347,385.39999999999998,0.015445987301102887
386.10000000000002,0.016150742181870591,386.10000000000002,0.015279494417741157,386.10000000000002,0.015951908649322243,386.10000000000002,0.015528004543797632,386.10000000000002,0.015348541491823709,386.10000000000002,0.015646897756076059,386.10000000000002,0.015777150462433134,386.10000000000002,0.015690301196137769,386.10000000000002,0.0159034188686283,386.10000000000002,0.016001839559861987,386.10000000000002,0.016296762544187583,386.10000000000002,0.016011800310266777,386.10000000000002,0.016420106304519216,386.10000000000002,0.015671227418766902,386.10000000000002,0.01545849122182379,386.10000000000002,0.015379822486711934,386.10000000000002,0.015956147266515768,386.10000000000002,0.015998872527826523,386.10000000000002,0.015236981087290082,386.10000000000002,0.016597407661724437,386.10000000000002,0.015111051770470401,386.10000000000002,0.015808304298805559,386.10000000000002,0.01650509057924943,386.10000000000002,0.015777659096496362,386.10000000000002,0.016534464196400565,386.10000000000002,0.016391326093775166,386.10000000000002,0.015643591634665107,386.10000000000002,0.016813916227969784,386.10000000000002,0.016158498851334743,386.10000000000002,0.016173757873231435,386.10000000000002,0.016634114086620379,386.10000000000002,0.01629574527606114,386.10000000000002,0.01540220238549376,386.10000000000002,0.015161830404448852,386.10000000000002,0.015511346778227068,386.10000000000002,0.015720310605867944,386.10000000000002,0.01500008477234387,386.10000000000002,0.015301916702694913,386.10000000000002,0.015481718844044321,386.10000000000002,0.015118977984622296,386.10000000000002,0.015537159956935652,386.10000000000002,0.015637572798250302,386.10000000000002,0.015912743826454055,386.10000000000002,0.014817612302162541,386.10000000000002,0.016026974559819603,386.10000000000002,0.015916346651068555,386.10000000000002,0.01534082720853149,386.10000000000002,0.015412078363554673,386.10000000000002,0.015506684299314191,386.10000000000002,0.015624687401981977,386.10000000000002,0.015548053203123012,386.10000000000002,0.016225935250883752,386.10000000000002,0.016109330891889831,386.10000000000002,0.016167866195332434,386.10000000000002,0.015306918270983277,386.10000000000002,0.01598992904554818,386.10000000000002,0.016424472080228545,386.10000000000002,0.017089977365784183,386.10000000000002,0.016127896035197476,386.10000000000002,0.016261624407653247,386.10000000000002,0.015789018590575011,386.10000000000002,0.016579732628027435,386.10000000000002,0.016034519298424081,386.10000000000002,0.01549685070742521
386.89999999999998,0.016536456346481529,386.89999999999998,0.015789823927841784,386.89999999999998,0.016078219441689343,386.89999999999998,0.015540720395378212,386.89999999999998,0.015251901019811298,386.89999999999998,0.015638420521689008,386.89999999999998,0.015648296499749921,386.89999999999998,0.015571619914719019,386.89999999999998,0.015488882107101377,386.89999999999998,0.01642400583233726,386.89999999999998,0.016163669964310845,386.89999999999998,0.015471800479811464,386.89999999999998,0.016616778142298859,386.89999999999998,0.015678009206276548,386.89999999999998,0.015143138102625398,386.89999999999998,0.015760450310690639,386.89999999999998,0.015627230572298097,386.89999999999998,0.016465968142553175,386.89999999999998,0.015591329484668921,386.89999999999998,0.016098098556326983,386.89999999999998,0.015448445699075134,386.89999999999998,0.015963437688088635,386.89999999999998,0.016403363766604784,386.89999999999998,0.01550214897891712,386.89999999999998,0.016043632325390165,386.89999999999998,0.016787212939650565,386.89999999999998,0.016399760941990287,386.89999999999998,0.01687156142180175,386.89999999999998,0.016843459389808666,386.89999999999998,0.01598725871671626,386.89999999999998,0.016679891152310472,386.89999999999998,0.016451726388782926,386.89999999999998,0.015772657528208001,386.89999999999998,0.015694200723955817,386.89999999999998,0.015665632444071445,386.89999999999998,0.015638929155752226,386.89999999999998,0.014928876003492618,386.89999999999998,0.015118808439934555,386.89999999999998,0.015335062689148294,386.89999999999998,0.014929087934352296,386.89999999999998,0.015127709536040965,386.89999999999998,0.015562125412205523,386.89999999999998,0.016117045175182049,386.89999999999998,0.015644990378338972,386.89999999999998,0.016397429702533845,386.89999999999998,0.015969753227706992,386.89999999999998,0.015555301238523944,386.89999999999998,0.016101277519222131,386.89999999999998,0.015463450403940218,386.89999999999998,0.0158654408585743,386.89999999999998,0.016424599238744349,386.89999999999998,0.016183549078948482,386.89999999999998,0.015556615209853937,386.89999999999998,0.015781304307282792,386.89999999999998,0.015598535133897917,386.89999999999998,0.016615548943312731,386.89999999999998,0.016655052855556404,386.89999999999998,0.016757669777811686,386.89999999999998,0.016192323016539088,386.89999999999998,0.016281122046743472,386.89999999999998,0.016470588235294122,386.89999999999998,0.016799292998652123,386.89999999999998,0.016308333969125913,386.89999999999998,0.01609364800827378
387.60000000000002,0.0162948551664505,387.60000000000002,0.015902571145189594,387.60000000000002,0.015773886727194118,387.60000000000002,0.015506811457829998,387.60000000000002,0.015458745538855404,387.60000000000002,0.016138577350525166,387.60000000000002,0.015770368674923495,387.60000000000002,0.016276925815721873,387.60000000000002,0.016224706051897624,387.60000000000002,0.016823283571967482,387.60000000000002,0.015963607232776379,387.60000000000002,0.015501470800166152,387.60000000000002,0.016058976119630732,387.60000000000002,0.016383315107279403,387.60000000000002,0.015497486500004237,387.60000000000002,0.015672287073065283,387.60000000000002,0.015923933775844969,387.60000000000002,0.016508354314488442,387.60000000000002,0.015737137916126243,387.60000000000002,0.016356654205132118,387.60000000000002,0.015520502191365092,387.60000000000002,0.016345760958944754,387.60000000000002,0.016256707611708759,387.60000000000002,0.01599891491399846,387.60000000000002,0.016170790841195968,387.60000000000002,0.017052550375965345,387.60000000000002,0.016167484719785019,387.60000000000002,0.016677432754338219,387.60000000000002,0.01709269008078804,387.60000000000002,0.016027949441774117,387.60000000000002,0.016793486093096988,387.60000000000002,0.016678916270355958,387.60000000000002,0.015617524138924919,387.60000000000002,0.015995142544696219,387.60000000000002,0.01535282249518917,387.60000000000002,0.015789823927841781,387.60000000000002,0.015416316980748197,387.60000000000002,0.015262921424514466,387.60000000000002,0.015373210243890031,387.60000000000002,0.015173232284699439,387.60000000000002,0.015084475640666992,387.60000000000002,0.015559582241889405,387.60000000000002,0.015506684299314191,387.60000000000002,0.015889982452124814,387.60000000000002,0.016256707611708759,387.60000000000002,0.015741715622695253,387.60000000000002,0.016082585217398679,387.60000000000002,0.015904605681442488,387.60000000000002,0.015822037418512583,387.60000000000002,0.016140103252714835,387.60000000000002,0.016564473606130736,387.60000000000002,0.016137772013258393,387.60000000000002,0.015415045395590143,387.60000000000002,0.015370158439510695,387.60000000000002,0.016254673075455865,387.60000000000002,0.01643498385086849,387.60000000000002,0.016475335486550866,387.60000000000002,0.017226460839415744,387.60000000000002,0.016568712223324265,387.60000000000002,0.016450666734484538,387.60000000000002,0.016923272551562778,387.60000000000002,0.016493264837279486,387.60000000000002,0.015409747124098233,387.60000000000002,0.016252172291311682
388.39999999999998,0.016001542856658446,388.39999999999998,0.016672304027534057,388.39999999999998,0.016268957215398044,388.39999999999998,0.015310139620050355,388.39999999999998,0.015073879097683174,388.39999999999998,0.016275908547595433,388.39999999999998,0.015867856870374605,388.39999999999998,0.016401541161211567,388.39999999999998,0.015907657485821822,388.39999999999998,0.016563032476284937,388.39999999999998,0.015755067266854859,388.39999999999998,0.015467561862617938,388.39999999999998,0.015774988767664436,388.39999999999998,0.016472326068343465,388.39999999999998,0.015836575875486376,388.39999999999998,0.016289429736442779,388.39999999999998,0.016130778294889073,388.39999999999998,0.016640599170926477,388.39999999999998,0.016325457982587756,388.39999999999998,0.016176089112687878,388.39999999999998,0.015812966777718436,388.39999999999998,0.016145698227410289,388.39999999999998,0.015939659045632958,388.39999999999998,0.016621991641446895,388.39999999999998,0.016305578867950119,388.39999999999998,0.017280587980977088,388.39999999999998,0.016158159761959258,388.39999999999998,0.016665564626196349,388.39999999999998,0.017591999186185495,388.39999999999998,0.016148326170070271,388.39999999999998,0.016791790646219575,388.39999999999998,0.017088366691250648,388.39999999999998,0.015681951120266529,388.39999999999998,0.016350338665513768,388.39999999999998,0.0152943295779185,388.39999999999998,0.016040750065698568,388.39999999999998,0.015551952730941055,388.39999999999998,0.015270550935462814,388.39999999999998,0.01502140501682731,388.39999999999998,0.015922619804514974,388.39999999999998,0.015271822520620874,388.39999999999998,0.016339487805498334,388.39999999999998,0.016236574180039504,388.39999999999998,0.016407093749735084,388.39999999999998,0.01608292430677416,388.39999999999998,0.015554368742741367,388.39999999999998,0.016195332434746489,388.39999999999998,0.016131795563015524,388.39999999999998,0.015985648042182717,388.39999999999998,0.016745377787950461,388.39999999999998,0.01681116112679399,388.39999999999998,0.01630053491348982,388.39999999999998,0.015680382831904923,388.39999999999998,0.015755872604121632,388.39999999999998,0.016400481506913187,388.39999999999998,0.016203555352101929,388.39999999999998,0.016716088943143189,388.39999999999998,0.017201029136254584,388.39999999999998,0.016331349660486764,388.39999999999998,0.016987275671185031,388.39999999999998,0.016796114035756975,388.39999999999998,0.01684167917058739,388.39999999999998,0.015856497376295957,388.39999999999998,0.016693836202877177
389.10000000000002,0.015562422115409072,389.10000000000002,0.016759619541720706,389.10000000000002,0.015912065647703092,389.10000000000002,0.015891677899002227,389.10000000000002,0.015704585336079959,389.10000000000002,0.016731983757618918,389.10000000000002,0.016371404592965589,389.10000000000002,0.016330332392360314,389.10000000000002,0.016385773505251645,389.10000000000002,0.016651195713910293,389.10000000000002,0.015216762883276959,389.10000000000002,0.015888032688215793,389.10000000000002,0.015598662292413723,389.10000000000002,0.016296847316531454,389.10000000000002,0.016257046701084236,389.10000000000002,0.016265693480159028,389.10000000000002,0.016215550638759606,389.10000000000002,0.017026313335537412,389.10000000000002,0.016278833193458964,389.10000000000002,0.016468553699041225,389.10000000000002,0.015623924450887143,389.10000000000002,0.016557691818621094,389.10000000000002,0.016089706094283802,389.10000000000002,0.016561803277298816,389.10000000000002,0.017026991514288378,389.10000000000002,0.017720556445665166,389.10000000000002,0.016398065495112874,389.10000000000002,0.016652848774615765,389.10000000000002,0.017220696320032553,389.10000000000002,0.016059315209006213,389.10000000000002,0.016786704305587343,389.10000000000002,0.017135839203818146,389.10000000000002,0.015209769164907643,389.10000000000002,0.016430024668752069,389.10000000000002,0.014746700236514837,389.10000000000002,0.016372209930232362,389.10000000000002,0.01554601866687012,389.10000000000002,0.014736485169078439,389.10000000000002,0.014734026771106194,389.10000000000002,0.015968396870205064,389.10000000000002,0.015279452031569222,389.10000000000002,0.015863914956384628,389.10000000000002,0.016146715495536736,389.10000000000002,0.016310453277722674,389.10000000000002,0.015880318404923575,389.10000000000002,0.015521307528631859,389.10000000000002,0.016492035638293361,389.10000000000002,0.015634181904495476,389.10000000000002,0.01633914871612285,389.10000000000002,0.016625001059654299,389.10000000000002,0.016184693505590736,389.10000000000002,0.01609284267100701,389.10000000000002,0.015393004586183803,389.10000000000002,0.015882183396488728,389.10000000000002,0.016675143901053721,389.10000000000002,0.015505031238608715,389.10000000000002,0.01640327899426091,389.10000000000002,0.017038266236023156,389.10000000000002,0.016172825377448862,389.10000000000002,0.017164449869874452,389.10000000000002,0.016966506446936758,389.10000000000002,0.016524630604511582,389.10000000000002,0.015313954375524528,389.10000000000002,0.016522596068258691
389.89999999999998,0.015948984003458715,389.89999999999998,0.016266244500394194,389.89999999999998,0.015880699880470993,389.89999999999998,0.015877266600544237,389.89999999999998,0.015577426820274156,389.89999999999998,0.01665314547781932,389.89999999999998,0.016693539499673626,389.89999999999998,0.015825936946330627,389.89999999999998,0.015922916507718522,389.89999999999998,0.016705450013987436,389.89999999999998,0.01607126810949196,389.89999999999998,0.015825301153751598,389.89999999999998,0.015977594669515018,389.89999999999998,0.016385010554156813,389.89999999999998,0.016278239787051871,389.89999999999998,0.016231784542610816,389.89999999999998,0.016385943049939389,389.89999999999998,0.01680760068835143,389.89999999999998,0.016954468774107136,389.89999999999998,0.016321897544145203,389.89999999999998,0.015596797300848571,389.89999999999998,0.016271161296338682,389.89999999999998,0.016722955502996704,389.89999999999998,0.016455837847460644,389.89999999999998,0.017026143790849674,389.89999999999998,0.017453523562472976,389.89999999999998,0.016832947619168721,389.89999999999998,0.01684358654832447,389.89999999999998,0.017241041682561482,389.89999999999998,0.01664593982859032,389.89999999999998,0.016448462653543904,389.89999999999998,0.017279104464959352,389.89999999999998,0.015589549265447641,389.89999999999998,0.016334231920178362,389.89999999999998,0.015128175783932248,389.89999999999998,0.016315412459839102,389.89999999999998,0.015408687469799851,389.89999999999998,0.014888227664606698,389.89999999999998,0.014661970278816239,389.89999999999998,0.016074362300043235,389.89999999999998,0.015894899248069309,389.89999999999998,0.016392894382136772,389.89999999999998,0.016751990030772358,389.89999999999998,0.015990013817892047,389.89999999999998,0.016051558539542061,389.89999999999998,0.015715436196095386,389.89999999999998,0.015889304273373851,389.89999999999998,0.016143663691157398,389.89999999999998,0.01670112662445004,389.89999999999998,0.017102269355645416,389.89999999999998,0.01591766062239855,389.89999999999998,0.016255605571238434,389.89999999999998,0.015928765799445587,389.89999999999998,0.016499326059866232,389.89999999999998,0.016610716919712113,389.89999999999998,0.015727982502988225,389.89999999999998,0.016728804794723766,389.89999999999998,0.016551672982206281,389.89999999999998,0.01611094156642337,389.89999999999998,0.017530666395395168,389.89999999999998,0.016223052991192151,389.89999999999998,0.016732322846994399,389.89999999999998,0.016004848978069395,389.89999999999998,0.016958325915753244
390.60000000000002,0.016205844205386438,390.60000000000002,0.016057704534472677,390.60000000000002,0.015914608818019208,390.60000000000002,0.016123106397768792,390.60000000000002,0.015652026482880228,390.60000000000002,0.016536159643277978,390.60000000000002,0.017058908301755635,390.60000000000002,0.015524147402151521,390.60000000000002,0.01577880352313861,390.60000000000002,0.017065732475437211,390.60000000000002,0.016348473673948611,390.60000000000002,0.015778676364622803,390.60000000000002,0.01648453328586082,390.60000000000002,0.01626887244305418,390.60000000000002,0.016654628993837049,390.60000000000002,0.016332663631816756,390.60000000000002,0.016435958732823008,390.60000000000002,0.017101760721582187,390.60000000000002,0.016905300814662225,390.60000000000002,0.016603341725795379,390.60000000000002,0.016123233556284599,390.60000000000002,0.016427142409060468,390.60000000000002,0.016685655671693667,390.60000000000002,0.016338852012919305,390.60000000000002,0.017263506353687171,390.60000000000002,0.017568813950136909,390.60000000000002,0.017457719793494569,390.60000000000002,0.016900384018717733,390.60000000000002,0.01700876546035621,390.60000000000002,0.016432313522036571,390.60000000000002,0.016700236514839397,390.60000000000002,0.01742745606673279,390.60000000000002,0.015799784678246571,390.60000000000002,0.016259632257572289,390.60000000000002,0.015244313895034882,390.60000000000002,0.016050075023524325,390.60000000000002,0.015719801971804715,390.60000000000002,0.015263769147953172,390.60000000000002,0.015002755101175793,390.60000000000002,0.015827674779379974,390.60000000000002,0.016108525554623065,390.60000000000002,0.016183506692776548,390.60000000000002,0.016557861363308835,390.60000000000002,0.015855225791137895,390.60000000000002,0.015808261912633619,390.60000000000002,0.015915498927629848,390.60000000000002,0.015957122148470282,390.60000000000002,0.01648444851351695,390.60000000000002,0.016147563218975442,390.60000000000002,0.016503776607919431,390.60000000000002,0.015848147300424709,390.60000000000002,0.016260691911870667,390.60000000000002,0.015760916558581927,390.60000000000002,0.016501869230182344,390.60000000000002,0.016363181675610152,390.60000000000002,0.015780541356187956,390.60000000000002,0.016780515924484794,390.60000000000002,0.01639145325229097,390.60000000000002,0.01612450514144266,390.60000000000002,0.017099175165094137,390.60000000000002,0.016914795317175726,390.60000000000002,0.016231318294719535,390.60000000000002,0.016218475284623141,390.60000000000002,0.016417478361859229
391.39999999999998,0.016157523969380232,391.39999999999998,0.015832210099777047,391.39999999999998,0.016454608648474523,391.39999999999998,0.015781473851970533,391.39999999999998,0.015292591744869157,391.39999999999998,0.016365767232098205,391.39999999999998,0.016769834609157108,391.39999999999998,0.015814916541627456,391.39999999999998,0.015467689021133746,391.39999999999998,0.016930096725244353,391.39999999999998,0.016651110941566426,391.39999999999998,0.015572679569017403,391.39999999999998,0.016230216254249211,391.39999999999998,0.016481651026169223,391.39999999999998,0.016151081271246068,391.39999999999998,0.016036808151708586,391.39999999999998,0.016429176945313363,391.39999999999998,0.016169264939006295,391.39999999999998,0.016789162703559589,391.39999999999998,0.016646575621169352,391.39999999999998,0.016449607080186158,391.39999999999998,0.015920203792714666,391.39999999999998,0.016631401371616523,391.39999999999998,0.016308333969125913,391.39999999999998,0.016762501801412304,391.39999999999998,0.016832142281901948,391.39999999999998,0.016741393487788542,391.39999999999998,0.017072471876774919,391.39999999999998,0.017297839152954738,391.39999999999998,0.016550147080016616,391.39999999999998,0.016502716953621051,391.39999999999998,0.017549528241906361,391.39999999999998,0.016331307274314831,391.39999999999998,0.015944279138373901,391.39999999999998,0.0160386307571018,391.39999999999998,0.015688097115197138,391.39999999999998,0.016044480048828871,391.39999999999998,0.015761382806473215,391.39999999999998,0.015298610581283963,391.39999999999998,0.015964158253011534,391.39999999999998,0.015957630782533511,391.39999999999998,0.01667942490441918,391.39999999999998,0.016371362206793659,391.39999999999998,0.015366089367004907,391.39999999999998,0.015526817730983446,391.39999999999998,0.015591668574044405,391.39999999999998,0.015511219619711265,391.39999999999998,0.0164132397446657,391.39999999999998,0.016204360689368702,391.39999999999998,0.0166088943143189,391.39999999999998,0.016233013741596938,391.39999999999998,0.016246280613412677,391.39999999999998,0.016206819087340944,391.39999999999998,0.0162255113891644,391.39999999999998,0.016375049803752026,391.39999999999998,0.016062833261276839,391.39999999999998,0.01660079855547926,391.39999999999998,0.016711892712121593,391.39999999999998,0.016583971245220958,391.39999999999998,0.016832990005340654,391.39999999999998,0.016823241185795548,391.39999999999998,0.016394928918389663,391.39999999999998,0.016573671405440686,391.39999999999998,0.016644668243432265
392.10000000000002,0.016232123631986298,392.10000000000002,0.016203512965929992,392.10000000000002,0.016728423319176351,392.10000000000002,0.016248569466697178,392.10000000000002,0.015635919737544825,392.10000000000002,0.016074150369183558,392.10000000000002,0.016679128201215636,392.10000000000002,0.015786941668150183,392.10000000000002,0.015699117519900305,392.10000000000002,0.016753770249993642,392.10000000000002,0.016293371650432757,392.10000000000002,0.015765960513042229,392.10000000000002,0.016403151835745106,392.10000000000002,0.016546925730949538,392.10000000000002,0.016057831692988481,392.10000000000002,0.016185159753482021,392.10000000000002,0.016702991616015194,392.10000000000002,0.016250646389122013,392.10000000000002,0.016005018522757136,392.10000000000002,0.016365979162957879,392.10000000000002,0.015942668463840359,392.10000000000002,0.01588629485516645,392.10000000000002,0.016051558539542064,392.10000000000002,0.015874299568508769,392.10000000000002,0.016085170773886725,392.10000000000002,0.016899960156998382,392.10000000000002,0.016332790790332563,392.10000000000002,0.017063146918949161,392.10000000000002,0.016823114027279745,392.10000000000002,0.016469613353339605,392.10000000000002,0.016746861303968193,392.10000000000002,0.017460517280842296,392.10000000000002,0.016035451794206658,392.10000000000002,0.015876461263277471,392.10000000000002,0.015993701414850417,392.10000000000002,0.015415130167934013,392.10000000000002,0.015816442443817129,392.10000000000002,0.015314632554275493,392.10000000000002,0.01592507820248722,392.10000000000002,0.015943812890482609,392.10000000000002,0.015187050176750339,392.10000000000002,0.016194527097479719,392.10000000000002,0.015964454956215086,392.10000000000002,0.015646685825216378,392.10000000000002,0.015451370344938667,392.10000000000002,0.015714588472656683,392.10000000000002,0.015421360935208496,392.10000000000002,0.015987682578435615,392.10000000000002,0.01571013792460348,392.10000000000002,0.015978188075922113,392.10000000000002,0.015975305816230509,392.10000000000002,0.015975009113026965,392.10000000000002,0.015632062595898714,392.10000000000002,0.015715181879063775,392.10000000000002,0.016246195841068813,392.10000000000002,0.015956867831438671,392.10000000000002,0.016332917948848367,392.10000000000002,0.01662881581512847,392.10000000000002,0.015982935327178864,392.10000000000002,0.01609292744335088,392.10000000000002,0.016998719937607557,392.10000000000002,0.016526326051388998,392.10000000000002,0.016931410696574344,392.10000000000002,0.015691827098327442
392.89999999999998,0.015839627679865721,392.89999999999998,0.015842382781041515,392.89999999999998,0.015722175597433094,392.89999999999998,0.016197706060374864,392.89999999999998,0.015504522604545495,392.89999999999998,0.016115688817680121,392.89999999999998,0.016395988572688043,392.89999999999998,0.015794571179098531,392.89999999999998,0.015856794079499505,392.89999999999998,0.015927239897255922,392.89999999999998,0.015964454956215086,392.89999999999998,0.01595839373362834,392.89999999999998,0.01585552249434145,392.89999999999998,0.016561337029407527,392.89999999999998,0.015696701508099997,392.89999999999998,0.015347608996041132,392.89999999999998,0.016731814212931174,392.89999999999998,0.016034476912252144,392.89999999999998,0.015591329484668922,392.89999999999998,0.016751693327568814,392.89999999999998,0.015612056322745267,392.89999999999998,0.016034646456939888,392.89999999999998,0.0161685443740834,392.89999999999998,0.015642871069742208,392.89999999999998,0.015938514618990696,392.89999999999998,0.016839771792850296,392.89999999999998,0.015895365495960597,392.89999999999998,0.016870713698363043,392.89999999999998,0.016429770351720458,392.89999999999998,0.016596771869145412,392.89999999999998,0.016890126565109399,392.89999999999998,0.016912040215999933,392.89999999999998,0.016062578944245232,392.89999999999998,0.01573743461932979,392.89999999999998,0.015975051499198901,392.89999999999998,0.015797453438790132,392.89999999999998,0.015373083085374228,392.89999999999998,0.014794130362910404,392.89999999999998,0.015257919856226107,392.89999999999998,0.015607266685316581,392.89999999999998,0.015219263667421143,392.89999999999998,0.015724040588998248,392.89999999999998,0.015418521061688836,392.89999999999998,0.015228758169934638,392.89999999999998,0.01545984757932572,392.89999999999998,0.0155594550833736,392.89999999999998,0.015345913549163719,392.89999999999998,0.015579927604418335,392.89999999999998,0.016133151920517452,392.89999999999998,0.015840856878851846,392.89999999999998,0.015683688953315868,392.89999999999998,0.015662199164144689,392.89999999999998,0.015214134940616972,392.89999999999998,0.015234522689317839,392.89999999999998,0.01635894305841662,392.89999999999998,0.016074701389418716,392.89999999999998,0.016142180175139662,392.89999999999998,0.017116256792384047,392.89999999999998,0.016327111043293235,392.89999999999998,0.016077668421454184,392.89999999999998,0.016362079635139835,392.89999999999998,0.017045980519315378,392.89999999999998,0.016347329247306357,392.89999999999998,0.015737604164017531
393.60000000000002,0.015954070344090947,393.60000000000002,0.01611365428142723,393.60000000000002,0.015524656036214744,393.60000000000002,0.01621635597602638,393.60000000000002,0.015299373532378797,393.60000000000002,0.015991073472190431,393.60000000000002,0.016479065469681167,393.60000000000002,0.015853911819807904,393.60000000000002,0.015655035901087629,393.60000000000002,0.015560175648296497,393.60000000000002,0.016362037248967894,393.60000000000002,0.015959241457067046,393.60000000000002,0.015883497367818727,393.60000000000002,0.016390944618227751,393.60000000000002,0.016128192738401024,393.60000000000002,0.015903715571831845,393.60000000000002,0.017621076100133096,393.60000000000002,0.016237930537541429,393.60000000000002,0.016021972991531241,393.60000000000002,0.016194739028339396,393.60000000000002,0.0154111458677721,393.60000000000002,0.016637377821859395,393.60000000000002,0.015858277595517237,393.60000000000002,0.016040453362495016,393.60000000000002,0.015726583759314357,393.60000000000002,0.016728720022379899,393.60000000000002,0.016482837838983411,393.60000000000002,0.016570619601061345,393.60000000000002,0.016045751633986929,393.60000000000002,0.016871434263285946,393.60000000000002,0.016825699583767791,393.60000000000002,0.016806922509600471,393.60000000000002,0.01571755550469215,393.60000000000002,0.015364436306299432,393.60000000000002,0.015821613556793231,393.60000000000002,0.015783889863770842,393.60000000000002,0.015316285614980968,393.60000000000002,0.015113722099302323,393.60000000000002,0.015006145994930616,393.60000000000002,0.015407203953782119,393.60000000000002,0.015606673278909489,393.60000000000002,0.015496850707425213,393.60000000000002,0.0156024770478879,393.60000000000002,0.015076167950967674,393.60000000000002,0.015542924476318845,393.60000000000002,0.015752736027398424,393.60000000000002,0.015367954358570059,393.60000000000002,0.015506175665250971,393.60000000000002,0.01554737502437205,393.60000000000002,0.015862049964819477,393.60000000000002,0.015891381195798682,393.60000000000002,0.015852089214414687,393.60000000000002,0.015005594974695457,393.60000000000002,0.0154973169553165,393.60000000000002,0.015708739180929614,393.60000000000002,0.015566915049634207,393.60000000000002,0.016253231945610066,393.60000000000002,0.016733085798089225,393.60000000000002,0.015712511550231855,393.60000000000002,0.016069191187067129,393.60000000000002,0.015846663784406977,393.60000000000002,0.017306231614997926,393.60000000000002,0.016197282198655509,393.60000000000002,0.015275594889923111
394.39999999999998,0.015699753312479338,394.39999999999998,0.016150954112730261,394.39999999999998,0.015546696845621084,394.39999999999998,0.016208726465078031,394.39999999999998,0.014835668811406967,394.39999999999998,0.015871544467332976,394.39999999999998,0.016182362266134294,394.39999999999998,0.015479218059900138,394.39999999999998,0.015759305884048388,394.39999999999998,0.015644100268728329,394.39999999999998,0.016154345006485084,394.39999999999998,0.016127090697930706,394.39999999999998,0.015747861617625869,394.39999999999998,0.01610271864906793,394.39999999999998,0.016328255469935486,394.39999999999998,0.015378974763273228,394.39999999999998,0.016936115561659169,394.39999999999998,0.015897145715181877,394.39999999999998,0.016105897611963071,394.39999999999998,0.016587234980459976,394.39999999999998,0.016084238278104152,394.39999999999998,0.016800140722090826,394.39999999999998,0.016348261743088933,394.39999999999998,0.016220170731500554,394.39999999999998,0.016098734348906008,394.39999999999998,0.016855878538185699,394.39999999999998,0.016537939862499258,394.39999999999998,0.016938531573459474,394.39999999999998,0.016749362088112375,394.39999999999998,0.01678666191941541,394.39999999999998,0.017447080864338816,394.39999999999998,0.016690784398497832,394.39999999999998,0.016036299517645368,394.39999999999998,0.015259318599899969,394.39999999999998,0.015938599391334574,394.39999999999998,0.016442570975644905,394.39999999999998,0.015212863355458914,394.39999999999998,0.015009452116341566,394.39999999999998,0.014962064376117936,394.39999999999998,0.015551316938362029,394.39999999999998,0.016354365351847616,394.39999999999998,0.016039393708196639,394.39999999999998,0.015759305884048391,394.39999999999998,0.01522112865898629,394.39999999999998,0.015781134762595052,394.39999999999998,0.015653552385069897,394.39999999999998,0.015780795673219567,394.39999999999998,0.015755406356230347,394.39999999999998,0.015569415833778388,394.39999999999998,0.01613162601832778,394.39999999999998,0.016262684061951627,394.39999999999998,0.016281884997838302,394.39999999999998,0.01555237659266041,394.39999999999998,0.015633800428948061,394.39999999999998,0.015818095504522605,394.39999999999998,0.015932283851716217,394.39999999999998,0.016463467358408992,394.39999999999998,0.016995880064087889,394.39999999999998,0.016202495697803548,394.39999999999998,0.016338767240575432,394.39999999999998,0.015731373396743045,394.39999999999998,0.017224002441443505,394.39999999999998,0.015610657579071402,394.39999999999998,0.015080618499020879
395.10000000000002,0.015865907106465585,395.10000000000002,0.016053465917279148,395.10000000000002,0.016096869357340862,395.10000000000002,0.016011206903859682,395.10000000000002,0.015157803718115004,395.10000000000002,0.015696065715520967,395.10000000000002,0.015987385875232064,395.10000000000002,0.01594037961055585,395.10000000000002,0.015587218025991199,395.10000000000002,0.016092545967803462,395.10000000000002,0.016288285309800529,395.10000000000002,0.015852428303790172,395.10000000000002,0.015585946440833144,395.10000000000002,0.015827208531488689,395.10000000000002,0.016514754626450669,395.10000000000002,0.01583674542017412,395.10000000000002,0.01720908250892229,395.10000000000002,0.01535290726753304,395.10000000000002,0.016319523918516824,395.10000000000002,0.016232038859642431,395.10000000000002,0.016182574196993971,395.10000000000002,0.016366106321473686,395.10000000000002,0.016359282147792104,395.10000000000002,0.016158286920475065,395.10000000000002,0.016148750031789626,395.10000000000002,0.016534591354916375,395.10000000000002,0.016876181514542697,395.10000000000002,0.016880038656188805,395.10000000000002,0.017296143706077328,395.10000000000002,0.016969770182175766,395.10000000000002,0.016788399752464753,395.10000000000002,0.016904410705051585,395.10000000000002,0.015757398506311304,395.10000000000002,0.014937183693191931,395.10000000000002,0.015872476963115553,395.10000000000002,0.015949195934318389,395.10000000000002,0.015213711078897619,395.10000000000002,0.015280723616727276,395.10000000000002,0.015577511592618025,395.10000000000002,0.016002305807753275,395.10000000000002,0.016172952535964669,395.10000000000002,0.01645647364003968,395.10000000000002,0.016004297957834233,395.10000000000002,0.015757737595686782,395.10000000000002,0.015479345218415944,395.10000000000002,0.015831574307198018,395.10000000000002,0.015579885218246398,395.10000000000002,0.015926646490848826,395.10000000000002,0.015187940286360979,395.10000000000002,0.016397811178081263,395.10000000000002,0.016899324364419353,395.10000000000002,0.016288666785347943,395.10000000000002,0.016121199020031705,395.10000000000002,0.015855056246450158,395.10000000000002,0.01547391978840823,395.10000000000002,0.01573730746081398,395.10000000000002,0.016839856565194166,395.10000000000002,0.01658727736663191,395.10000000000002,0.016033798733501189,395.10000000000002,0.016343853581207664,395.10000000000002,0.01531853208209354,395.10000000000002,0.016804379339284352,395.10000000000002,0.016157439197036359,395.10000000000002,0.01539258072446445
395.89999999999998,0.015915922789349207,395.89999999999998,0.016178081262768835,395.89999999999998,0.01581033883505845,395.89999999999998,0.016069699821130351,395.89999999999998,0.015459593262294111,395.89999999999998,0.015727431482753063,395.89999999999998,0.016260352822495189,395.89999999999998,0.015942922780871966,395.89999999999998,0.015802539779422361,395.89999999999998,0.016400269576053509,395.89999999999998,0.015382068953824504,395.89999999999998,0.016127938421369413,395.89999999999998,0.015766511533277381,395.89999999999998,0.015456753388774449,395.89999999999998,0.016485932029534682,395.89999999999998,0.015003433279926755,395.89999999999998,0.016012097013470328,395.89999999999998,0.015648762747641206,395.89999999999998,0.015787153599009857,395.89999999999998,0.016772038690097739,395.89999999999998,0.015873155141866515,395.89999999999998,0.016575494010833903,395.89999999999998,0.016599187880945721,395.89999999999998,0.015876842738824885,395.89999999999998,0.016278451717911546,395.89999999999998,0.016827903664708425,395.89999999999998,0.01644299483736426,395.89999999999998,0.016531624322880901,395.89999999999998,0.017395327348405855,395.89999999999998,0.01688245466798911,395.89999999999998,0.017080864338818103,395.89999999999998,0.016837440553393861,395.89999999999998,0.015631935437382911,395.89999999999998,0.015321202410925458,395.89999999999998,0.015904690453786355,395.89999999999998,0.015504141128998075,395.89999999999998,0.014666081737493957,395.89999999999998,0.014614412993904868,395.89999999999998,0.016011545993235166,395.89999999999998,0.016351567864499886,395.89999999999998,0.016172104812525963,395.89999999999998,0.016028373303493472,395.89999999999998,0.01586272814357044,395.89999999999998,0.016624958673482359,395.89999999999998,0.015687885184337464,395.89999999999998,0.015845985605656015,395.89999999999998,0.015757907140374523,395.89999999999998,0.015752015462475524,395.89999999999998,0.01541936878512754,395.89999999999998,0.016056178632283001,395.89999999999998,0.016199104804048726,395.89999999999998,0.015892779939472544,395.89999999999998,0.016225469002992467,395.89999999999998,0.015743156752541052,395.89999999999998,0.015819790951400015,395.89999999999998,0.015703398523265768,395.89999999999998,0.017021269381077116,395.89999999999998,0.016565236557225565,395.89999999999998,0.016522935157634176,395.89999999999998,0.016056475335486549,395.89999999999998,0.015906852148555056,395.89999999999998,0.016327958766731942,395.89999999999998,0.016305790798809793,395.89999999999998,0.015614684265405255
396.60000000000002,0.016170239820960813,396.60000000000002,0.015811017013809416,396.60000000000002,0.015964624500902823,396.60000000000002,0.015694158337783877,396.60000000000002,0.015496893093597145,396.60000000000002,0.016083475327009315,396.60000000000002,0.016327322974152909,396.60000000000002,0.016434602375321072,396.60000000000002,0.015887312123292897,396.60000000000002,0.016257004314912303,396.60000000000002,0.015234565075489773,396.60000000000002,0.016026211608724774,396.60000000000002,0.015938599391334574,396.60000000000002,0.015081211905427975,396.60000000000002,0.016265523935471291,396.60000000000002,0.015501046938446799,396.60000000000002,0.016136712358960012,396.60000000000002,0.015873409458898129,396.60000000000002,0.016100811271330843,396.60000000000002,0.016788993158871848,396.60000000000002,0.015560345192984241,396.60000000000002,0.01661703245933047,396.60000000000002,0.016641574052880994,396.60000000000002,0.01596924459364377,396.60000000000002,0.016631952391851678,396.60000000000002,0.016898264710120969,396.60000000000002,0.016638818951705197,396.60000000000002,0.016262895992811305,396.60000000000002,0.01699689733221434,396.60000000000002,0.016937556691504964,396.60000000000002,0.016849435840051542,396.60000000000002,0.017181616269508235,396.60000000000002,0.015884557022117111,396.60000000000002,0.015551783186253311,396.60000000000002,0.015693607317548722,396.60000000000002,0.015381221230385799,396.60000000000002,0.014900901130015343,396.60000000000002,0.015279875893288575,396.60000000000002,0.015875062519603605,396.60000000000002,0.016400735823944794,396.60000000000002,0.015660927578986635,396.60000000000002,0.016113993370802712,396.60000000000002,0.015905114315505706,396.60000000000002,0.016489322923289505,396.60000000000002,0.015804023295440093,396.60000000000002,0.016241024728092707,396.60000000000002,0.015748582182548765,396.60000000000002,0.01577151310156575,396.60000000000002,0.01549990251180455,396.60000000000002,0.016224875596585371,396.60000000000002,0.016356781363647922,396.60000000000002,0.015743580614260403,396.60000000000002,0.015699032747556435,396.60000000000002,0.015570221171045161,396.60000000000002,0.015849461271754704,396.60000000000002,0.015712723481091529,396.60000000000002,0.016714393496265776,396.60000000000002,0.017019616320371637,396.60000000000002,0.015898162983308328,396.60000000000002,0.016517636886142266,396.60000000000002,0.016278155014708005,396.60000000000002,0.016097377991404083,396.60000000000002,0.016327831608216135,396.60000000000002,0.016871858125005298
397.39999999999998,0.016021888219187375,397.39999999999998,0.016138238261149684,397.39999999999998,0.016067199036986172,397.39999999999998,0.015761128489441605,397.39999999999998,0.015210362571314735,397.39999999999998,0.015892737553300611,397.39999999999998,0.016635894305841663,397.39999999999998,0.016429516034688837,397.39999999999998,0.015710137924603473,397.39999999999998,0.016095936861558288,397.39999999999998,0.01533713961157312,397.39999999999998,0.015831235217822537,397.39999999999998,0.016415019963886984,397.39999999999998,0.015636470757779981,397.39999999999998,0.016230767274484369,397.39999999999998,0.015201800564583808,397.39999999999998,0.015708612022413804,397.39999999999998,0.016069233573239066,397.39999999999998,0.016167781422988563,397.39999999999998,0.01665590057899511,397.39999999999998,0.015148351601773438,397.39999999999998,0.017099387095953815,397.39999999999998,0.01674075769520952,397.39999999999998,0.015834456566889615,397.39999999999998,0.016636191009045207,397.39999999999998,0.016557479887761416,397.39999999999998,0.016174266507294661,397.39999999999998,0.016078092283173535,397.39999999999998,0.016752752981867194,397.39999999999998,0.016352627518798266,397.39999999999998,0.017080016615379397,397.39999999999998,0.016784033976755423,397.39999999999998,0.015767571187575768,397.39999999999998,0.015372913540686482,397.39999999999998,0.016198002763578405,397.39999999999998,0.01549820706492714,397.39999999999998,0.014807651551757754,397.39999999999998,0.015168824122818171,397.39999999999998,0.015698736044352894,397.39999999999998,0.016528742063189304,397.39999999999998,0.015804192840127837,397.39999999999998,0.016011418834719366,397.39999999999998,0.015928002848350751,397.39999999999998,0.016185837932232987,397.39999999999998,0.016095640158354737,397.39999999999998,0.016068936870035518,397.39999999999998,0.015931690445309121,397.39999999999998,0.015372235361935525,397.39999999999998,0.015565177216584861,397.39999999999998,0.015633164636369028,397.39999999999998,0.016013453370972253,397.39999999999998,0.015841916533150226,397.39999999999998,0.015546442528589473,397.39999999999998,0.015410001441129847,397.39999999999998,0.015658723498046,397.39999999999998,0.015518594813628002,397.39999999999998,0.016537219297576358,397.39999999999998,0.017022159490687753,397.39999999999998,0.015643845951696718,397.39999999999998,0.016429473648516907,397.39999999999998,0.016568924154183942,397.39999999999998,0.016059230436662346,397.39999999999998,0.016350720141061179,397.39999999999998,0.016619236540271101
398.10000000000002,0.015905750108084739,398.10000000000002,0.015744046862151695,398.10000000000002,0.016527512864203182,398.10000000000002,0.015961191220976063,398.10000000000002,0.015551995117112995,398.10000000000002,0.015879173978281324,398.10000000000002,0.016384968167984879,398.10000000000002,0.016102294787348575,398.10000000000002,0.01587713944202843,398.10000000000002,0.016318040402499085,398.10000000000002,0.015766935394996736,398.10000000000002,0.016007561693073255,398.10000000000002,0.016320074938751983,398.10000000000002,0.01593232623788815,398.10000000000002,0.016362164407483698,398.10000000000002,0.015879131592109387,398.10000000000002,0.0161028034214118,398.10000000000002,0.015893754821427061,398.10000000000002,0.016242381085594636,398.10000000000002,0.016545696531963413,398.10000000000002,0.015640031196222547,398.10000000000002,0.01692560379101922,398.10000000000002,0.016627162754423001,398.10000000000002,0.015714079838593457,398.10000000000002,0.017149911412900655,398.10000000000002,0.016352330815594718,398.10000000000002,0.016283622830887651,398.10000000000002,0.016400227189881576,398.10000000000002,0.016968922458737063,398.10000000000002,0.016012690419877417,398.10000000000002,0.016779922518077701,398.10000000000002,0.017214677483617748,398.10000000000002,0.016418622788501484,398.10000000000002,0.015148266829429564,398.10000000000002,0.016211566338597695,398.10000000000002,0.016016166085976113,398.10000000000002,0.015093334350601458,398.10000000000002,0.01516712867594076,398.10000000000002,0.015569034358230972,398.10000000000002,0.016386324525486804,398.10000000000002,0.015988148826326903,398.10000000000002,0.016562439069877845,398.10000000000002,0.016061943151666199,398.10000000000002,0.015628035909564859,398.10000000000002,0.015678560226511703,398.10000000000002,0.016082500445054805,398.10000000000002,0.016071564812695505,398.10000000000002,0.015578232157540926,398.10000000000002,0.015632995091681288,398.10000000000002,0.016301170706068853,398.10000000000002,0.016395776641828369,398.10000000000002,0.016202198994600001,398.10000000000002,0.015656646575621169,398.10000000000002,0.015432042250536186,398.10000000000002,0.016060544407992337,398.10000000000002,0.016134889753566795,398.10000000000002,0.016849181523019927,398.10000000000002,0.017349380738028025,398.10000000000002,0.015397158431033462,398.10000000000002,0.016924544136720836,398.10000000000002,0.016641828369912601,398.10000000000002,0.016246577316616231,398.10000000000002,0.016138789281384836,398.10000000000002,0.017032925578359316
398.89999999999998,0.015757398506311304,398.89999999999998,0.016111958834549817,398.89999999999998,0.016605503420564077,398.89999999999998,0.016162101675949236,398.89999999999998,0.01589617083322737,398.89999999999998,0.015498546154302619,398.89999999999998,0.01648160863999729,398.89999999999998,0.016284555326670225,398.89999999999998,0.015332900994379593,398.89999999999998,0.016708840907742255,398.89999999999998,0.016262005883200665,398.89999999999998,0.015730356128616601,398.89999999999998,0.016445538007680376,398.89999999999998,0.01620105456795775,398.89999999999998,0.01624178767918754,398.89999999999998,0.015701109669981266,398.89999999999998,0.01655040139704823,398.89999999999998,0.016197239812483576,398.89999999999998,0.015893119028848029,398.89999999999998,0.016190500411145867,398.89999999999998,0.015595101853971161,398.89999999999998,0.016990878495799531,398.89999999999998,0.016675482990429202,398.89999999999998,0.015812415757483277,398.89999999999998,0.017126175156616904,398.89999999999998,0.015846239922687622,398.89999999999998,0.016480294668667291,398.89999999999998,0.016208641692734161,398.89999999999998,0.017291057365445096,398.89999999999998,0.016427227181404335,398.89999999999998,0.016864694861948231,398.89999999999998,0.016932385578528861,398.89999999999998,0.015626849096750682,398.89999999999998,0.014987199376075549,398.89999999999998,0.016214109508913808,398.89999999999998,0.015679619880810083,398.89999999999998,0.015568907199715161,398.89999999999998,0.015042513330451073,398.89999999999998,0.015794528792926598,398.89999999999998,0.016047235150004661,398.89999999999998,0.016134804981222932,398.89999999999998,0.016125013775505879,398.89999999999998,0.016328128311419682,398.89999999999998,0.016011206903859685,398.89999999999998,0.015581072031060586,398.89999999999998,0.015707806685147041,398.89999999999998,0.015951188084399347,398.89999999999998,0.016049566389461103,398.89999999999998,0.015767783118435443,398.89999999999998,0.016359663623339522,398.89999999999998,0.01605583954290752,398.89999999999998,0.016200503547722588,398.89999999999998,0.015681230555343626,398.89999999999998,0.016029687274823463,398.89999999999998,0.015735866330968188,398.89999999999998,0.016078092283173535,398.89999999999998,0.01706196010613497,398.89999999999998,0.016873807888914318,398.89999999999998,0.016127896035197476,398.89999999999998,0.016274340259233827,398.89999999999998,0.016431592957113671,398.89999999999998,0.016551757754550159,398.89999999999998,0.016265947797190643,398.89999999999998,0.016302187974195297
399.60000000000002,0.015992217898832688,399.60000000000002,0.016812178394920444,399.60000000000002,0.016919161092885056,399.60000000000002,0.016494409263921733,399.60000000000002,0.016425997982418221,399.60000000000002,0.016062282241041684,399.60000000000002,0.016763052821647466,399.60000000000002,0.015719123793053753,399.60000000000002,0.015712681094919596,399.60000000000002,0.01712592083958529,399.60000000000002,0.016032272831311513,399.60000000000002,0.016329696599781288,399.60000000000002,0.016142900740062562,399.60000000000002,0.015778040572043777,399.60000000000002,0.016178208421284639,399.60000000000002,0.016074107983011624,399.60000000000002,0.016573289929893271,399.60000000000002,0.016771148580487106,399.60000000000002,0.016044861524376286,399.60000000000002,0.01687885184337462,399.60000000000002,0.016170706068852098,399.60000000000002,0.017221459271127389,399.60000000000002,0.016800098335918889,399.60000000000002,0.016017564829649972,399.60000000000002,0.017483914447750562,399.60000000000002,0.016787212939650565,399.60000000000002,0.016798190958181802,399.60000000000002,0.016566380983867823,399.60000000000002,0.017786127853649025,399.60000000000002,0.016832438985105499,399.60000000000002,0.017497096547222434,399.60000000000002,0.017525791985622614,399.60000000000002,0.016071056178632286,399.60000000000002,0.016188423488721043,399.60000000000002,0.015869933792799433,399.60000000000002,0.015739808244958162,399.60000000000002,0.01588002170172003,399.60000000000002,0.015140849249340893,399.60000000000002,0.016124293210582979,399.60000000000002,0.015584378152471535,399.60000000000002,0.016303501945525291,399.60000000000002,0.016212329289692531,399.60000000000002,0.016471393572560888,399.60000000000002,0.016265523935471291,399.60000000000002,0.015698905589040631,399.60000000000002,0.015940930630791016,399.60000000000002,0.016239414053559168,399.60000000000002,0.016445453235336503,399.60000000000002,0.015927155124912048,399.60000000000002,0.016642803251867112,399.60000000000002,0.015895619812992205,399.60000000000002,0.01645736374965031,399.60000000000002,0.015734637131982063,399.60000000000002,0.016457787611369668,399.60000000000002,0.016156337156566045,399.60000000000002,0.01670201673406068,399.60000000000002,0.017155209684392561,399.60000000000002,0.017143383942422621,399.60000000000002,0.016080423522629977,399.60000000000002,0.016214999618524451,399.60000000000002,0.016895297678085501,399.60000000000002,0.016621271076523999,399.60000000000002,0.016284597712842162,399.60000000000002,0.016872705848444004
400.39999999999998,0.016279596144553803,400.39999999999998,0.016852021396539595,400.39999999999998,0.016826759238066171,400.39999999999998,0.01594762764595678,400.39999999999998,0.016325966616650988,400.39999999999998,0.016336096911743515,400.39999999999998,0.016951247425040054,400.39999999999998,0.016156549087425715,400.39999999999998,0.015511770639946423,400.39999999999998,0.017010630451921367,400.39999999999998,0.016312869289522983,400.39999999999998,0.015609131676881733,400.39999999999998,0.016019980841450284,400.39999999999998,0.015950128430100966,400.39999999999998,0.015850987173944373,400.39999999999998,0.01619109381755296,400.39999999999998,0.016720793808228003,400.39999999999998,0.017121258360672416,400.39999999999998,0.016570450056373608,400.39999999999998,0.016984817273212788,400.39999999999998,0.015900282291905089,400.39999999999998,0.017255368208675598,400.39999999999998,0.016884870679789429,400.39999999999998,0.016788145435433142,400.39999999999998,0.017160084094165119,400.39999999999998,0.017183947508964674,400.39999999999998,0.0168931359833168,400.39999999999998,0.016893602231208088,400.39999999999998,0.017533506268914825,400.39999999999998,0.017209675915329382,400.39999999999998,0.017600518806744486,400.39999999999998,0.017175682205437297,400.39999999999998,0.015425938641777508,400.39999999999998,0.01655379229080305,400.39999999999998,0.015724973084780821,400.39999999999998,0.016167908581504371,400.39999999999998,0.016437823724388154,400.39999999999998,0.015823266617498707,400.39999999999998,0.016222629129472799,400.39999999999998,0.015816654374676806,400.39999999999998,0.016147520832803509,400.39999999999998,0.016172486288073377,400.39999999999998,0.016675694921288883,400.39999999999998,0.016546968117121467,400.39999999999998,0.016520349601146126,400.39999999999998,0.016758136025702974,400.39999999999998,0.016064783025185863,400.39999999999998,0.016771826759238065,400.39999999999998,0.016293371650432764,400.39999999999998,0.016597026186177023,400.39999999999998,0.016233013741596941,400.39999999999998,0.016657426481184776,400.39999999999998,0.015749048430440053,400.39999999999998,0.016874867543212702,400.39999999999998,0.016025787747005416,400.39999999999998,0.016880886379627511,400.39999999999998,0.016590625874214796,400.39999999999998,0.017096759153293825,400.39999999999998,0.016102464332036315,400.39999999999998,0.016343005857768964,400.39999999999998,0.016446004255571665,400.39999999999998,0.016915431109754756,400.39999999999998,0.016431253867738187,400.39999999999998,0.017227901969261546
401.10000000000002,0.015904054661207326,401.10000000000002,0.016815569288675263,401.10000000000002,0.016474106287564745,401.10000000000002,0.015822164577028387,401.10000000000002,0.016126751608555225,401.10000000000002,0.015965641769029277,401.10000000000002,0.017141137475310059,401.10000000000002,0.015736925985266565,401.10000000000002,0.015365114485050395,401.10000000000002,0.01677581105939998,401.10000000000002,0.015912743826454055,401.10000000000002,0.015440434712579366,401.10000000000002,0.015708018616006712,401.10000000000002,0.016065418817764895,401.10000000000002,0.015789103362918881,401.10000000000002,0.016254673075455865,401.10000000000002,0.01604685367445724,401.10000000000002,0.016610081127133084,401.10000000000002,0.016687435890914946,401.10000000000002,0.01748158320829413,401.10000000000002,0.01610458364063308,401.10000000000002,0.017227393335198321,401.10000000000002,0.016279596144553803,401.10000000000002,0.016816120308910422,401.10000000000002,0.017133804667565252,401.10000000000002,0.017357730813899276,401.10000000000002,0.016563371565660418,401.10000000000002,0.017152157880013223,401.10000000000002,0.017278341513864516,401.10000000000002,0.01664593982859032,401.10000000000002,0.01720802285462391,401.10000000000002,0.017326576977526851,401.10000000000002,0.015769266634453178,401.10000000000002,0.017067512694658494,401.10000000000002,0.015640200740910288,401.10000000000002,0.015766935394996736,401.10000000000002,0.015539236879360475,401.10000000000002,0.015679153632918798,401.10000000000002,0.015816569602332936,401.10000000000002,0.015881929079457117,401.10000000000002,0.015660079855547928,401.10000000000002,0.016483600790078243,401.10000000000002,0.016355255461458256,401.10000000000002,0.016217203699465086,401.10000000000002,0.016412688724430542,401.10000000000002,0.016650475148987397,401.10000000000002,0.015926604104676889,401.10000000000002,0.015786772123462443,401.10000000000002,0.016172994922136599,401.10000000000002,0.016035833269754076,401.10000000000002,0.016238100082229177,401.10000000000002,0.016657426481184776,401.10000000000002,0.016047447080864339,401.10000000000002,0.01633910632995092,401.10000000000002,0.01607834660020515,401.10000000000002,0.016864779634292108,401.10000000000002,0.016744911540059172,401.10000000000002,0.016441468935174588,401.10000000000002,0.015800674787857211,401.10000000000002,0.016311640090536865,401.10000000000002,0.016512974407229389,401.10000000000002,0.01662974831091105,401.10000000000002,0.016430406144299484,401.10000000000002,0.017503412086840787
401.89999999999998,0.015992217898832688,401.89999999999998,0.016050922746963028,401.89999999999998,0.016396963454642553,401.89999999999998,0.015644990378338972,401.89999999999998,0.015753753295524867,401.89999999999998,0.016030916473809585,401.89999999999998,0.016704559904376796,401.89999999999998,0.016118401532683974,401.89999999999998,0.015465145850817629,401.89999999999998,0.016440960301111366,401.89999999999998,0.01604498868289209,401.89999999999998,0.015146274679348606,401.89999999999998,0.01586993379279944,401.89999999999998,0.016330756254079669,401.89999999999998,0.015959495774098657,401.89999999999998,0.01627162754422997,401.89999999999998,0.016389333943694205,401.89999999999998,0.016361698159592413,401.89999999999998,0.016234751574646291,401.89999999999998,0.017053482871747922,401.89999999999998,0.016260564753354866,401.89999999999998,0.017013767028644572,401.89999999999998,0.016076142519264515,401.89999999999998,0.016881395013690736,401.89999999999998,0.017115154751913737,401.89999999999998,0.016944041775811058,401.89999999999998,0.016367547451319481,401.89999999999998,0.01691394759373702,401.89999999999998,0.016996897332214336,401.89999999999998,0.016558624314403671,401.89999999999998,0.016680738875749175,401.89999999999998,0.017073955392792654,401.89999999999998,0.015948984003458715,401.89999999999998,0.015923086052406263,401.89999999999998,0.015455397031272517,401.89999999999998,0.01605685681103397,401.89999999999998,0.015902062511126368,401.89999999999998,0.015536736095216296,401.89999999999998,0.015507150547205483,401.89999999999998,0.015858192823173366,401.89999999999998,0.015584632469503153,401.89999999999998,0.016492078024465298,401.89999999999998,0.016249290031620081,401.89999999999998,0.016069699821130354,401.89999999999998,0.016318591422734247,401.89999999999998,0.016614870764561772,401.89999999999998,0.015478158405601754,401.89999999999998,0.015496002983986507,401.89999999999998,0.016334910098929324,401.89999999999998,0.016247764129430416,401.89999999999998,0.016649245950001276,401.89999999999998,0.016344616532302497,401.89999999999998,0.015761764282020634,401.89999999999998,0.015850817629256633,401.89999999999998,0.016192789264430373,401.89999999999998,0.016825784356111661,401.89999999999998,0.016384629078609395,401.89999999999998,0.016515220874341954,401.89999999999998,0.016344065512067345,401.89999999999998,0.016188720191924588,401.89999999999998,0.016316302569449746,401.89999999999998,0.017038351008367029,401.89999999999998,0.016193043581461983,401.89999999999998,0.017083788984681637
402.60000000000002,0.016116833244322375,402.60000000000002,0.016191644837788122,402.60000000000002,0.016453760925035817,402.60000000000002,0.016175665250968523,402.60000000000002,0.015039970160134961,402.60000000000002,0.015459550876122176,402.60000000000002,0.016639285199596482,402.60000000000002,0.015690301196137773,402.60000000000002,0.01547531853208209,402.60000000000002,0.016414680874511499,402.60000000000002,0.015915286996770171,402.60000000000002,0.015664233700397583,402.60000000000002,0.016518442223409036,402.60000000000002,0.016327365360324846,402.60000000000002,0.01551359324533964,402.60000000000002,0.01593592906250265,402.60000000000002,0.015873918092961351,402.60000000000002,0.0161531581936709,402.60000000000002,0.015631172486288075,402.60000000000002,0.016874613226181091,402.60000000000002,0.016187660537626204,402.60000000000002,0.016713672931342873,402.60000000000002,0.016148199011554468,402.60000000000002,0.016245602434661714,402.60000000000002,0.017166865881674757,402.60000000000002,0.016803319684985971,402.60000000000002,0.016161550655714077,402.60000000000002,0.016765595991963582,402.60000000000002,0.017236803065367953,402.60000000000002,0.016141544382560633,402.60000000000002,0.016875715266651405,402.60000000000002,0.017016310198960691,402.60000000000002,0.016348261743088937,402.60000000000002,0.015819663792884211,402.60000000000002,0.015006951332197383,402.60000000000002,0.015461754957062807,402.60000000000002,0.015685893034256507,402.60000000000002,0.015078965438315403,402.60000000000002,0.015948814458770971,402.60000000000002,0.015842086077837964,402.60000000000002,0.015121775471970024,402.60000000000002,0.016207242949060299,402.60000000000002,0.016486652594457585,402.60000000000002,0.016145994930613836,402.60000000000002,0.01610920373337402,402.60000000000002,0.015789188135262752,402.60000000000002,0.015450183532124479,402.60000000000002,0.015448530471419003,402.60000000000002,0.016267092223832897,402.60000000000002,0.016041767333825011,402.60000000000002,0.01625420682756458,402.60000000000002,0.016351398319812142,402.60000000000002,0.015771089239846395,402.60000000000002,0.01558971881013538,402.60000000000002,0.015891847443689974,402.60000000000002,0.016648610157422243,402.60000000000002,0.016502462636589436,402.60000000000002,0.016088815984673158,402.60000000000002,0.016089748480455739,402.60000000000002,0.015952205352525794,402.60000000000002,0.016336647931978671,402.60000000000002,0.016784033976755427,402.60000000000002,0.016833074777684528,402.60000000000002,0.016815908378050744
403.39999999999998,0.016525435941778358,403.39999999999998,0.016167908581504371,403.39999999999998,0.016282520790417334,403.39999999999998,0.016359621237167585,403.39999999999998,0.015408729855971789,403.39999999999998,0.016408153404033468,403.39999999999998,0.016051812856573672,403.39999999999998,0.016254885006315535,403.39999999999998,0.016178081262768835,403.39999999999998,0.016253613421157484,403.39999999999998,0.016166213134626958,403.39999999999998,0.016017734374337719,403.39999999999998,0.016815993150394615,403.39999999999998,0.016580834668497749,403.39999999999998,0.015763671659757717,403.39999999999998,0.015395081508608629,403.39999999999998,0.016606351144002784,403.39999999999998,0.016454100014411298,403.39999999999998,0.01566253825352017,403.39999999999998,0.016599950832040553,403.39999999999998,0.015940973016962949,403.39999999999998,0.016787424870510242,403.39999999999998,0.016664462585726035,403.39999999999998,0.016439731102125241,403.39999999999998,0.017459330468028108,403.39999999999998,0.016941498605494942,403.39999999999998,0.016576087417240998,403.39999999999998,0.016974135957885099,403.39999999999998,0.01761319227215313,403.39999999999998,0.016104244551257595,403.39999999999998,0.017005416952773324,403.39999999999998,0.017030721497418681,403.39999999999998,0.01675516899366751,403.39999999999998,0.015569585378466129,403.39999999999998,0.015302806812305553,403.39999999999998,0.015535506896230173,403.39999999999998,0.016643820519993555,403.39999999999998,0.015128981121199018,403.39999999999998,0.015790290175733072,403.39999999999998,0.015897188101353814,403.39999999999998,0.016045794020158863,403.39999999999998,0.015696913438959674,403.39999999999998,0.016630765579037494,403.39999999999998,0.016290107915193745,403.39999999999998,0.016466943024507685,403.39999999999998,0.015953646482371589,403.39999999999998,0.015879979315548094,403.39999999999998,0.015930885108042352,403.39999999999998,0.016103481600162759,403.39999999999998,0.016501233437603319,403.39999999999998,0.01647461492162797,403.39999999999998,0.016483643176250177,403.39999999999998,0.015712596322575725,403.39999999999998,0.015680425218076853,403.39999999999998,0.016071564812695505,403.39999999999998,0.016669803243389875,403.39999999999998,0.016205759433042564,403.39999999999998,0.016682222391766911,403.39999999999998,0.016084662139823503,403.39999999999998,0.016757542619295879,403.39999999999998,0.016445156532132958,403.39999999999998,0.01686711087374855,403.39999999999998,0.016633012046150066,403.39999999999998,0.016786238057696055
404.10000000000002,0.01695268855488586,404.10000000000002,0.016652806388443839,404.10000000000002,0.016285911684172157,404.10000000000002,0.016775853445571913,404.10000000000002,0.015412968473165315,404.10000000000002,0.016053805006654626,404.10000000000002,0.016127260242618447,404.10000000000002,0.015947161398065495,404.10000000000002,0.016209447030000934,404.10000000000002,0.016652891160787706,404.10000000000002,0.016522256978883206,404.10000000000002,0.016133024762001642,404.10000000000002,0.017548426201436047,404.10000000000002,0.016887710553309093,404.10000000000002,0.015679747039325887,404.10000000000002,0.015729084543458543,404.10000000000002,0.016988674414858899,404.10000000000002,0.016687223960055276,404.10000000000002,0.01665776557056026,404.10000000000002,0.016480421827183102,404.10000000000002,0.015717174029144729,404.10000000000002,0.016438162813763636,404.10000000000002,0.017097649262904472,404.10000000000002,0.016788145435433142,404.10000000000002,0.017510193874350429,404.10000000000002,0.016776192534947398,404.10000000000002,0.016888897366123274,404.10000000000002,0.017053821961123403,404.10000000000002,0.017263930215406526,404.10000000000002,0.016780727855344475,404.10000000000002,0.017081712062256806,404.10000000000002,0.017182463992946938,404.10000000000002,0.01647372481201733,404.10000000000002,0.016133321465205196,404.10000000000002,0.015422335817163004,404.10000000000002,0.015657579071403745,404.10000000000002,0.016364919508659499,404.10000000000002,0.015194255825979332,404.10000000000002,0.016122597763705566,404.10000000000002,0.016235429753397253,404.10000000000002,0.0162416181344998,404.10000000000002,0.015414621533870793,404.10000000000002,0.016857107737171827,404.10000000000002,0.016535947712418297,404.10000000000002,0.017165467138000899,404.10000000000002,0.016015530293397081,404.10000000000002,0.015846070377999885,404.10000000000002,0.015927494214287529,404.10000000000002,0.016242508244110443,404.10000000000002,0.016886947602214254,404.10000000000002,0.016134677822707118,404.10000000000002,0.016949891067538123,404.10000000000002,0.015881293286878092,404.10000000000002,0.015979671591939849,404.10000000000002,0.016240261776997875,404.10000000000002,0.016450242872765187,404.10000000000002,0.016789840882310551,404.10000000000002,0.016476225596161506,404.10000000000002,0.015952417283385471,404.10000000000002,0.017195815637106548,404.10000000000002,0.016162864627044075,404.10000000000002,0.016756059103278147,404.10000000000002,0.01721624577197935,404.10000000000002,0.017001559811127217
404.89999999999998,0.016548324474623403,404.89999999999998,0.016851173673100892,404.89999999999998,0.016293541195120505,404.89999999999998,0.017002195603706246,404.89999999999998,0.016292057679102769,404.89999999999998,0.016717572459160921,404.89999999999998,0.016165407797360188,404.89999999999998,0.016342200520502191,404.89999999999998,0.016783355798004457,404.89999999999998,0.016869908361096274,404.89999999999998,0.016670608580656644,404.89999999999998,0.016288158151284725,404.89999999999998,0.017211879996270017,404.89999999999998,0.016994523706585968,404.89999999999998,0.016336732704322541,404.89999999999998,0.016259759416088093,404.89999999999998,0.017575299034443003,404.89999999999998,0.017021226994905183,404.89999999999998,0.017068911438332359,404.89999999999998,0.017096716767121895,404.89999999999998,0.016442825292676516,404.89999999999998,0.016823876978374577,404.89999999999998,0.017536770004153844,404.89999999999998,0.017263718284546849,404.89999999999998,0.017726363351220294,404.89999999999998,0.017105109229165076,404.89999999999998,0.017608614565584126,404.89999999999998,0.017198782669142019,404.89999999999998,0.017597085526817727,404.89999999999998,0.017783584683332906,404.89999999999998,0.017587802955163906,404.89999999999998,0.017833515593872657,404.89999999999998,0.016243144036689472,404.89999999999998,0.016237591448165951,404.89999999999998,0.016059823843069438,404.89999999999998,0.015501597958681956,404.89999999999998,0.016019048345667707,404.89999999999998,0.015739341997066877,404.89999999999998,0.015663131659927266,404.89999999999998,0.016493137678763679,404.89999999999998,0.016829090477522613,404.89999999999998,0.016213177013131241,404.89999999999998,0.01639594618651611,404.89999999999998,0.0168046760424879,404.89999999999998,0.017123080966065633,404.89999999999998,0.016515687122233242,404.89999999999998,0.016269084373913854,404.89999999999998,0.015776599442197978,404.89999999999998,0.016248442308181382,404.89999999999998,0.016834388749014523,404.89999999999998,0.016470376304434438,404.89999999999998,0.017088069988047096,404.89999999999998,0.016183082831057197,404.89999999999998,0.016064443935810385,404.89999999999998,0.0168463840356722,404.89999999999998,0.016636742029280362,404.89999999999998,0.016669464154014393,404.89999999999998,0.016923823571797936,404.89999999999998,0.016489026220085964,404.89999999999998,0.017075438908810386,404.89999999999998,0.016960572382865816,404.89999999999998,0.016693327568813952,404.89999999999998,0.017197595856327831,404.89999999999998,0.017096504836262218
405.60000000000002,0.016783143867144783,405.60000000000002,0.016880843993455578,405.60000000000002,0.016647889592499344,405.60000000000002,0.017054754456905977,405.60000000000002,0.016060629180336211,405.60000000000002,0.01619028848028619,405.60000000000002,0.016349363783559251,405.60000000000002,0.015858998160440136,405.60000000000002,0.016732492391682136,405.60000000000002,0.016892796893941318,405.60000000000002,0.016706212965082269,405.60000000000002,0.016046556971253699,405.60000000000002,0.017192382357179795,405.60000000000002,0.017181870586539846,405.60000000000002,0.015718742317506335,405.60000000000002,0.016659884879157025,405.60000000000002,0.017120919271296931,405.60000000000002,0.016676203555352102,405.60000000000002,0.017226587997931555,405.60000000000002,0.016482117274060511,405.60000000000002,0.01692941854649339,405.60000000000002,0.016544128243601811,405.60000000000002,0.017577460729211705,405.60000000000002,0.017255241050159794,405.60000000000002,0.017472046319608688,405.60000000000002,0.016944041775811058,405.60000000000002,0.01708896009765774,405.60000000000002,0.016687605435602691,405.60000000000002,0.017244432576316301,405.60000000000002,0.017561481142392105,405.60000000000002,0.017180895704585333,405.60000000000002,0.01755291913566118,405.60000000000002,0.01574722582504684,405.60000000000002,0.016293541195120508,405.60000000000002,0.015851283877147914,405.60000000000002,0.016234878733162095,405.60000000000002,0.015534998262166951,405.60000000000002,0.015929232047336876,405.60000000000002,0.016266710748285482,405.60000000000002,0.01686528826835533,405.60000000000002,0.016492544272356583,405.60000000000002,0.016664165882522487,405.60000000000002,0.016426464230309502,405.60000000000002,0.016645304036011294,405.60000000000002,0.016893347914176481,405.60000000000002,0.016459737375278689,405.60000000000002,0.01540949280706662,405.60000000000002,0.016271669930401907,405.60000000000002,0.016906275696616735,405.60000000000002,0.016640260081550996,405.60000000000002,0.016456812729415151,405.60000000000002,0.017273721421123569,405.60000000000002,0.01654929935657791,405.60000000000002,0.016434051355085921,405.60000000000002,0.016685316582318182,405.60000000000002,0.016808829887337555,405.60000000000002,0.016765256902588097,405.60000000000002,0.0172188313284674,405.60000000000002,0.016755211379839444,405.60000000000002,0.016190415638801997,405.60000000000002,0.016663869179318939,405.60000000000002,0.016886608512838772,405.60000000000002,0.017649432449157784,405.60000000000002,0.016799801632715342
406.39999999999998,0.016474572535456034,406.39999999999998,0.016949509591990711,406.39999999999998,0.016207073404372555,406.39999999999998,0.017150547205479684,406.39999999999998,0.016187787696142014,406.39999999999998,0.016606520688690521,406.39999999999998,0.016456176936836125,406.39999999999998,0.01645833863160482,406.39999999999998,0.016802005713655973,406.39999999999998,0.016184947822622347,406.39999999999998,0.016313717012961693,406.39999999999998,0.016261031001246155,406.39999999999998,0.016708332273679037,406.39999999999998,0.016707993184303552,406.39999999999998,0.015992556988208166,406.39999999999998,0.016765850308995193,406.39999999999998,0.016532599204835418,406.39999999999998,0.017029704229292238,406.39999999999998,0.016806964895772401,406.39999999999998,0.016642337003975823,406.39999999999998,0.016844646202622857,406.39999999999998,0.016989183048922121,406.39999999999998,0.017398591083644877,406.39999999999998,0.016978883209141846,406.39999999999998,0.017470350872731279,406.39999999999998,0.017351796749828334,406.39999999999998,0.017049964819477296,406.39999999999998,0.016754575587260411,406.39999999999998,0.017335138984257776,406.39999999999998,0.016695955511473938,406.39999999999998,0.017653925383382923,406.39999999999998,0.01759700075447386,406.39999999999998,0.016035451794206658,406.39999999999998,0.016528360587641889,406.39999999999998,0.015899604113154126,406.39999999999998,0.015825428312267405,406.39999999999998,0.015532455091850833,406.39999999999998,0.016026720242787989,406.39999999999998,0.016160745318447314,406.39999999999998,0.016640641557098414,406.39999999999998,0.016132261810906812,406.39999999999998,0.01699053940642405,406.39999999999998,0.01649173893508982,406.39999999999998,0.016596983800005082,406.39999999999998,0.016563583496520096,406.39999999999998,0.016569093698871679,406.39999999999998,0.015781643396658274,406.39999999999998,0.016502250705729766,406.39999999999998,0.016719776540101559,406.39999999999998,0.015823902410077736,406.39999999999998,0.016233861465035644,406.39999999999998,0.016824427998609733,406.39999999999998,0.016774793791273539,406.39999999999998,0.016091571085848952,406.39999999999998,0.016548833108686621,406.39999999999998,0.01719284860507108,406.39999999999998,0.016286293159719575,406.39999999999998,0.017077261514203603,406.39999999999998,0.016929842408212745,406.39999999999998,0.015947119011893558,406.39999999999998,0.017457338317947154,406.39999999999998,0.016437315090324936,406.39999999999998,0.017539228402126086,406.39999999999998,0.016570068580826193
407.10000000000002,0.016228732738231479,407.10000000000002,0.01621199020031705,407.10000000000002,0.015791688919406931,407.10000000000002,0.01672075142205607,407.10000000000002,0.015663046887583396,407.10000000000002,0.016124166052067176,407.10000000000002,0.016293414036604701,407.10000000000002,0.016132812831141968,407.10000000000002,0.016305239778574638,407.10000000000002,0.015394869577748955,407.10000000000002,0.016167908581504371,407.10000000000002,0.016022820714969951,407.10000000000002,0.016395522324796758,407.10000000000002,0.016257852038351013,407.10000000000002,0.01604681128828531,407.10000000000002,0.016632757729118451,407.10000000000002,0.01607398082449582,407.10000000000002,0.01667196493815858,407.10000000000002,0.016590795418902536,407.10000000000002,0.015819197544992919,407.10000000000002,0.016167315175097275,407.10000000000002,0.016499198901350421,407.10000000000002,0.016709391927977421,407.10000000000002,0.017017878487322297,407.10000000000002,0.017250790502106591,407.10000000000002,0.016647338572264185,407.10000000000002,0.016204784551088054,407.10000000000002,0.016586726346396748,407.10000000000002,0.016499283673694291,407.10000000000002,0.016165280638844384,407.10000000000002,0.016791790646219575,407.10000000000002,0.016807770233039174,407.10000000000002,0.015966786195671524,407.10000000000002,0.016039224163508899,407.10000000000002,0.015459635648466041,407.10000000000002,0.016466307231928656,407.10000000000002,0.016052957283215923,407.10000000000002,0.015670676398531744,407.10000000000002,0.016323508218678739,407.10000000000002,0.016210845773674796,407.10000000000002,0.015818604138585827,407.10000000000002,0.016613302476200166,407.10000000000002,0.016448505039715844,407.10000000000002,0.015145681272941514,407.10000000000002,0.01621093054601867,407.10000000000002,0.015968057780829582,407.10000000000002,0.015375583869518407,407.10000000000002,0.015955469087764806,407.10000000000002,0.016649415494689013,407.10000000000002,0.015849334113238897,407.10000000000002,0.015850690470740822,407.10000000000002,0.016208980782109639,407.10000000000002,0.01637805922195943,407.10000000000002,0.016026296381068644,407.10000000000002,0.015873197528038452,407.10000000000002,0.016961420106304519,407.10000000000002,0.015974330934276002,407.10000000000002,0.016739019862160167,407.10000000000002,0.016854395022167967,407.10000000000002,0.01624636538575655,407.10000000000002,0.016626569348015905,407.10000000000002,0.016472919474750561,407.10000000000002,0.016639793833659707,407.10000000000002,0.016120775158312353
407.89999999999998,0.016500004238617194,407.89999999999998,0.016535820553902496,407.89999999999998,0.015686571213007469,407.89999999999998,0.016682603867314325,407.89999999999998,0.015537583818655006,407.89999999999998,0.016102972966099541,407.89999999999998,0.016868170528046927,407.89999999999998,0.016285403050108928,407.89999999999998,0.016102633876724053,407.89999999999998,0.015224477166569177,407.89999999999998,0.016340844163000263,407.89999999999998,0.01636445326076821,407.89999999999998,0.016490467349931759,407.89999999999998,0.016135779863177435,407.89999999999998,0.016729228656443117,407.89999999999998,0.016988801573374703,407.89999999999998,0.016329145579546126,407.89999999999998,0.017148385510710986,407.89999999999998,0.016364453260768207,407.89999999999998,0.016848333799581224,407.89999999999998,0.016027440807710892,407.89999999999998,0.017112950670973102,407.89999999999998,0.016741605418648223,407.89999999999998,0.016832227054245825,407.89999999999998,0.017460178191466814,407.89999999999998,0.01681010147249561,407.89999999999998,0.016516746776531626,407.89999999999998,0.016918186210930546,407.89999999999998,0.016557776590964964,407.89999999999998,0.016221230385798934,407.89999999999998,0.01748861931283538,407.89999999999998,0.016835745106516451,407.89999999999998,0.015985436111323043,407.89999999999998,0.01612993057145037,407.89999999999998,0.01595131524291515,407.89999999999998,0.015993277553131065,407.89999999999998,0.016313208378898467,407.89999999999998,0.015803768978408485,407.89999999999998,0.016210761001330926,407.89999999999998,0.016130312046997785,407.89999999999998,0.01561006417266431,407.89999999999998,0.016954087298559718,407.89999999999998,0.016669760857217941,407.89999999999998,0.015361850749811379,407.89999999999998,0.016176173885031748,407.89999999999998,0.016166425065486639,407.89999999999998,0.016053762620482692,407.89999999999998,0.015799487975043023,407.89999999999998,0.016464611785051243,407.89999999999998,0.015580605783169301,407.89999999999998,0.016144002780532879,407.89999999999998,0.016258996464993257,407.89999999999998,0.01657557878317778,407.89999999999998,0.015815213244831008,407.89999999999998,0.015934233615625237,407.89999999999998,0.01660537626204827,407.89999999999998,0.015965005976450238,407.89999999999998,0.016339742122529945,407.89999999999998,0.016634834651543282,407.89999999999998,0.017222942787145118,407.89999999999998,0.017015674406381662,407.89999999999998,0.017019701092715514,407.89999999999998,0.017063655553012386,407.89999999999998,0.01688966031721811
408.60000000000002,0.016513567813636484,408.60000000000002,0.016077202173562899,408.60000000000002,0.016112976102676264,408.60000000000002,0.016662258504785397,408.60000000000002,0.015738494273628174,408.60000000000002,0.015905453404881194,408.60000000000002,0.016860541017098583,408.60000000000002,0.016170112662444999,408.60000000000002,0.015927155124912048,408.60000000000002,0.015298229105736543,408.60000000000002,0.0167579240948433,408.60000000000002,0.016373778218593968,408.60000000000002,0.016242932105829794,408.60000000000002,0.016533362155930251,408.60000000000002,0.016797046531539551,408.60000000000002,0.016368268016242381,408.60000000000002,0.016472410840687332,408.60000000000002,0.01654141552859795,408.60000000000002,0.016391580410806773,408.60000000000002,0.01678390681823962,408.60000000000002,0.0163139713299933,408.60000000000002,0.017040894178683146,408.60000000000002,0.016797555165602773,408.60000000000002,0.016942431101277518,408.60000000000002,0.017390664869492974,408.60000000000002,0.017029661843120301,408.60000000000002,0.016712570890872559,408.60000000000002,0.016963963276620635,408.60000000000002,0.016680696489577238,408.60000000000002,0.0165323448878038,408.60000000000002,0.017240236345294709,408.60000000000002,0.016408492493408949,408.60000000000002,0.015956613514407064,408.60000000000002,0.015645032764510906,408.60000000000002,0.016083560099353182,408.60000000000002,0.016243355967549149,408.60000000000002,0.016442910065020386,408.60000000000002,0.016021633902155764,408.60000000000002,0.016244669938879144,408.60000000000002,0.016133702940752611,408.60000000000002,0.015884726566804848,408.60000000000002,0.016735374651373734,408.60000000000002,0.016244203690987852,408.60000000000002,0.015489856989055889,408.60000000000002,0.016189737460051031,408.60000000000002,0.015961275993319937,408.60000000000002,0.016018158236057067,408.60000000000002,0.01583848325322347,408.60000000000002,0.016778269457372225,408.60000000000002,0.015998533438451038,408.60000000000002,0.0165899053092919,408.60000000000002,0.016800691742325978,408.60000000000002,0.016695107788035235,408.60000000000002,0.016030534998262166,408.60000000000002,0.015946101743767111,408.60000000000002,0.016596051304222509,408.60000000000002,0.016158286920475062,408.60000000000002,0.016748344819985928,408.60000000000002,0.016512762476369711,408.60000000000002,0.017651890847130033,408.60000000000002,0.016722362096589612,408.60000000000002,0.017447801429261719,408.60000000000002,0.01648889906157015,408.60000000000002,0.016976128107966053
409.39999999999998,0.016774666632757732,409.39999999999998,0.016670608580656648,409.39999999999998,0.016277434449785105,409.39999999999998,0.017103074692912178,409.39999999999998,0.015561320074938755,409.39999999999998,0.016009723387841953,409.39999999999998,0.016917338487491839,409.39999999999998,0.016364241329908529,409.39999999999998,0.016066181768859725,409.39999999999998,0.015948432983223553,409.39999999999998,0.016997829827996913,409.39999999999998,0.016585709078270304,409.39999999999998,0.016485381009299523,409.39999999999998,0.017073361986385562,409.39999999999998,0.016641065418817762,409.39999999999998,0.016528487746157693,409.39999999999998,0.017219255190186751,409.39999999999998,0.016865245882183397,409.39999999999998,0.016650983783050615,409.39999999999998,0.017528207997422919,409.39999999999998,0.016886184651119417,409.39999999999998,0.017218916100811273,409.39999999999998,0.017328230038232331,409.39999999999998,0.016874613226181091,409.39999999999998,0.017586488983833911,409.39999999999998,0.017175470274577623,409.39999999999998,0.017327170383933947,409.39999999999998,0.016862236463975992,409.39999999999998,0.017242737129438891,409.39999999999998,0.016736646236531792,409.39999999999998,0.017705636513143951,409.39999999999998,0.016899324364419353,409.39999999999998,0.016021888219187378,409.39999999999998,0.01632660240923001,409.39999999999998,0.01624717072302332,409.39999999999998,0.016072115832930667,409.39999999999998,0.015954621364326099,409.39999999999998,0.016099624458516652,409.39999999999998,0.016135313615286147,409.39999999999998,0.016370217780151401,409.39999999999998,0.015686359282147795,409.39999999999998,0.01626234497257615,409.39999999999998,0.016505302510109104,409.39999999999998,0.016723294592372182,409.39999999999998,0.016362673041546927,409.39999999999998,0.016015530293397081,409.39999999999998,0.015739257224723007,409.39999999999998,0.016698922543509409,409.39999999999998,0.016737578732314368,409.39999999999998,0.015674703084865592,409.39999999999998,0.016878131278451718,409.39999999999998,0.017309325805549197,409.39999999999998,0.017085060569839699,409.39999999999998,0.01604240312640404,409.39999999999998,0.015968990276612156,409.39999999999998,0.017156396497206749,409.39999999999998,0.016633859769588765,409.39999999999998,0.016982316489068606,409.39999999999998,0.016508523859176182,409.39999999999998,0.017669693039342845,409.39999999999998,0.01713859430499394,409.39999999999998,0.018074269050464976,409.39999999999998,0.01732899298932716,409.39999999999998,0.017276222205267752
410.10000000000002,0.016348261743088937,410.10000000000002,0.016521409255444503,410.10000000000002,0.016140950976153541,410.10000000000002,0.01734806676669803,410.10000000000002,0.016186092249264601,410.10000000000002,0.016505641599484585,410.10000000000002,0.016648610157422243,410.10000000000002,0.016405779778405089,410.10000000000002,0.01605685681103397,410.10000000000002,0.016161211566338599,410.10000000000002,0.016881691716894277,410.10000000000002,0.016712867594076107,410.10000000000002,0.016064062460262967,410.10000000000002,0.016512169069962616,410.10000000000002,0.01636979391843205,410.10000000000002,0.016556462619634969,410.10000000000002,0.017080228546239078,410.10000000000002,0.017327255156277817,410.10000000000002,0.016961250561616775,410.10000000000002,0.0171450370031281,410.10000000000002,0.016906530013648342,410.10000000000002,0.016904410705051585,410.10000000000002,0.01730279833507117,410.10000000000002,0.017163686918779619,410.10000000000002,0.017516127938421371,410.10000000000002,0.016830446835024541,410.10000000000002,0.017350058916778991,410.10000000000002,0.016632503412086837,410.10000000000002,0.017662360231598038,410.10000000000002,0.017215609979400314,410.10000000000002,0.017964192161949083,410.10000000000002,0.017284190805591581,410.10000000000002,0.016115985520883669,410.10000000000002,0.0161028034214118,410.10000000000002,0.01577075015047091,410.10000000000002,0.016390859845883881,410.10000000000002,0.015750320015598108,410.10000000000002,0.016002983986504241,410.10000000000002,0.01598187567288048,410.10000000000002,0.01580309079965752,410.10000000000002,0.015606673278909489,410.10000000000002,0.015762188143739989,410.10000000000002,0.01600429795783424,410.10000000000002,0.016861473512881156,410.10000000000002,0.016681417054500141,410.10000000000002,0.016155404660783468,410.10000000000002,0.015681612030891041,410.10000000000002,0.016661622712206371,410.10000000000002,0.016378143994303301,410.10000000000002,0.016022269694734789,410.10000000000002,0.016251663657248457,410.10000000000002,0.016921068470622143,410.10000000000002,0.016546756186261793,410.10000000000002,0.016144977662487389,410.10000000000002,0.015832506802980595,410.10000000000002,0.017570933258733667,410.10000000000002,0.016997533124793369,410.10000000000002,0.01716203385807414,410.10000000000002,0.016777252189245785,410.10000000000002,0.017120368251061772,410.10000000000002,0.017192000881632377,410.10000000000002,0.017578350838822344,410.10000000000002,0.017139102939057162,410.10000000000002,0.017021057450217442
410.89999999999998,0.016465247577630276,410.89999999999998,0.016643481430618078,410.89999999999998,0.016096021633902158,410.89999999999998,0.016694471995456199,410.89999999999998,0.015702889889202546,410.89999999999998,0.016085170773886728,410.89999999999998,0.016705407627815503,410.89999999999998,0.016738935089816297,410.89999999999998,0.01632304197078745,410.89999999999998,0.016713927248374495,410.89999999999998,0.017114815662538252,410.89999999999998,0.016407687156142176,410.89999999999998,0.016313293151242338,410.89999999999998,0.016393487788543867,410.89999999999998,0.016003577392911337,410.89999999999998,0.017008299212464922,410.89999999999998,0.016841170536524164,410.89999999999998,0.017392529861058131,410.89999999999998,0.017245237913583074,410.89999999999998,0.017405288098810649,410.89999999999998,0.01683277807448098,410.89999999999998,0.016640768715614221,410.89999999999998,0.017199376075549118,410.89999999999998,0.017195900409450422,410.89999999999998,0.017649220518298109,410.89999999999998,0.016459991692310296,410.89999999999998,0.017531471732661934,410.89999999999998,0.016674041860583404,410.89999999999998,0.017463992946940985,410.89999999999998,0.017828514025584292,410.89999999999998,0.018045573612064797,410.89999999999998,0.018081898561413325,410.89999999999998,0.015933724981562019,410.89999999999998,0.016201139340301624,410.89999999999998,0.015678348295652029,410.89999999999998,0.016456982274102899,410.89999999999998,0.015618075159160074,410.89999999999998,0.016400566279257057,410.89999999999998,0.01550715054720548,410.89999999999998,0.015992133126488815,410.89999999999998,0.015534616786619533,410.89999999999998,0.015887651212668382,410.89999999999998,0.016188253944033303,410.89999999999998,0.016708035570475486,410.89999999999998,0.016555953985571747,410.89999999999998,0.015744258793011369,410.89999999999998,0.015287420631893053,410.89999999999998,0.01663788645592262,410.89999999999998,0.016306087502013341,410.89999999999998,0.016295236641997918,410.89999999999998,0.016445792324711984,410.89999999999998,0.01696175919568,410.89999999999998,0.016354322965675683,410.89999999999998,0.016010189635733241,410.89999999999998,0.015969838000050862,410.89999999999998,0.017253884692657869,410.89999999999998,0.017052635148309216,410.89999999999998,0.017207810923764229,410.89999999999998,0.01698070581453507,410.89999999999998,0.016916066902333778,410.89999999999998,0.017056365131439519,410.89999999999998,0.017965760450310692,410.89999999999998,0.017686732280460825,410.89999999999998,0.017621245644820836
411.60000000000002,0.01650254740893331,411.60000000000002,0.016650263218127716,411.60000000000002,0.016239286895043361,411.60000000000002,0.016566465756211693,411.60000000000002,0.016404804896450586,411.60000000000002,0.016629409221535565,411.60000000000002,0.017099599026813492,411.60000000000002,0.016973754482337681,411.60000000000002,0.016774878563617406,411.60000000000002,0.017138636691165877,411.60000000000002,0.0168850826106491,411.60000000000002,0.016431423412425927,411.60000000000002,0.016505726371828455,411.60000000000002,0.01646554428083382,411.60000000000002,0.016333341810567722,411.60000000000002,0.016823495502827156,411.60000000000002,0.016372379474920099,411.60000000000002,0.017443393267380453,411.60000000000002,0.017465646007646465,411.60000000000002,0.017343404287785157,411.60000000000002,0.016942982121512677,411.60000000000002,0.017331663318159083,411.60000000000002,0.017035765451878983,411.60000000000002,0.017566355552164663,411.60000000000002,0.017555970940040518,411.60000000000002,0.016732110916134718,411.60000000000002,0.017640828056254925,411.60000000000002,0.016764748268524879,411.60000000000002,0.017946347583564337,411.60000000000002,0.017854793452184159,411.60000000000002,0.018753422683383772,411.60000000000002,0.018194645778761138,411.60000000000002,0.015960004408161883,411.60000000000002,0.016040071886947602,411.60000000000002,0.015815679492722296,411.60000000000002,0.016300153437942406,411.60000000000002,0.01515182726787213,411.60000000000002,0.01641497757771505,411.60000000000002,0.015626679552062935,411.60000000000002,0.016510939870976495,411.60000000000002,0.015615150513296544,411.60000000000002,0.01579694480472691,411.60000000000002,0.015951739104634509,411.60000000000002,0.016503734221747494,411.60000000000002,0.016651746734145451,411.60000000000002,0.016282563176589271,411.60000000000002,0.016022396853250596,411.60000000000002,0.01649716436509753,411.60000000000002,0.016061943151666203,411.60000000000002,0.016324059238913897,411.60000000000002,0.016466137687240916,411.60000000000002,0.017042292922357007,411.60000000000002,0.016614574061358221,411.60000000000002,0.016129718640590693,411.60000000000002,0.016074107983011624,411.60000000000002,0.01695548604223358,411.60000000000002,0.017095869043683189,411.60000000000002,0.017149318006493559,411.60000000000002,0.01724858642116596,411.60000000000002,0.016957605350830345,411.60000000000002,0.017692157710468538,411.60000000000002,0.017688554885854042,411.60000000000002,0.017634173427261087,411.60000000000002,0.017572077685375921
412.39999999999998,0.01656104032620398,412.39999999999998,0.016378143994303304,412.39999999999998,0.016658909997202515,412.39999999999998,0.015989166094453347,412.39999999999998,0.016174224121122727,412.39999999999998,0.015941905512745526,412.39999999999998,0.017338657036528406,412.39999999999998,0.017181446724820495,412.39999999999998,0.016751990030772358,412.39999999999998,0.017757474801420783,412.39999999999998,0.017035977382738651,412.39999999999998,0.016346651068555391,412.39999999999998,0.016703245933046802,412.39999999999998,0.016911446809592841,412.39999999999998,0.016777548892449326,412.39999999999998,0.016613260090028229,412.39999999999998,0.01681828200367912,412.39999999999998,0.016677899002229511,412.39999999999998,0.0173444215559116,412.39999999999998,0.017577375956867831,412.39999999999998,0.016667472003933436,412.39999999999998,0.017379983554165288,412.39999999999998,0.016740757695209517,412.39999999999998,0.017636716597577207,412.39999999999998,0.017283003992777393,412.39999999999998,0.017070352568178154,412.39999999999998,0.01790107915193747,412.39999999999998,0.017464967828895499,412.39999999999998,0.017840382153726169,412.39999999999998,0.018442265795206969,412.39999999999998,0.018409246967269394,412.39999999999998,0.018320108847689531,412.39999999999998,0.016465247577630276,412.39999999999998,0.016290150301365679,412.39999999999998,0.015969117435127959,412.39999999999998,0.016223858328458924,412.39999999999998,0.015384103490077397,412.39999999999998,0.016464145537159958,412.39999999999998,0.015834371794545749,412.39999999999998,0.016918694844993767,412.39999999999998,0.015990691996643016,412.39999999999998,0.015773208548443156,412.39999999999998,0.01610263387672406,412.39999999999998,0.016166340293142765,412.39999999999998,0.016481354322965675,412.39999999999998,0.015839203818146366,412.39999999999998,0.016233479989488233,412.39999999999998,0.016352203657078915,412.39999999999998,0.0160458364063308,412.39999999999998,0.016413917923416666,412.39999999999998,0.016667895865652788,412.39999999999998,0.01750769309020625,412.39999999999998,0.017128294465213668,412.39999999999998,0.016056814424862037,412.39999999999998,0.015972381170366978,412.39999999999998,0.017080101387723267,412.39999999999998,0.017003467188864304,412.39999999999998,0.017153556623687085,412.39999999999998,0.017103625713147344,412.39999999999998,0.017362817154531505,412.39999999999998,0.017084340004916796,412.39999999999998,0.018253138696031811,412.39999999999998,0.017655366513228726,412.39999999999998,0.017920492018683825
413.10000000000002,0.016315200528979428,413.10000000000002,0.016296762544187587,413.10000000000002,0.017036146927426395,413.10000000000002,0.016735162720514059,413.10000000000002,0.016415825301153753,413.10000000000002,0.015373930808812932,413.10000000000002,0.017477683680476079,413.10000000000002,0.017037333740240579,413.10000000000002,0.017147876876647761,413.10000000000002,0.017630316285614987,413.10000000000002,0.016357798631774369,413.10000000000002,0.015999084458686197,413.10000000000002,0.016547264820325015,413.10000000000002,0.016700363673355204,413.10000000000002,0.017409950577723522,413.10000000000002,0.016751439010537199,413.10000000000002,0.017507481159346576,413.10000000000002,0.016854225477480229,413.10000000000002,0.016788314980120882,413.10000000000002,0.017217093495418057,413.10000000000002,0.016632715342946514,413.10000000000002,0.017890313064265913,413.10000000000002,0.016743300865525629,413.10000000000002,0.017325602095572341,413.10000000000002,0.017362689996015698,413.10000000000002,0.017573052567330431,413.10000000000002,0.017904470045692292,413.10000000000002,0.017572628705611083,413.10000000000002,0.018171842018259964,413.10000000000002,0.017747980298907284,413.10000000000002,0.018578791655010467,413.10000000000002,0.018373515424327969,413.10000000000002,0.016232971355425008,413.10000000000002,0.016444435967210055,413.10000000000002,0.015834329408373808,413.10000000000002,0.01601870925629223,413.10000000000002,0.014811890168951281,413.10000000000002,0.016002983986504241,413.10000000000002,0.016554088994006597,413.10000000000002,0.017340861117469037,413.10000000000002,0.015840644947992168,413.10000000000002,0.015745233674965879,413.10000000000002,0.016160279070556022,413.10000000000002,0.016792807914346022,413.10000000000002,0.016218560056967014,413.10000000000002,0.016302908539118199,413.10000000000002,0.016712443732356756,413.10000000000002,0.01616316133024762,413.10000000000002,0.015282037588057271,413.10000000000002,0.016190966659037156,413.10000000000002,0.016944253706670735,413.10000000000002,0.017176233225672452,413.10000000000002,0.017118121783949204,413.10000000000002,0.016536625891169266,413.10000000000002,0.016152098539372516,413.10000000000002,0.017193696328509787,413.10000000000002,0.017220484389172876,413.10000000000002,0.016959427956223558,413.10000000000002,0.016763688614226495,413.10000000000002,0.017260242618448156,413.10000000000002,0.017581953663436841,413.10000000000002,0.018225163822554531,413.10000000000002,0.017985130930885104,413.10000000000002,0.018007807532870478
413.89999999999998,0.016059188050490412,413.89999999999998,0.016077202173562895,413.89999999999998,0.017048015055568268,413.89999999999998,0.016555445351508522,413.89999999999998,0.01602248162559447,413.89999999999998,0.015145893203801193,413.89999999999998,0.017385281825657194,413.89999999999998,0.01711786746691759,413.89999999999998,0.016330671481735799,413.89999999999998,0.017418385425938644,413.89999999999998,0.016708756135398385,413.89999999999998,0.015655756466010529,413.89999999999998,0.016418410857641803,413.89999999999998,0.016521494027788373,413.89999999999998,0.016992022922441782,413.89999999999998,0.016256368522333274,413.89999999999998,0.017770275425345237,413.89999999999998,0.016328636945482901,413.89999999999998,0.016208472148046417,413.89999999999998,0.016891567694955201,413.89999999999998,0.016472495613031202,413.89999999999998,0.017429151513610196,413.89999999999998,0.01676873256868679,413.89999999999998,0.017086544085857431,413.89999999999998,0.017572925408814628,413.89999999999998,0.017679017997168599,413.89999999999998,0.017666259759416089,413.89999999999998,0.017694700880784654,413.89999999999998,0.017857336622500272,413.89999999999998,0.017282580131058042,413.89999999999998,0.018291413409289348,413.89999999999998,0.018611725710604172,413.89999999999998,0.016492374727668846,413.89999999999998,0.016102803421411797,413.89999999999998,0.015875867856870375,413.89999999999998,0.016433246017819148,413.89999999999998,0.015318828785297084,413.89999999999998,0.016358180107321783,413.89999999999998,0.016615972805032086,413.89999999999998,0.016253231945610066,413.89999999999998,0.015670252536812392,413.89999999999998,0.016166552224002439,413.89999999999998,0.016087374854827363,413.89999999999998,0.016441850410722006,413.89999999999998,0.015948984003458715,413.89999999999998,0.016273238218763513,413.89999999999998,0.016517467341454525,413.89999999999998,0.015895280723616727,413.89999999999998,0.015398175699159907,413.89999999999998,0.016335927367055771,413.89999999999998,0.016650941396878682,413.89999999999998,0.01701770894263455,413.89999999999998,0.016639158041080675,413.89999999999998,0.016221272771970874,413.89999999999998,0.016423370039758231,413.89999999999998,0.017161482837838981,413.89999999999998,0.016854267863652163,413.89999999999998,0.017165424751828959,413.89999999999998,0.016649245950001276,413.89999999999998,0.01708815476039097,413.89999999999998,0.01684443427176318,413.89999999999998,0.018265854547612387,413.89999999999998,0.017145037003128097,413.89999999999998,0.018208717987843646
414.60000000000002,0.016538999516797642,414.60000000000002,0.016722319710417672,414.60000000000002,0.016980197180471841,414.60000000000002,0.016953875367700041,414.60000000000002,0.015847850597221168,414.60000000000002,0.015718106524927306,414.60000000000002,0.017552283343082148,414.60000000000002,0.017401854818883886,414.60000000000002,0.016584988513347405,414.60000000000002,0.017009782728482664,414.60000000000002,0.016692649390062986,414.60000000000002,0.015757483278655171,414.60000000000002,0.01655743750158948,414.60000000000002,0.016680866034264982,414.60000000000002,0.017056449903783386,414.60000000000002,0.01677941388401448,414.60000000000002,0.017825377448861084,414.60000000000002,0.016868636775938216,414.60000000000002,0.016765426447275841,414.60000000000002,0.016624534811763014,414.60000000000002,0.016703076388359064,414.60000000000002,0.017507989793409794,414.60000000000002,0.017701228351262685,414.60000000000002,0.017101803107754127,414.60000000000002,0.01797050770156744,414.60000000000002,0.017935030475657622,414.60000000000002,0.017958724345769436,414.60000000000002,0.018104999025118047,414.60000000000002,0.017964997499215853,414.60000000000002,0.016981638310317643,414.60000000000002,0.019079796207285331,414.60000000000002,0.018788052185854883,414.60000000000002,0.016011715537922907,414.60000000000002,0.016010401566592915,414.60000000000002,0.016040326203979209,414.60000000000002,0.016220467434704105,414.60000000000002,0.015081466222459585,414.60000000000002,0.016445495621508439,414.60000000000002,0.016448123564168426,414.60000000000002,0.016365131439519169,414.60000000000002,0.015433737697413599,414.60000000000002,0.016321685613285522,414.60000000000002,0.016473936742877004,414.60000000000002,0.016932682281732409,414.60000000000002,0.015901511490891213,414.60000000000002,0.016220679365563779,414.60000000000002,0.016578503429041311,414.60000000000002,0.016417478361859229,414.60000000000002,0.015317641972482898,414.60000000000002,0.016394420284326444,414.60000000000002,0.017296906657172165,414.60000000000002,0.017355950594677986,414.60000000000002,0.01661881267855175,414.60000000000002,0.016384035672202302,414.60000000000002,0.016998126531200464,414.60000000000002,0.017298814034909248,414.60000000000002,0.017284063647075777,414.60000000000002,0.017421437230317978,414.60000000000002,0.016916278833193459,414.60000000000002,0.016782126599018336,414.60000000000002,0.017894763612319117,414.60000000000002,0.01822685926943194,414.60000000000002,0.017615523511609575,414.60000000000002,0.018112925239269936
415.39999999999998,0.016392343361901617,415.39999999999998,0.016888473504403926,415.39999999999998,0.016179946254333985,415.39999999999998,0.016685147037630441,415.39999999999998,0.01624628061341268,415.39999999999998,0.016631104668412978,415.39999999999998,0.017508201724269472,415.39999999999998,0.017023770165221296,415.39999999999998,0.015883073506099368,415.39999999999998,0.017174241075591498,415.39999999999998,0.016896103015352274,415.39999999999998,0.016539932012580215,415.39999999999998,0.016717657231504798,415.39999999999998,0.016808872273509492,415.39999999999998,0.017032713647499639,415.39999999999998,0.016475081169519255,415.39999999999998,0.016849647770911219,415.39999999999998,0.016383738968998751,415.39999999999998,0.017023982096080977,415.39999999999998,0.016870374608987566,415.39999999999998,0.016811584988513349,415.39999999999998,0.01745627866364877,415.39999999999998,0.017846189059281304,415.39999999999998,0.017367140544068908,415.39999999999998,0.017666174987072215,415.39999999999998,0.017563727609504677,415.39999999999998,0.017962115239524255,415.39999999999998,0.018305909480091219,415.39999999999998,0.018338843535684917,415.39999999999998,0.017401261412476794,415.39999999999998,0.019674898061256493,415.39999999999998,0.018786356738977477,415.39999999999998,0.016352500360282463,415.39999999999998,0.015842552325729255,415.39999999999998,0.016183591465120415,415.39999999999998,0.016209447030000931,415.39999999999998,0.016008027940964537,415.39999999999998,0.016403109449573169,415.39999999999998,0.015836067241423158,415.39999999999998,0.016027737510914439,415.39999999999998,0.015541398574129176,415.39999999999998,0.016025830133177356,415.39999999999998,0.016613811110263391,415.39999999999998,0.016098522418046338,415.39999999999998,0.016036299517645364,415.39999999999998,0.016071480040351638,415.39999999999998,0.016765002585556486,415.39999999999998,0.016503098429168472,415.39999999999998,0.015642320049507049,415.39999999999998,0.016593635292422203,415.39999999999998,0.016498351177911718,415.39999999999998,0.017141476564685534,415.39999999999998,0.016673066978628893,415.39999999999998,0.016011885082610647,415.39999999999998,0.017162584878309302,415.39999999999998,0.017470054169527731,415.39999999999998,0.016999228571670778,415.39999999999998,0.017558768427388245,415.39999999999998,0.017042589625560559,415.39999999999998,0.016576129803412935,415.39999999999998,0.017667573730746084,415.39999999999998,0.018175995863109622,415.39999999999998,0.017351881522172204,415.39999999999998,0.01756190500411146
416.10000000000002,0.016667005756042155,416.10000000000002,0.017104642981273788,416.10000000000002,0.016722489255105413,416.10000000000002,0.017015759178725529,416.10000000000002,0.016178462738316253,416.10000000000002,0.016739613268567259,416.10000000000002,0.017583649110314247,416.10000000000002,0.017064460890279153,416.10000000000002,0.016203512965929992,416.10000000000002,0.016680866034264979,416.10000000000002,0.017215694751744191,416.10000000000002,0.016667090528386018,416.10000000000002,0.017020294499122606,416.10000000000002,0.016904665022083199,416.10000000000002,0.017237014996227627,416.10000000000002,0.017620355535210193,416.10000000000002,0.01745068368895332,416.10000000000002,0.017050049591821163,416.10000000000002,0.01738680772784687,416.10000000000002,0.017245068368895337,416.10000000000002,0.016966718377796428,416.10000000000002,0.017716529759331315,416.10000000000002,0.018385341166297909,416.10000000000002,0.018119071234200555,416.10000000000002,0.018080711748599137,416.10000000000002,0.018147809058772665,416.10000000000002,0.018679289268668992,416.10000000000002,0.01879250273390809,416.10000000000002,0.018443961242084382,416.10000000000002,0.018250680298059558,416.10000000000002,0.019897001602197296,416.10000000000002,0.019016937514305336,416.10000000000002,0.016282139314869919,416.10000000000002,0.016118062443308497,416.10000000000002,0.015974203775760195,416.10000000000002,0.015742351415274282,416.10000000000002,0.016404762510278646,416.10000000000002,0.016303925807244646,416.10000000000002,0.015894560158693827,416.10000000000002,0.01669998219780779,416.10000000000002,0.016348431287776674,416.10000000000002,0.016166552224002442,416.10000000000002,0.017073277214041688,416.10000000000002,0.017043734052202806,416.10000000000002,0.016176173885031748,416.10000000000002,0.015688309046056812,416.10000000000002,0.017130371387638496,416.10000000000002,0.017081245814365525,416.10000000000002,0.015868662207641378,416.10000000000002,0.017005628883633005,416.10000000000002,0.017350313233810602,416.10000000000002,0.017528886176173885,416.10000000000002,0.017249518916948536,416.10000000000002,0.01677314073056806,416.10000000000002,0.01753304002102354,416.10000000000002,0.018075328704763357,416.10000000000002,0.017467171909836134,416.10000000000002,0.01762234768529115,416.10000000000002,0.017323186083772032,416.10000000000002,0.016889787475733914,416.10000000000002,0.01793630206081568,416.10000000000002,0.019006764833040871,416.10000000000002,0.018853199732119394,416.10000000000002,0.017968812254690027
416.89999999999998,0.016065969838000054,416.89999999999998,0.016541754617973435,416.89999999999998,0.016622457889338183,416.89999999999998,0.017224299144647046,416.89999999999998,0.016292057679102769,416.89999999999998,0.016898137551605165,416.89999999999998,0.017594669515017421,416.89999999999998,0.017063613166840449,416.89999999999998,0.016518018361689681,416.89999999999998,0.016663911565490873,416.89999999999998,0.017042759170248296,416.89999999999998,0.016374625942032671,416.89999999999998,0.017389054194959435,416.89999999999998,0.016590159626323511,416.89999999999998,0.017732933207870262,416.89999999999998,0.017845002246467116,416.89999999999998,0.017095487568135774,416.89999999999998,0.01714499461695616,416.89999999999998,0.017301187660537624,416.89999999999998,0.017962242398040066,416.89999999999998,0.016921789035545039,416.89999999999998,0.018379449488398904,416.89999999999998,0.018467570339852333,416.89999999999998,0.018877783711841851,416.89999999999998,0.018604604833719045,416.89999999999998,0.018235124572959321,416.89999999999998,0.018390215576070464,416.89999999999998,0.018269457372226888,416.89999999999998,0.018762705255037596,416.89999999999998,0.018345625323194559,416.89999999999998,0.019913108347532699,416.89999999999998,0.019076278155014711,416.89999999999998,0.016499156515178495,416.89999999999998,0.016258784534133583,416.89999999999998,0.01610814407907564,416.89999999999998,0.015986495765621424,416.89999999999998,0.016752329120147843,416.89999999999998,0.016263235082186783,416.89999999999998,0.016007307376041641,416.89999999999998,0.016630468875833946,416.89999999999998,0.016634961810059086,416.89999999999998,0.015879173978281327,416.89999999999998,0.01658922713054093,416.89999999999998,0.016993718369319195,416.89999999999998,0.016345718572772817,416.89999999999998,0.0163825945423565,416.89999999999998,0.017477090274068987,416.89999999999998,0.016798106185837935,416.89999999999998,0.016233183286284685,416.89999999999998,0.01690051117723354,416.89999999999998,0.017175682205437297,416.89999999999998,0.017027881623899017,416.89999999999998,0.016766316556886485,416.89999999999998,0.016750252197723015,416.89999999999998,0.018311250137755055,416.89999999999998,0.018136364792350142,416.89999999999998,0.017065350999889796,416.89999999999998,0.017702881411968154,416.89999999999998,0.017930156065885067,416.89999999999998,0.017338233174809047,416.89999999999998,0.018021074404686217,416.89999999999998,0.018911819807905871,416.89999999999998,0.018684502767817027,416.89999999999998,0.018456253231945611
417.60000000000002,0.016569517560591034,417.60000000000002,0.016482413977264056,417.60000000000002,0.017016649288336169,417.60000000000002,0.017209040122750346,417.60000000000002,0.016187787696142014,417.60000000000002,0.01700325525800463,417.60000000000002,0.017632817069759162,417.60000000000002,0.017640065105160092,417.60000000000002,0.0166477200478116,417.60000000000002,0.016327365360324843,417.60000000000002,0.017226715156447359,417.60000000000002,0.016188126785517492,417.60000000000002,0.018086730585013949,417.60000000000002,0.016913142256470254,417.60000000000002,0.017968600323830353,417.60000000000002,0.018358722650322561,417.60000000000002,0.017725346083093851,417.60000000000002,0.017627349253579512,417.60000000000002,0.017359680577808297,417.60000000000002,0.01807075099819435,417.60000000000002,0.016666624280494733,417.60000000000002,0.018574425879301134,417.60000000000002,0.019211023795596926,417.60000000000002,0.019564439697193192,417.60000000000002,0.018803819841814805,417.60000000000002,0.0180426913523732,417.60000000000002,0.018543653518476134,417.60000000000002,0.018579724150793047,417.60000000000002,0.018651653484567193,417.60000000000002,0.019199282825970856,417.60000000000002,0.019758822681688326,417.60000000000002,0.019441646957096718,417.60000000000002,0.016559344879326574,417.60000000000002,0.016219789255953136,417.60000000000002,0.016520985393725152,417.60000000000002,0.016686715325992047,417.60000000000002,0.016444605511897799,417.60000000000002,0.016342073361986384,417.60000000000002,0.016439646329781371,417.60000000000002,0.016899197205903545,417.60000000000002,0.017150377660791943,417.60000000000002,0.016540398260471507,417.60000000000002,0.016323041970787454,417.60000000000002,0.017516763731000397,417.60000000000002,0.016756864440544916,417.60000000000002,0.016577570933258737,417.60000000000002,0.017515237828810728,417.60000000000002,0.017431355594550835,417.60000000000002,0.016623983791527852,417.60000000000002,0.016653823656570282,417.60000000000002,0.017697879843679792,417.60000000000002,0.017350864254045754,417.60000000000002,0.017409738646863848,417.60000000000002,0.017187677492094978,417.60000000000002,0.01837652484253537,417.60000000000002,0.018667039664979693,417.60000000000002,0.017340861117469037,417.60000000000002,0.017719835880742267,417.60000000000002,0.018443876469740512,417.60000000000002,0.018124072802488914,417.60000000000002,0.018180446411162822,417.60000000000002,0.019031348812763329,417.60000000000002,0.019494926375219344,417.60000000000002,0.019562532319456104
418.39999999999998,0.016811118740622064,418.39999999999998,0.016938489187287541,418.39999999999998,0.016632630570602647,418.39999999999998,0.01710900875698312,418.39999999999998,0.01673541703754567,418.39999999999998,0.016939676000101725,418.39999999999998,0.017691309987029828,418.39999999999998,0.018208887532531384,418.39999999999998,0.016854564566855704,418.39999999999998,0.016607114095097613,418.39999999999998,0.017225019709569946,418.39999999999998,0.016442443817129102,418.39999999999998,0.017769682018938145,418.39999999999998,0.016958071598721636,418.39999999999998,0.01877987165467138,418.39999999999998,0.018175614387562201,418.39999999999998,0.017468485881166129,418.39999999999998,0.017490018056509245,418.39999999999998,0.017446996091994949,418.39999999999998,0.01808516229665234,418.39999999999998,0.016931113993370803,418.39999999999998,0.019003373939286049,418.39999999999998,0.019275450776938534,418.39999999999998,0.019327924857794398,418.39999999999998,0.018730067902647436,418.39999999999998,0.018397887473190745,418.39999999999998,0.018116400905368635,418.39999999999998,0.018550901553877064,418.39999999999998,0.019138246738384063,418.39999999999998,0.019025499521036257,418.39999999999998,0.020393767537278638,418.39999999999998,0.019896026720242786,418.39999999999998,0.016093096988038624,418.39999999999998,0.016115519272992377,418.39999999999998,0.016852445258258946,418.39999999999998,0.016462068614735131,418.39999999999998,0.016328467400795164,418.39999999999998,0.016167442333613082,418.39999999999998,0.016630384103490079,418.39999999999998,0.01721455032510194,418.39999999999998,0.016973203462102526,418.39999999999998,0.016413239744665704,418.39999999999998,0.016165365411188251,418.39999999999998,0.017381975704246242,418.39999999999998,0.017345184507006433,418.39999999999998,0.016976000949450249,418.39999999999998,0.017576273916397513,418.39999999999998,0.017310978866254677,418.39999999999998,0.01683082831057196,418.39999999999998,0.016367293134287867,418.39999999999998,0.01773517967498283,418.39999999999998,0.017548383815264103,418.39999999999998,0.017222391766909966,418.39999999999998,0.016877410713528818,418.39999999999998,0.018708832430507871,418.39999999999998,0.018659410154031345,418.39999999999998,0.017495146783313414,418.39999999999998,0.017579961513355884,418.39999999999998,0.018471851343217788,418.39999999999998,0.01842077600603579,418.39999999999998,0.018519535786644965,418.39999999999998,0.018751600077990559,418.39999999999998,0.019644125700431489,418.39999999999998,0.019604070767952661
419.10000000000002,0.016878936615718491,419.10000000000002,0.017304705712808257,419.10000000000002,0.016853886388104745,419.10000000000002,0.01697252528335156,419.10000000000002,0.017226248908556074,419.10000000000002,0.017125327433178201,419.10000000000002,0.01761416715410764,419.10000000000002,0.018268228173240756,419.10000000000002,0.016845239609029946,419.10000000000002,0.016431635343285601,419.10000000000002,0.017586997617897133,419.10000000000002,0.017074845502403294,419.10000000000002,0.017767138848622025,419.10000000000002,0.017458228427557797,419.10000000000002,0.018870578062612855,419.10000000000002,0.018332443223722693,419.10000000000002,0.017727889253409967,419.10000000000002,0.017332341496910049,419.10000000000002,0.017359680577808297,419.10000000000002,0.017994455888710868,419.10000000000002,0.017419402694065087,419.10000000000002,0.018836372421861092,419.10000000000002,0.019360223120809074,419.10000000000002,0.019494078651780645,419.10000000000002,0.018518137042971099,419.10000000000002,0.018671702143892573,419.10000000000002,0.018961581173757871,419.10000000000002,0.019191780473538315,419.10000000000002,0.019915609131676882,419.10000000000002,0.019612971864059067,419.10000000000002,0.020186075294795824,419.10000000000002,0.021202368539287742,419.10000000000002,0.016292311996134384,419.10000000000002,0.016181641701211395,419.10000000000002,0.016838881683239656,419.10000000000002,0.016670608580656648,419.10000000000002,0.016292015292930836,419.10000000000002,0.016650644693675137,419.10000000000002,0.016716851894238025,419.10000000000002,0.017807956732195689,419.10000000000002,0.016935903630799488,419.10000000000002,0.016981214448598292,419.10000000000002,0.016752837754211072,419.10000000000002,0.017815162381424682,419.10000000000002,0.017309580122580812,419.10000000000002,0.016145231979519,419.10000000000002,0.017039664979697021,419.10000000000002,0.017455091850834589,419.10000000000002,0.017069886320286869,419.10000000000002,0.016549553673609524,419.10000000000002,0.018219229758483588,419.10000000000002,0.017700974034231067,419.10000000000002,0.01783614353653264,419.10000000000002,0.01691386282139315,419.10000000000002,0.018848706797894254,419.10000000000002,0.018995956359197375,419.10000000000002,0.017475649144223188,419.10000000000002,0.017651170282207133,419.10000000000002,0.018401490297805245,419.10000000000002,0.018681027101718338,419.10000000000002,0.018441545230284073,419.10000000000002,0.01912544611445962,419.10000000000002,0.02010274408077109,419.10000000000002,0.019604070767952664
419.89999999999998,0.01717648754270407,419.89999999999998,0.017834532861999104,419.89999999999998,0.01714126463382586,419.89999999999998,0.017719369632850979,419.89999999999998,0.017208446716343261,419.89999999999998,0.017600052558853201,419.89999999999998,0.017957495146783308,419.89999999999998,0.018599688037774554,419.89999999999998,0.01730301026593084,419.89999999999998,0.016858887956393103,419.89999999999998,0.017451361867704279,419.89999999999998,0.017298644490221511,419.89999999999998,0.017012664988174261,419.89999999999998,0.01774221577952409,419.89999999999998,0.019104549731695529,419.89999999999998,0.01883853411662979,419.89999999999998,0.018220416571297776,419.89999999999998,0.017623958359824689,419.89999999999998,0.017488534540491509,419.89999999999998,0.01815467561862618,419.89999999999998,0.018679967447419954,419.89999999999998,0.019078821325330821,419.89999999999998,0.019368700355196125,419.89999999999998,0.020212100404364081,419.89999999999998,0.018856378695014539,419.89999999999998,0.019279519849444319,419.89999999999998,0.019459194832277916,419.89999999999998,0.019359629714401975,419.89999999999998,0.020547163093512372,419.89999999999998,0.01953074269050465,419.89999999999998,0.020682841229877163,419.89999999999998,0.021924628909064707,419.89999999999998,0.015831150445478673,419.89999999999998,0.016153666827734118,419.89999999999998,0.016578630587557115,419.89999999999998,0.016185710773717183,419.89999999999998,0.016283538058543781,419.89999999999998,0.016813407593906562,419.89999999999998,0.016780431152140923,419.89999999999998,0.017654518789790019,419.89999999999998,0.016700236514839401,419.89999999999998,0.016922721531327622,419.89999999999998,0.017023261531158077,419.89999999999998,0.017804141976721515,419.89999999999998,0.017204462416181347,419.89999999999998,0.016603850359858601,419.89999999999998,0.016913354187329928,419.89999999999998,0.017738231479362175,419.89999999999998,0.016862194077804055,419.89999999999998,0.016953917753871978,419.89999999999998,0.018610877987165462,419.89999999999998,0.018217237608402635,419.89999999999998,0.017801386875545725,419.89999999999998,0.016904537863567395,419.89999999999998,0.019310716071988678,419.89999999999998,0.018762832413553403,419.89999999999998,0.017323058925256221,419.89999999999998,0.01741380771936963,419.89999999999998,0.018564253198036673,419.89999999999998,0.018572518501564047,419.89999999999998,0.01905529699990675,419.89999999999998,0.019735806990327478,419.89999999999998,0.020446919796885465,419.89999999999998,0.019788874477590434
420.60000000000002,0.016989140662750184,420.60000000000002,0.017922696099624463,420.60000000000002,0.017300636640302468,420.60000000000002,0.018312776039944724,420.60000000000002,0.017077049583343929,420.60000000000002,0.018250256436340213,420.60000000000002,0.018007510829666926,420.60000000000002,0.01848863626730415,420.60000000000002,0.017647185982045215,420.60000000000002,0.01683091308291583,420.60000000000002,0.017293685308105079,420.60000000000002,0.017496164051439857,420.60000000000002,0.017222900400973188,420.60000000000002,0.018144036689470427,420.60000000000002,0.018975695769012316,420.60000000000002,0.018856336308842602,420.60000000000002,0.018319600213626306,420.60000000000002,0.017699405745869468,420.60000000000002,0.017831862533167177,420.60000000000002,0.018748082025719929,420.60000000000002,0.019104676890211336,420.60000000000002,0.019155116434814306,420.60000000000002,0.019912091079406259,420.60000000000002,0.020680891465968142,420.60000000000002,0.018758890499563422,420.60000000000002,0.018914151047362309,420.60000000000002,0.020265379822486711,420.60000000000002,0.019943711163669966,420.60000000000002,0.021008324644168089,420.60000000000002,0.019948670345786387,420.60000000000002,0.020923594686469482,420.60000000000002,0.022658757406983546,420.60000000000002,0.016583928859049024,420.60000000000002,0.016316429727965549,420.60000000000002,0.016667641548621177,420.60000000000002,0.017095318023448026,420.60000000000002,0.016230131481905344,420.60000000000002,0.017144867458440356,420.60000000000002,0.0168236650475149,420.60000000000002,0.017612980341293456,420.60000000000002,0.016470503462950245,420.60000000000002,0.017297415291235393,420.60000000000002,0.016824046523062314,420.60000000000002,0.017877893915888877,420.60000000000002,0.01750964285411527,420.60000000000002,0.0167623746428965,420.60000000000002,0.017455049464662649,420.60000000000002,0.018016284767257532,420.60000000000002,0.016814721565236557,420.60000000000002,0.017018344735213582,420.60000000000002,0.017864033637666043,420.60000000000002,0.018083297305087186,420.60000000000002,0.018520256351567867,420.60000000000002,0.017286861134423511,420.60000000000002,0.019331909157956309,420.60000000000002,0.019005281317023136,420.60000000000002,0.017551096530267964,420.60000000000002,0.01798686876393445,420.60000000000002,0.018722777481074575,420.60000000000002,0.019260022210354093,420.60000000000002,0.019434229377008051,420.60000000000002,0.020041835151700112,420.60000000000002,0.020426574434356533,420.60000000000002,0.020230538389155922
421.39999999999998,0.017489297491586352,421.39999999999998,0.0174861185286912,421.39999999999998,0.017733823317480902,421.39999999999998,0.018175444842874457,421.39999999999998,0.016874443681493351,421.39999999999998,0.018128184261166639,421.39999999999998,0.018187228198672464,421.39999999999998,0.019215982977713351,421.39999999999998,0.017296228478421199,421.39999999999998,0.016797004145367618,421.39999999999998,0.017479336741181555,421.39999999999998,0.01728762408551834,421.39999999999998,0.017170341547773457,421.39999999999998,0.018489060129023512,421.39999999999998,0.018895162042335309,421.39999999999998,0.019313259242304794,421.39999999999998,0.019184278121105774,421.39999999999998,0.017690928511482414,421.39999999999998,0.018411705365241643,421.39999999999998,0.018452226545611759,421.39999999999998,0.019782855641175625,421.39999999999998,0.019070344090943769,421.39999999999998,0.02030034841433331,421.39999999999998,0.020946228902282916,421.39999999999998,0.018681747666641234,421.39999999999998,0.018872612598865746,421.39999999999998,0.020315395505370329,421.39999999999998,0.019575799191271837,421.39999999999998,0.020439502216796791,421.39999999999998,0.019776582487729205,421.39999999999998,0.021357629087086629,421.39999999999998,0.022397658587862291,421.39999999999998,0.016268575739850633,421.39999999999998,0.016105346591727913,421.39999999999998,0.016871942897349168,421.39999999999998,0.016884234887210397,421.39999999999998,0.016135186456770343,421.39999999999998,0.016664208268694421,421.39999999999998,0.017353492196705744,421.39999999999998,0.017586700914693588,421.39999999999998,0.01642303095038275,421.39999999999998,0.017491543958698917,421.39999999999998,0.016946966421674595,421.39999999999998,0.017548129498232493,421.39999999999998,0.017339250442935498,421.39999999999998,0.017549061994015073,421.39999999999998,0.017616964641455377,421.39999999999998,0.018005264362554362,421.39999999999998,0.016714690199469327,421.39999999999998,0.016983588074226664,421.39999999999998,0.017920831108059306,421.39999999999998,0.018451209277485309,421.39999999999998,0.018383772877936307,421.39999999999998,0.01787941981807855,421.39999999999998,0.019295457050091974,421.39999999999998,0.018818782160507957,421.39999999999998,0.018015648974678496,421.39999999999998,0.017524859489840033,421.39999999999998,0.018627832455939578,421.39999999999998,0.019690665717216414,421.39999999999998,0.019856395649483313,421.39999999999998,0.020527580682078279,421.39999999999998,0.020853827047464031,421.39999999999998,0.02061540483032815
422.10000000000002,0.017193442011478179,422.10000000000002,0.017413214312962541,422.10000000000002,0.017962708645931347,422.10000000000002,0.018043199986436418,422.10000000000002,0.017373752786890809,422.10000000000002,0.017824699270110118,422.10000000000002,0.018399159058348807,422.10000000000002,0.019020158863372414,422.10000000000002,0.017327594245653298,422.10000000000002,0.016766486101574225,422.10000000000002,0.017518332019361999,422.10000000000002,0.017673338250129279,422.10000000000002,0.017551817095190863,422.10000000000002,0.018335622186617842,422.10000000000002,0.018848537253206513,422.10000000000002,0.01910387155294457,422.10000000000002,0.019091028542848183,422.10000000000002,0.01774857370531438,422.10000000000002,0.018707560845349813,422.10000000000002,0.019188898213846717,422.10000000000002,0.019651458508176293,422.10000000000002,0.019677314073056808,422.10000000000002,0.020458024973932509,422.10000000000002,0.020770750150470908,422.10000000000002,0.018886896738807932,422.10000000000002,0.019073523053838914,422.10000000000002,0.020514610513466088,422.10000000000002,0.020023397166908267,422.10000000000002,0.020566660732602594,422.10000000000002,0.020148733077320853,422.10000000000002,0.021681459440672072,422.10000000000002,0.022759636496189482,422.10000000000002,0.016416079618185364,422.10000000000002,0.016907292964743182,422.10000000000002,0.017038944414774122,422.10000000000002,0.0169003416325458,422.10000000000002,0.016108907030170476,422.10000000000002,0.016803234912642101,422.10000000000002,0.017645109059620388,422.10000000000002,0.017926638013614438,422.10000000000002,0.016517975975517751,422.10000000000002,0.017164322711358648,422.10000000000002,0.017175004026686334,422.10000000000002,0.017312462382272409,422.10000000000002,0.017487602044708932,422.10000000000002,0.017348999262480607,422.10000000000002,0.018006917423259834,422.10000000000002,0.017862846824851859,422.10000000000002,0.017214847028305485,422.10000000000002,0.0168309978552597,422.10000000000002,0.017711443418699086,422.10000000000002,0.018324050761679509,422.10000000000002,0.018431245390503802,422.10000000000002,0.018323626899960161,422.10000000000002,0.019461610844078228,422.10000000000002,0.018901011334062374,422.10000000000002,0.018682807320939614,422.10000000000002,0.018231860837720298,422.10000000000002,0.018933860617312209,422.10000000000002,0.02019675661012351,422.10000000000002,0.01996659969651501,422.10000000000002,0.02035549282402109,422.10000000000002,0.021037783033663097,422.10000000000002,0.02095618965268771
422.89999999999998,0.017425718233683444,422.89999999999998,0.016573968108644234,422.89999999999998,0.018135644227427243,422.89999999999998,0.017686308418741466,422.89999999999998,0.018112119902003176,422.89999999999998,0.017850130973271282,422.89999999999998,0.018772157371379161,422.89999999999998,0.019392309452964065,422.89999999999998,0.017124140620364013,422.89999999999998,0.017285292846061902,422.89999999999998,0.01751663657248459,422.89999999999998,0.017916634877037717,422.89999999999998,0.018241016250858319,422.89999999999998,0.018294931461559978,422.89999999999998,0.018974000322134903,422.89999999999998,0.020019412866746356,422.89999999999998,0.019682739503064522,422.89999999999998,0.017932529691513439,422.89999999999998,0.018570229648279545,422.89999999999998,0.018927799394725466,422.89999999999998,0.019912557327297541,422.89999999999998,0.019812949823249663,422.89999999999998,0.021236235090664024,422.89999999999998,0.021416715410764394,422.89999999999998,0.018717352051066855,422.89999999999998,0.019230351889999404,422.89999999999998,0.020907106465586665,422.89999999999998,0.020310775412629382,422.89999999999998,0.020588701542008932,422.89999999999998,0.020513254155964156,422.89999999999998,0.02195357866449649,422.89999999999998,0.023150437001432649,422.89999999999998,0.016193128353805857,422.89999999999998,0.016726727872298942,422.89999999999998,0.017015208158490377,422.89999999999998,0.017008850232700084,422.89999999999998,0.016564134516755251,422.89999999999998,0.017105024456821206,422.89999999999998,0.018303790171494454,422.89999999999998,0.018203843578071088,422.89999999999998,0.016559514424014311,422.89999999999998,0.01733725829285454,422.89999999999998,0.017677704025838611,422.89999999999998,0.017211583293066469,422.89999999999998,0.017169705755194425,422.89999999999998,0.017465985097021949,422.89999999999998,0.017611030577384435,422.89999999999998,0.018254495053533736,422.89999999999998,0.017288598967472854,422.89999999999998,0.017317591109076578,422.89999999999998,0.01860663936997194,422.89999999999998,0.018279121419428127,422.89999999999998,0.018778812000372999,422.89999999999998,0.018756813577138595,422.89999999999998,0.019704907470986664,422.89999999999998,0.019448640675466033,422.89999999999998,0.018575146444224033,422.89999999999998,0.018149631664165881,422.89999999999998,0.019390783550774397,422.89999999999998,0.020089095733407936,422.89999999999998,0.019763993794664429,422.89999999999998,0.020262243245763503,422.89999999999998,0.021703245933046802,422.89999999999998,0.021287649517221501
423.60000000000002,0.016917931893898938,423.60000000000002,0.017392021226994903,423.60000000000002,0.017875393131744698,423.60000000000002,0.018467909429227804,423.60000000000002,0.018522418046336565,423.60000000000002,0.018032391512592932,423.60000000000002,0.019108703576545184,423.60000000000002,0.019215982977713347,423.60000000000002,0.017605647533548659,423.60000000000002,0.017521807685460696,423.60000000000002,0.017058865915583695,423.60000000000002,0.018673651907801604,423.60000000000002,0.018630969032662786,423.60000000000002,0.018444978510210829,423.60000000000002,0.019546213643261021,423.60000000000002,0.019949051821333809,423.60000000000002,0.019400447597975639,423.60000000000002,0.018350457346795176,423.60000000000002,0.018816069445504097,423.60000000000002,0.019721268533353681,423.60000000000002,0.020158397124522096,423.60000000000002,0.020564880513381314,423.60000000000002,0.021443927333146835,423.60000000000002,0.02157184880004747,423.60000000000002,0.018892830802878867,423.60000000000002,0.019369378533947081,423.60000000000002,0.020918974593728542,423.60000000000002,0.021009299526122602,423.60000000000002,0.021127005925586837,423.60000000000002,0.020942202215949068,423.60000000000002,0.023115807498961534,423.60000000000002,0.023490374100353501,423.60000000000002,0.016231275908547598,423.60000000000002,0.016868297686562742,423.60000000000002,0.017002492306909794,423.60000000000002,0.017609038427303478,423.60000000000002,0.016406457957156059,423.60000000000002,0.017357646041555399,423.60000000000002,0.018633554589150832,423.60000000000002,0.018493764994108323,423.60000000000002,0.016484067037969535,423.60000000000002,0.017229597416138959,423.60000000000002,0.01780994888227665,423.60000000000002,0.017458270813729727,423.60000000000002,0.017935200020345363,423.60000000000002,0.017930537541432482,423.60000000000002,0.018293447945542246,423.60000000000002,0.01888011495129829,423.60000000000002,0.017620906555445355,423.60000000000002,0.017242991446470509,423.60000000000002,0.018208209353780421,423.60000000000002,0.01810788128480964,423.60000000000002,0.01913994218526148,423.60000000000002,0.01866441172231971,423.60000000000002,0.020018565143307649,423.60000000000002,0.019662266982019786,423.60000000000002,0.018453074269050462,423.60000000000002,0.018654027110195568,423.60000000000002,0.019550155557251005,423.60000000000002,0.019681340759390657,423.60000000000002,0.020182769173384876,423.60000000000002,0.020402117613149889,423.60000000000002,0.022301738680772787,423.60000000000002,0.021767460983528737
424.39999999999998,0.017010333748717819,424.39999999999998,0.017014784296771022,424.39999999999998,0.017920322473996081,424.39999999999998,0.018135601841255306,424.39999999999998,0.018435950255588616,424.39999999999998,0.018653772793163961,424.39999999999998,0.018744182497901881,424.39999999999998,0.019835668811406963,424.39999999999998,0.017610733874180887,424.39999999999998,0.017444664852538511,424.39999999999998,0.017535286488136109,424.39999999999998,0.018858455617439367,424.39999999999998,0.019243873078846757,424.39999999999998,0.019001932809440254,424.39999999999998,0.019886998465620573,424.39999999999998,0.020655205445775367,424.39999999999998,0.019813288912625151,424.39999999999998,0.018310614345176029,424.39999999999998,0.019205174503869857,424.39999999999998,0.019412697201664931,424.39999999999998,0.020278773852818253,424.39999999999998,0.020735272924561093,424.39999999999998,0.021948322779176525,424.39999999999998,0.022208489102515196,424.39999999999998,0.018910632995091683,424.39999999999998,0.019042157286606815,424.39999999999998,0.021093605622101847,424.39999999999998,0.021166976085721795,424.39999999999998,0.021399125149411256,424.39999999999998,0.021318591422734245,424.39999999999998,0.023944033298576667,424.39999999999998,0.023583623678611089,424.39999999999998,0.016366911658740456,424.39999999999998,0.016420699710926311,424.39999999999998,0.016754957062807833,424.39999999999998,0.018157515492145844,424.39999999999998,0.016829471953070031,424.39999999999998,0.017846782465688396,424.39999999999998,0.018167306697862894,424.39999999999998,0.018229275281232249,424.39999999999998,0.016376406161253954,424.39999999999998,0.017447462339886241,424.39999999999998,0.017491204869323436,424.39999999999998,0.01790925968312098,424.39999999999998,0.018214101031679426,424.39999999999998,0.018109407186999313,424.39999999999998,0.018548612700592559,424.39999999999998,0.019025075659316906,424.39999999999998,0.01727588311589227,424.39999999999998,0.017788077617558049,424.39999999999998,0.018582903113688185,424.39999999999998,0.018416452616498394,424.39999999999998,0.019358654832447465,424.39999999999998,0.019108618804201321,424.39999999999998,0.01983376143366988,424.39999999999998,0.020468451972228578,424.39999999999998,0.018100421318549036,424.39999999999998,0.018831201308884982,424.39999999999998,0.01944673329772895,424.39999999999998,0.019827149190847979,424.39999999999998,0.020576960572382865,424.39999999999998,0.021096403109449574,424.39999999999998,0.022520451327958768,424.39999999999998,0.022294744962403471
425.10000000000002,0.017111212837923759,425.10000000000002,0.017798928477573476,425.10000000000002,0.017819443384790145,425.10000000000002,0.018228851419512894,425.10000000000002,0.017784898654662904,425.10000000000002,0.018379110399023426,425.10000000000002,0.018747573391656704,425.10000000000002,0.019897552622432455,425.10000000000002,0.017965929994998429,425.10000000000002,0.017454837533802971,425.10000000000002,0.017626840619516287,425.10000000000002,0.019017827623915972,425.10000000000002,0.019309995507065775,425.10000000000002,0.019152827581529804,425.10000000000002,0.020442257317972581,425.10000000000002,0.020522112865898629,425.10000000000002,0.019558971881013541,425.10000000000002,0.018496265778252498,425.10000000000002,0.019659554267015929,425.10000000000002,0.019978976458720109,425.10000000000002,0.020455100328068968,425.10000000000002,0.021566041894492339,425.10000000000002,0.021738935089816301,425.10000000000002,0.02197960377406475,425.10000000000002,0.019658325068029805,425.10000000000002,0.018903978366097841,425.10000000000002,0.021225002755101176,425.10000000000002,0.020835516221188,425.10000000000002,0.02217987843645889,425.10000000000002,0.022006942854962998,425.10000000000002,0.024900265337436309,425.10000000000002,0.024186355043530599,425.10000000000002,0.016195671524121973,425.10000000000002,0.016659757720641221,425.10000000000002,0.017190686910302379,425.10000000000002,0.017986275357527361,425.10000000000002,0.016411544297788291,425.10000000000002,0.017700974034231074,425.10000000000002,0.017968091689767131,425.10000000000002,0.018192823173367918,425.10000000000002,0.016564600764646543,425.10000000000002,0.017145672795707136,425.10000000000002,0.017798080754134769,425.10000000000002,0.018040656816120309,425.10000000000002,0.018086094792434913,425.10000000000002,0.018292515449759673,425.10000000000002,0.018967388079313002,425.10000000000002,0.018852140077821013,425.10000000000002,0.017258928647118164,425.10000000000002,0.017659223654874837,425.10000000000002,0.018413358425947116,425.10000000000002,0.018994600001695443,425.10000000000002,0.019148419419648535,425.10000000000002,0.019196782041826673,425.10000000000002,0.020438188245466799,425.10000000000002,0.020509142697286438,425.10000000000002,0.01797411052618194,425.10000000000002,0.018443791697396638,425.10000000000002,0.019625602943295781,425.10000000000002,0.019895814789383112,425.10000000000002,0.02103473122928376,425.10000000000002,0.021935649313767881,425.10000000000002,0.022902774598814884,425.10000000000002,0.022708434000491679
425.89999999999998,0.017630867305850142,425.89999999999998,0.017568347702245624,425.89999999999998,0.018145816908691704,425.89999999999998,0.018077956647423343,425.89999999999998,0.018313878080415045,425.89999999999998,0.019185295389232217,425.89999999999998,0.019202800878241479,425.89999999999998,0.020554538287429102,425.89999999999998,0.018119367937404103,425.89999999999998,0.017872765189084715,425.89999999999998,0.018430482439408966,425.89999999999998,0.019245865228927711,425.89999999999998,0.019240482185091938,425.89999999999998,0.019523282724244043,425.89999999999998,0.020869509931080086,425.89999999999998,0.020966319947780233,425.89999999999998,0.019572535456032825,425.89999999999998,0.018938777413256697,425.89999999999998,0.019481532344887805,425.89999999999998,0.020194298212151268,425.89999999999998,0.020758585319125489,425.89999999999998,0.021745759263497876,425.89999999999998,0.02203648601680188,425.89999999999998,0.022774768359570374,425.89999999999998,0.019816001627629001,425.89999999999998,0.019489755262243242,425.89999999999998,0.021533574086789922,425.89999999999998,0.020931308969761704,425.89999999999998,0.023136110475318532,425.89999999999998,0.023092876579944559,425.89999999999998,0.025859888270050774,425.89999999999998,0.02590384273034765,425.89999999999998,0.016875545721963665,425.89999999999998,0.017003085713316886,425.89999999999998,0.017179666505599211,425.89999999999998,0.018034595593533563,425.89999999999998,0.01696002136263065,425.89999999999998,0.01810957673168705,425.89999999999998,0.017859583089612843,425.89999999999998,0.018384408670515329,425.89999999999998,0.017194459279604626,425.89999999999998,0.017182124903571464,425.89999999999998,0.017719242474335175,425.89999999999998,0.018145774522519774,425.89999999999998,0.017936895467222776,425.89999999999998,0.018679077337809314,425.89999999999998,0.019504844739452201,425.89999999999998,0.019367555928553867,425.89999999999998,0.017358112289446691,425.89999999999998,0.018039851478853539,425.89999999999998,0.019298381695955508,425.89999999999998,0.019527818044641113,425.89999999999998,0.019740130379864874,425.89999999999998,0.019738477319159398,425.89999999999998,0.020766257216245775,425.89999999999998,0.021624746742622686,425.89999999999998,0.018071598721633053,425.89999999999998,0.018960055271568195,425.89999999999998,0.020188491306596137,425.89999999999998,0.020632486457618063,425.89999999999998,0.021554385697210143,425.89999999999998,0.02245784695201038,425.89999999999998,0.023304595508761222,425.89999999999998,0.023384917304578558
426.60000000000002,0.0179877588735451,426.60000000000002,0.018374532692454416,426.60000000000002,0.018717182506379118,426.60000000000002,0.018810389698464772,426.60000000000002,0.018874223273399288,426.60000000000002,0.019336190161321772,426.60000000000002,0.020222612175004023,426.60000000000002,0.020963140984885088,426.60000000000002,0.018007468443494996,426.60000000000002,0.018318667717843729,426.60000000000002,0.018488975356679635,426.60000000000002,0.019208565397624677,426.60000000000002,0.01927354339920144,426.60000000000002,0.019773361138662127,426.60000000000002,0.021573120385205532,426.60000000000002,0.021792850300517957,426.60000000000002,0.019767511846935055,426.60000000000002,0.019378745877944779,426.60000000000002,0.019851139764163337,426.60000000000002,0.020588489611149258,426.60000000000002,0.021687690207946558,426.60000000000002,0.022044157913922158,426.60000000000002,0.022890143519578177,426.60000000000002,0.023661487076456173,426.60000000000002,0.020227147495401099,426.60000000000002,0.019811890168951279,426.60000000000002,0.021686164305756886,426.60000000000002,0.021350084348482151,426.60000000000002,0.02406945398133313,426.60000000000002,0.024085560726668533,426.60000000000002,0.02685935420428439,426.60000000000002,0.027283936488559972,426.60000000000002,0.017032374558124161,426.60000000000002,0.017184498529199833,426.60000000000002,0.017541644413926399,426.60000000000002,0.017792146690063831,426.60000000000002,0.017292328950603154,426.60000000000002,0.018196892245873703,426.60000000000002,0.01912184328984512,426.60000000000002,0.019267736493646312,426.60000000000002,0.017594584742673555,426.60000000000002,0.017246551884913069,426.60000000000002,0.018410984800318747,426.60000000000002,0.017970295770707762,426.60000000000002,0.018117460559667016,426.60000000000002,0.019117350355619983,426.60000000000002,0.019462458567516935,426.60000000000002,0.019925357951221995,426.60000000000002,0.017788755796309015,426.60000000000002,0.017949145070912064,426.60000000000002,0.019846858760797878,426.60000000000002,0.020016954468774103,426.60000000000002,0.020617524138924918,426.60000000000002,0.019927519645990693,426.60000000000002,0.021843713706840278,426.60000000000002,0.02209947186829769,426.60000000000002,0.018955774268202739,426.60000000000002,0.019256758475115078,426.60000000000002,0.020493671744530068,426.60000000000002,0.021063129964480388,426.60000000000002,0.021629833083254918,426.60000000000002,0.022949526546459487,426.60000000000002,0.024289650144536844,426.60000000000002,0.023853708366182617
427.39999999999998,0.018351432228749697,427.39999999999998,0.018170231343726424,427.39999999999998,0.018745157379856398,427.39999999999998,0.019443639107177672,427.39999999999998,0.019913532209252058,427.39999999999998,0.020118638895246815,427.39999999999998,0.020889770521265141,427.39999999999998,0.021609953968617278,427.39999999999998,0.017801471647889592,427.39999999999998,0.018458542085230113,427.39999999999998,0.018960309588599813,427.39999999999998,0.019293337741495217,427.39999999999998,0.019449022151013455,427.39999999999998,0.020246390817459714,427.39999999999998,0.022065647703093345,427.39999999999998,0.022189584869832066,427.39999999999998,0.019876020447089342,427.39999999999998,0.019421132049880049,427.39999999999998,0.019959648364317625,427.39999999999998,0.020902147283470243,427.39999999999998,0.022031865924060933,427.39999999999998,0.022265413731424263,427.39999999999998,0.023701414850419197,427.39999999999998,0.02468468926697354,427.39999999999998,0.020829878860320606,427.39999999999998,0.020057729966175834,427.39999999999998,0.022298220628502157,427.39999999999998,0.022159660232445769,427.39999999999998,0.024890897993438622,427.39999999999998,0.024617931046175493,427.39999999999998,0.028160609682697117,427.39999999999998,0.028836965828268186,427.39999999999998,0.017326534591354917,427.39999999999998,0.017883870366131753,427.39999999999998,0.017347515746462872,427.39999999999998,0.01807359087171401,427.39999999999998,0.017690758966794673,427.39999999999998,0.018428320744640268,427.39999999999998,0.019210854250909185,427.39999999999998,0.019637343912921851,427.39999999999998,0.017307206496952436,427.39999999999998,0.017260963183371059,427.39999999999998,0.018577138594304994,427.39999999999998,0.018595915668472317,427.39999999999998,0.018584556174393665,427.39999999999998,0.019556471096869355,427.39999999999998,0.019942270033824167,427.39999999999998,0.020334808372116681,427.39999999999998,0.01853729559268584,427.39999999999998,0.01788047947237693,427.39999999999998,0.020330908844298633,427.39999999999998,0.019989827318735533,427.39999999999998,0.020895577426820276,427.39999999999998,0.020173359443215244,427.39999999999998,0.021853886388104742,427.39999999999998,0.022788671023965142,427.39999999999998,0.019210091299814346,427.39999999999998,0.019780651560234987,427.39999999999998,0.021182870900197517,427.39999999999998,0.021524291515136098,427.39999999999998,0.022847163941235805,427.39999999999998,0.023127548468587614,427.39999999999998,0.025122962284784212,427.39999999999998,0.024685325059552572
428.10000000000002,0.018246314522350236,428.10000000000002,0.018062570467010843,428.10000000000002,0.018998626688029298,428.10000000000002,0.019747124098234189,428.10000000000002,0.01966599696515009,428.10000000000002,0.020013521188847357,428.10000000000002,0.021274636962437376,428.10000000000002,0.022132151606859777,428.10000000000002,0.017497138933394368,428.10000000000002,0.018691666030874087,428.10000000000002,0.019419775692378117,428.10000000000002,0.019222128972643967,428.10000000000002,0.01991781321261752,428.10000000000002,0.0210042555716623,428.10000000000002,0.022175004026686335,428.10000000000002,0.022764341361274299,428.10000000000002,0.020762739163975145,428.10000000000002,0.01923463289336487,428.10000000000002,0.020476759661927892,428.10000000000002,0.020948772072599039,428.10000000000002,0.022774471656366826,428.10000000000002,0.022522273933351981,428.10000000000002,0.024911116197451746,428.10000000000002,0.025477310682163055,428.10000000000002,0.021365640073582395,428.10000000000002,0.019708467909429223,428.10000000000002,0.022663589430584163,428.10000000000002,0.023020099522731704,428.10000000000002,0.025235921432991699,428.10000000000002,0.025084178937463442,428.10000000000002,0.029190593660724126,428.10000000000002,0.029589744241838543,428.10000000000002,0.016775514356196435,428.10000000000002,0.017453226859269432,428.10000000000002,0.017705255037596533,428.10000000000002,0.018148190534320086,428.10000000000002,0.018490162169493823,428.10000000000002,0.018818273526444732,428.10000000000002,0.019470257623153023,428.10000000000002,0.020110373591719435,428.10000000000002,0.016964726227715474,428.10000000000002,0.017503412086840791,428.10000000000002,0.018882319032238921,428.10000000000002,0.018785805718742318,428.10000000000002,0.018715953307392997,428.10000000000002,0.019613268567262618,428.10000000000002,0.019968549460424031,428.10000000000002,0.020103379873350119,428.10000000000002,0.018694124428846333,428.10000000000002,0.018203462102523674,428.10000000000002,0.020521646618007337,428.10000000000002,0.019895730017039238,428.10000000000002,0.02129909378364403,428.10000000000002,0.020712511550231853,428.10000000000002,0.022692284868984339,428.10000000000002,0.022922611327280587,428.10000000000002,0.019238913896730329,428.10000000000002,0.019484796080126821,428.10000000000002,0.021324440714461313,428.10000000000002,0.022116002475352437,428.10000000000002,0.023125217229131165,428.10000000000002,0.023379322329883104,428.10000000000002,0.025958817595347693,428.10000000000002,0.025594932309283423
428.89999999999998,0.018001322448564384,428.89999999999998,0.018002382102862764,428.89999999999998,0.01827467087137492,428.89999999999998,0.019728474182582667,428.89999999999998,0.019868602867000675,428.89999999999998,0.020121182065562931,428.89999999999998,0.021539126675313446,428.89999999999998,0.022620440307554061,428.89999999999998,0.018275349050125886,428.89999999999998,0.018661147987080694,428.89999999999998,0.019711392555292757,428.89999999999998,0.019423887151055842,428.89999999999998,0.020347608996041131,428.89999999999998,0.021264506667344849,428.89999999999998,0.02225299458304723,428.89999999999998,0.022752473233132422,428.89999999999998,0.021000101726812645,428.89999999999998,0.019246501021506747,428.89999999999998,0.020642065732475436,428.89999999999998,0.022167798377457339,428.89999999999998,0.022849919042411598,428.89999999999998,0.022929181183930548,428.89999999999998,0.025770707764298975,428.89999999999998,0.025755363970058412,428.89999999999998,0.021650475148987394,428.89999999999998,0.019947525919144136,428.89999999999998,0.023548612700592556,428.89999999999998,0.023547383501606439,428.89999999999998,0.026826250604002951,428.89999999999998,0.025516517891203176,428.89999999999998,0.031053889778998502,428.89999999999998,0.031001203767282964,428.89999999999998,0.017500317896289516,428.89999999999998,0.017588014886023583,428.89999999999998,0.018144375778845905,428.89999999999998,0.018240592389138967,428.89999999999998,0.018382501292778245,428.89999999999998,0.018506311301001162,428.89999999999998,0.019619456948365165,428.89999999999998,0.020105287251087203,428.89999999999998,0.016763815772742302,428.89999999999998,0.017260115459932352,428.89999999999998,0.018783135389910395,428.89999999999998,0.019210515161533701,428.89999999999998,0.018836330035689158,428.89999999999998,0.019492891838966461,428.89999999999998,0.020943431414935196,428.89999999999998,0.019998262166950654,428.89999999999998,0.018713622067936555,428.89999999999998,0.01801102888193756,428.89999999999998,0.020364817781846851,428.89999999999998,0.019632935751040578,428.89999999999998,0.020818434593898087,428.89999999999998,0.02108974848045574,428.89999999999998,0.022846570534828716,428.89999999999998,0.02355586073599349,428.89999999999998,0.018909149479073944,428.89999999999998,0.019144858981205968,428.89999999999998,0.021769495519781627,428.89999999999998,0.022023600620533556,428.89999999999998,0.024078906097674692,428.89999999999998,0.023765884217932746,428.89999999999998,0.026657341708840911,428.89999999999998,0.026485889643362747
429.60000000000002,0.017958088553190407,429.60000000000002,0.017919305205869634,429.60000000000002,0.018530683349863936,429.60000000000002,0.019559777218280304,429.60000000000002,0.019915227656129471,429.60000000000002,0.020802751710282039,429.60000000000002,0.021516238142468402,429.60000000000002,0.02308668819884201,429.60000000000002,0.01860680891465968,429.60000000000002,0.018718793180912657,429.60000000000002,0.02031581936708968,429.60000000000002,0.020056288836330035,429.60000000000002,0.020708739180929612,429.60000000000002,0.021558666700575609,429.60000000000002,0.022974407229385485,429.60000000000002,0.023818909319023765,429.60000000000002,0.021785093631053808,429.60000000000002,0.019779719064452413,429.60000000000002,0.021277010588065748,429.60000000000002,0.022479760602900908,429.60000000000002,0.023521316005866242,429.60000000000002,0.023397972245534613,429.60000000000002,0.02736273238218764,429.60000000000002,0.027187168858031761,429.60000000000002,0.021355467392317928,429.60000000000002,0.020462941769876994,429.60000000000002,0.024031815060654611,429.60000000000002,0.024107728694590675,429.60000000000002,0.027661258191127729,429.60000000000002,0.026468511312869293,429.60000000000002,0.032513669540449125,429.60000000000002,0.032013385553097157,429.60000000000002,0.017639344540237193,429.60000000000002,0.017076837652484252,429.60000000000002,0.018286793316548408,429.60000000000002,0.018379619033086648,429.60000000000002,0.019137822876664715,429.60000000000002,0.019069199664301519,429.60000000000002,0.020202690674194453,429.60000000000002,0.02052236718293024,429.60000000000002,0.01761323465832507,429.60000000000002,0.01743559421174436,429.60000000000002,0.018812805710265081,429.60000000000002,0.019018929664386286,429.60000000000002,0.018992311148410945,429.60000000000002,0.019495435009282573,429.60000000000002,0.021031594652560551,429.60000000000002,0.020325483414290923,429.60000000000002,0.018320278392377272,429.60000000000002,0.018720573400133941,429.60000000000002,0.020770877308986711,429.60000000000002,0.020424709442791379,429.60000000000002,0.02107190390207099,429.60000000000002,0.021472919474750558,429.60000000000002,0.023692598526656661,429.60000000000002,0.024517179115485364,429.60000000000002,0.019252477471749616,429.60000000000002,0.019943414460466415,429.60000000000002,0.022021269381077121,429.60000000000002,0.022219424734874493,429.60000000000002,0.024107728694590675,429.60000000000002,0.024648364317625026,429.60000000000002,0.027542364978849303,429.60000000000002,0.028049091664335429
430.39999999999998,0.018199689733221436,430.39999999999998,0.018414375694073566,430.39999999999998,0.018348422810542286,430.39999999999998,0.020025177386129543,430.39999999999998,0.020148351601773442,430.39999999999998,0.021213049854615428,430.39999999999998,0.021526410823732866,430.39999999999998,0.023171460542712546,430.39999999999998,0.018849257818129416,430.39999999999998,0.018849342590473286,430.39999999999998,0.020644736061307355,430.39999999999998,0.020467434704102134,430.39999999999998,0.021365724845926262,430.39999999999998,0.021164475301577612,430.39999999999998,0.023632240617820845,430.39999999999998,0.024193603078931526,430.39999999999998,0.021791027695124743,430.39999999999998,0.02025698736044353,430.39999999999998,0.021464357468019633,430.39999999999998,0.023291031933741938,430.39999999999998,0.024202037927146647,430.39999999999998,0.024527987589328858,430.39999999999998,0.028771648737315941,430.39999999999998,0.028134923662504346,430.39999999999998,0.021508057611284898,430.39999999999998,0.021101277519222125,430.39999999999998,0.025260166323338672,430.39999999999998,0.025055483499063263,430.39999999999998,0.028865873197528039,430.39999999999998,0.027142451446640053,430.39999999999998,0.034763527546773143,430.39999999999998,0.033939413205835732,430.39999999999998,0.017668167137153176,430.39999999999998,0.017978815391266754,430.39999999999998,0.018396149640141399,430.39999999999998,0.018364360011189948,430.39999999999998,0.019003882573349267,430.39999999999998,0.019100565431533614,430.39999999999998,0.020840178700100881,430.39999999999998,0.020670718784703675,430.39999999999998,0.018109152869967705,430.39999999999998,0.016995625747056285,430.39999999999998,0.019035756974644595,430.39999999999998,0.019261378567856022,430.39999999999998,0.019214414689351741,430.39999999999998,0.019351322024702661,430.39999999999998,0.021419851987487602,430.39999999999998,0.020874808202571989,430.39999999999998,0.018351644159609371,430.39999999999998,0.018688359909463138,430.39999999999998,0.021035367021862785,430.39999999999998,0.021285996456516028,430.39999999999998,0.021084619753651574,430.39999999999998,0.022055305477141136,430.39999999999998,0.024133414714783447,430.39999999999998,0.025633630884260315,430.39999999999998,0.019689055042682872,430.39999999999998,0.019825580902486373,430.39999999999998,0.02282236803065368,430.39999999999998,0.022626331985453066,430.39999999999998,0.024754541678322865,430.39999999999998,0.02583517713181252,430.39999999999998,0.029300543390724208,430.39999999999998,0.029408840060018822
431.10000000000002,0.018570992599374381,431.10000000000002,0.018383857650280173,431.10000000000002,0.018671405440689029,431.10000000000002,0.020756762713732266,431.10000000000002,0.020968947890440223,431.10000000000002,0.022247272449835969,431.10000000000002,0.021711214533370635,431.10000000000002,0.023611429007400625,431.10000000000002,0.018523732017666557,431.10000000000002,0.018918855912447123,431.10000000000002,0.021126242974492001,431.10000000000002,0.021313462695930076,431.10000000000002,0.021917592804523451,431.10000000000002,0.021531539550537035,431.10000000000002,0.024853810092995261,431.10000000000002,0.02467850088587099,431.10000000000002,0.022620948941617293,431.10000000000002,0.020679153632918796,431.10000000000002,0.022173901986216018,431.10000000000002,0.023137593991336268,431.10000000000002,0.025080279409645394,431.10000000000002,0.025368929240524574,431.10000000000002,0.030449293422513839,431.10000000000002,0.030127921466900642,431.10000000000002,0.021536032484762171,431.10000000000002,0.021713333841967396,431.10000000000002,0.026065503590108761,431.10000000000002,0.025598026499834694,431.10000000000002,0.029403329857667235,431.10000000000002,0.028207192085653976,431.10000000000002,0.037011690106219755,431.10000000000002,0.036108737485482739,431.10000000000002,0.017168858031755725,431.10000000000002,0.017877088578622111,431.10000000000002,0.018268991124335596,431.10000000000002,0.018978111780812629,431.10000000000002,0.019337037884760471,431.10000000000002,0.01973466256368522,431.10000000000002,0.020555343624695882,431.10000000000002,0.021062367013385555,431.10000000000002,0.018471978501733596,431.10000000000002,0.018000178021922136,431.10000000000002,0.019161220043572989,431.10000000000002,0.019797987504556511,431.10000000000002,0.01952976780855014,431.10000000000002,0.019863346981680699,431.10000000000002,0.021740291447318226,431.10000000000002,0.021569093698871677,431.10000000000002,0.018444893737866959,431.10000000000002,0.019350431915092024,431.10000000000002,0.021625382535201711,431.10000000000002,0.02186329611827437,431.10000000000002,0.022278214355348713,431.10000000000002,0.022702118460873329,431.10000000000002,0.025131185202139649,431.10000000000002,0.026155828522502814,431.10000000000002,0.020114612208912964,431.10000000000002,0.020958987140035436,431.10000000000002,0.023225884387477431,431.10000000000002,0.02371480888075074,431.10000000000002,0.025652280799911838,431.10000000000002,0.026646448462653547,431.10000000000002,0.030981578969676932,431.10000000000002,0.031133957257784221
431.89999999999998,0.018754100862134741,431.89999999999998,0.018895882607258205,431.89999999999998,0.018937590600442509,431.89999999999998,0.021332366928613206,431.89999999999998,0.020766341988589641,431.89999999999998,0.022338826581216147,431.89999999999998,0.02261743088934666,431.89999999999998,0.024341318888125938,431.89999999999998,0.018544077380195485,431.89999999999998,0.019001085086001544,431.89999999999998,0.021456855115587089,431.89999999999998,0.021399930486678025,431.89999999999998,0.022794138840144793,431.89999999999998,0.021996939718386274,431.89999999999998,0.025501470800166157,431.89999999999998,0.024595423988877867,431.89999999999998,0.022872722802912783,431.89999999999998,0.020463831879487637,431.89999999999998,0.022267151564473602,431.89999999999998,0.023606385052940333,431.89999999999998,0.025894941634241244,431.89999999999998,0.025642743911226402,431.89999999999998,0.03156574519128879,431.89999999999998,0.030991751650941403,431.89999999999998,0.021818324389851054,431.89999999999998,0.021865076337495654,431.89999999999998,0.026925942880394696,431.89999999999998,0.026535608623042817,431.89999999999998,0.02994078651780643,431.89999999999998,0.029468604562447542,431.89999999999998,0.040081296677771848,431.89999999999998,0.038617998864050603,431.89999999999998,0.017290930206929293,431.89999999999998,0.018170400888414165,431.89999999999998,0.01841819044954774,431.89999999999998,0.019289226282817495,431.89999999999998,0.01896573501860753,431.89999999999998,0.019754160202775446,431.89999999999998,0.020735908717140119,431.89999999999998,0.021475208328035063,431.89999999999998,0.018260895365495963,431.89999999999998,0.017826394716987534,431.89999999999998,0.019533370633164637,431.89999999999998,0.019561472665157717,431.89999999999998,0.020044335935844291,431.89999999999998,0.019896408195790208,431.89999999999998,0.022065817247781082,431.89999999999998,0.022395624051609404,431.89999999999998,0.018806871646194143,431.89999999999998,0.019137653331976978,431.89999999999998,0.021674550494646627,431.89999999999998,0.021799716860371472,431.89999999999998,0.022986911150106391,431.89999999999998,0.023488805811991892,431.89999999999998,0.026238312013088846,431.89999999999998,0.026389800191585492,431.89999999999998,0.020688520976916487,431.89999999999998,0.020768249366326728,431.89999999999998,0.02352343531446301,431.89999999999998,0.0246413705992557,431.89999999999998,0.026490679280791435,431.89999999999998,0.027540796690487705,431.89999999999998,0.032845722811390012,431.89999999999998,0.032575934827022035
432.60000000000002,0.018935513678017688,432.60000000000002,0.019071361359070213,432.60000000000002,0.019316522977543805,432.60000000000002,0.021556165916431422,432.60000000000002,0.021734442155591161,432.60000000000002,0.022865262836652172,432.60000000000002,0.02299297237269313,432.60000000000002,0.025210235412798924,432.60000000000002,0.019191738087366378,432.60000000000002,0.018756093012215695,432.60000000000002,0.021550104693844684,432.60000000000002,0.021664420199554096,432.60000000000002,0.023083212532743317,432.60000000000002,0.022657316277137751,432.60000000000002,0.026516195756296469,432.60000000000002,0.02592719751108398,432.60000000000002,0.023631435280554076,432.60000000000002,0.021014004391207416,432.60000000000002,0.022982630146740929,432.60000000000002,0.024150623500589174,432.60000000000002,0.026526495596076737,432.60000000000002,0.026504030924951044,432.60000000000002,0.033272212473402681,432.60000000000002,0.032557496842230194,432.60000000000002,0.022556691504963419,432.60000000000002,0.022433898764866948,432.60000000000002,0.027867763620796349,432.60000000000002,0.026665310309164737,432.60000000000002,0.031675228673397594,432.60000000000002,0.031367505065147544,432.60000000000002,0.043322143383942427,432.60000000000002,0.042008044895433312,432.60000000000002,0.017576613005772998,432.60000000000002,0.017866915897357651,432.60000000000002,0.018758975271907292,432.60000000000002,0.019584234039486958,432.60000000000002,0.019598984427320425,432.60000000000002,0.019867755143561962,432.60000000000002,0.020334087807193785,432.60000000000002,0.02146079702957707,432.60000000000002,0.018354144943753554,432.60000000000002,0.018231606520688691,432.60000000000002,0.019162067767011692,432.60000000000002,0.01996837991573629,432.60000000000002,0.020516517891203172,432.60000000000002,0.020965387451997664,432.60000000000002,0.022756711850325951,432.60000000000002,0.02270504310673686,432.60000000000002,0.018825521561845665,432.60000000000002,0.019385188576078943,432.60000000000002,0.021788145435433143,432.60000000000002,0.021475886506786026,432.60000000000002,0.023555733577477686,432.60000000000002,0.023695650331036003,432.60000000000002,0.027130964794045587,432.60000000000002,0.027436738638386613,432.60000000000002,0.021191220976068768,432.60000000000002,0.022228029127777351,432.60000000000002,0.024281300068665596,432.60000000000002,0.024640522875816993,432.60000000000002,0.027823300526436254,432.60000000000002,0.027925663131659929,432.60000000000002,0.034733602909386839,432.60000000000002,0.034296813407593905
433.39999999999998,0.019106753812636171,433.39999999999998,0.019558802336325801,433.39999999999998,0.020085408136449569,433.39999999999998,0.021401880250587042,433.39999999999998,0.021774285157210312,433.39999999999998,0.023011071268109487,433.39999999999998,0.023968702050643002,433.39999999999998,0.026407220908250893,433.39999999999998,0.019314657985978648,433.39999999999998,0.019003628256317663,433.39999999999998,0.022273212787060348,433.39999999999998,0.021709349541805478,433.39999999999998,0.023277341200206844,433.39999999999998,0.023427896882920917,433.39999999999998,0.027588565906258741,433.39999999999998,0.026830870696743895,433.39999999999998,0.02483435484007698,433.39999999999998,0.021419216194908573,433.39999999999998,0.022677449708807002,433.39999999999998,0.024518535472987293,433.39999999999998,0.02731403067063401,433.39999999999998,0.027018599052245192,433.39999999999998,0.034915948221052366,433.39999999999998,0.033985910836448717,433.39999999999998,0.023106016293244491,433.39999999999998,0.022894212592083959,433.39999999999998,0.028714639336063,433.39999999999998,0.028103049261209025,433.39999999999998,0.033081601858209776,433.39999999999998,0.033576672346413712,433.39999999999998,0.047098751303374792,433.39999999999998,0.045954197502606743,433.39999999999998,0.017846189059281304,433.39999999999998,0.018378940854335685,433.39999999999998,0.019393072404058898,433.39999999999998,0.019551172825377452,433.39999999999998,0.020171197748446543,433.39999999999998,0.020320439459830624,433.39999999999998,0.021439519171265568,433.39999999999998,0.021955867517780999,433.39999999999998,0.018554207675288016,433.39999999999998,0.017919644295245125,433.39999999999998,0.019493527631545486,433.39999999999998,0.020307469291218436,433.39999999999998,0.020989547570000763,433.39999999999998,0.021366360638505295,433.39999999999998,0.023258564126039522,433.39999999999998,0.023408653560862309,433.39999999999998,0.019691894916202539,433.39999999999998,0.019552190093503896,433.39999999999998,0.022060264659257561,433.39999999999998,0.022282071496994821,433.39999999999998,0.024150835431448848,433.39999999999998,0.0240584759628019,433.39999999999998,0.028510210828819209,433.39999999999998,0.028657460390122326,433.39999999999998,0.021361613387248544,433.39999999999998,0.021862660325695345,433.39999999999998,0.025227359426260774,433.39999999999998,0.025501809889541639,433.39999999999998,0.028408229699142952,433.39999999999998,0.029220136822563008,433.39999999999998,0.037685375922958897,433.39999999999998,0.036232166018158235
434.10000000000002,0.019043174554733269,434.10000000000002,0.019666463213041378,434.10000000000002,0.020680509990420724,434.10000000000002,0.02190034163254579,434.10000000000002,0.023087408763764913,434.10000000000002,0.023911353560014576,434.10000000000002,0.024362893449640988,434.10000000000002,0.027337173520510669,434.10000000000002,0.019785992217898833,434.10000000000002,0.019104507345523596,434.10000000000002,0.022649601993845525,434.10000000000002,0.022107779557996997,434.10000000000002,0.02370120291955952,434.10000000000002,0.024091664335427213,434.10000000000002,0.028658392885904903,434.10000000000002,0.028399159058348802,434.10000000000002,0.025801607283639789,434.10000000000002,0.022053313327060179,434.10000000000002,0.023644702152369808,434.10000000000002,0.025530717258801492,434.10000000000002,0.028659367767859413,434.10000000000002,0.028842899892339121,434.10000000000002,0.037186151589905313,434.10000000000002,0.036658782838686718,434.10000000000002,0.023823190322389224,434.10000000000002,0.023433364699100564,434.10000000000002,0.02982430931732831,434.10000000000002,0.029204242008087279,434.10000000000002,0.035746844349499415,434.10000000000002,0.035080533726677007,434.10000000000002,0.051339063943778983,434.10000000000002,0.051344023125895394,434.10000000000002,0.01802929732204166,434.10000000000002,0.018709552995430773,434.10000000000002,0.019772852504598898,434.10000000000002,0.019131549723218299,434.10000000000002,0.020827335690004493,434.10000000000002,0.020701915007248037,434.10000000000002,0.022119393369107267,434.10000000000002,0.022347515746462879,434.10000000000002,0.018703407000500157,434.10000000000002,0.018204479370650124,434.10000000000002,0.019501157142493834,434.10000000000002,0.021485804871018879,434.10000000000002,0.021260819070386478,434.10000000000002,0.021964853386231279,434.10000000000002,0.024097810330357825,434.10000000000002,0.023323881216991773,434.10000000000002,0.019701219874028293,434.10000000000002,0.019863304595508762,434.10000000000002,0.022850342904130957,434.10000000000002,0.022765273857056872,434.10000000000002,0.024656078600917241,434.10000000000002,0.024251756906826721,434.10000000000002,0.029786882327509472,434.10000000000002,0.030104524299992368,434.10000000000002,0.021609996354789211,434.10000000000002,0.022359426260776683,434.10000000000002,0.026082712375914481,434.10000000000002,0.026151166043589937,434.10000000000002,0.030055356340547464,434.10000000000002,0.030482397022795284,434.10000000000002,0.040762612005459338,434.10000000000002,0.039277188609987877
434.89999999999998,0.019645905919652776,434.89999999999998,0.01951811161126794,434.89999999999998,0.021017903919025461,434.89999999999998,0.02237930537541432,434.89999999999998,0.023651992573942678,434.89999999999998,0.02493201258021583,434.89999999999998,0.025509015538770632,434.89999999999998,0.028653688020820085,434.89999999999998,0.019812271644498697,434.89999999999998,0.019797945118384577,434.89999999999998,0.023269287827539144,434.89999999999998,0.022735094902638961,434.89999999999998,0.02468032349126421,434.89999999999998,0.025235243254240737,434.89999999999998,0.029754499292150925,434.89999999999998,0.029197714537609245,434.89999999999998,0.027132533082407196,434.89999999999998,0.021944804726905891,434.89999999999998,0.023921907716826459,434.89999999999998,0.026002051490721666,434.89999999999998,0.029429100650203877,434.89999999999998,0.0297728525045989,434.89999999999998,0.039700499309105394,434.89999999999998,0.039841984351025331,434.89999999999998,0.02426061561676119,434.89999999999998,0.023359612759933202,434.89999999999998,0.03105520375032849,434.89999999999998,0.030665717216415315,434.89999999999998,0.037771207921127814,434.89999999999998,0.037797487347727671,434.89999999999998,0.055877775234607463,434.89999999999998,0.056144680959283835,434.89999999999998,0.01850656561803278,434.89999999999998,0.018530683349863943,434.89999999999998,0.020334045421021844,434.89999999999998,0.019708849384976645,434.89999999999998,0.020726456600798554,434.89999999999998,0.021587786000695136,434.89999999999998,0.023504573467951817,434.89999999999998,0.023202868696116583,434.89999999999998,0.019006891991556675,434.89999999999998,0.01878347447928588,434.89999999999998,0.020644736061307359,434.89999999999998,0.02110602477047888,434.89999999999998,0.021833032391512588,434.89999999999998,0.021875842425167213,434.89999999999998,0.024531844730974965,434.89999999999998,0.024491196392089049,434.89999999999998,0.020200528979425748,434.89999999999998,0.020409238490035016,434.89999999999998,0.023515805803514662,434.89999999999998,0.023724896789671338,434.89999999999998,0.025793723455659827,434.89999999999998,0.025236811542602346,434.89999999999998,0.031645939828590326,434.89999999999998,0.031645685511558712,434.89999999999998,0.022095741885167382,434.89999999999998,0.02214919084797776,434.89999999999998,0.026999101413154973,434.89999999999998,0.027633834337885608,434.89999999999998,0.031298118901689514,434.89999999999998,0.032555080830429878,434.89999999999998,0.043052313013402503,434.89999999999998,0.043142807490484304
435.60000000000002,0.020195230707933848,435.60000000000002,0.01951980705814535,435.60000000000002,0.020820384357807108,435.60000000000002,0.023311801157990215,435.60000000000002,0.023852903028915847,435.60000000000002,0.02550676907165806,435.60000000000002,0.026139721777167415,435.60000000000002,0.029934598136703877,435.60000000000002,0.02014966557310343,435.60000000000002,0.019873392504429353,435.60000000000002,0.023641438417130792,435.60000000000002,0.023056382085908295,435.60000000000002,0.025560260420640368,435.60000000000002,0.025731161465883372,435.60000000000002,0.030397073658689586,435.60000000000002,0.030529488059815361,435.60000000000002,0.027452124818799117,435.60000000000002,0.021829514339241962,435.60000000000002,0.02498240973864686,435.60000000000002,0.027228707306528318,435.60000000000002,0.030721031170790839,435.60000000000002,0.031098691962734078,435.60000000000002,0.042756542305638204,435.60000000000002,0.042720005425430023,435.60000000000002,0.024792138212829447,435.60000000000002,0.023660554580673596,435.60000000000002,0.033090587726660056,435.60000000000002,0.032642608275476215,435.60000000000002,0.041153624441562182,435.60000000000002,0.039976984308639149,435.60000000000002,0.061478683994133754,435.60000000000002,0.062210989886659379,435.60000000000002,0.018627790069767645,435.60000000000002,0.018973194984868141,435.60000000000002,0.020769775268516394,435.60000000000002,0.019814814814814813,435.60000000000002,0.020990098590235921,435.60000000000002,0.021741223943100803,435.60000000000002,0.024093741257852044,435.60000000000002,0.023870027042377697,435.60000000000002,0.018570314420623419,435.60000000000002,0.019226833837728784,435.60000000000002,0.021480591371870843,435.60000000000002,0.021659588175953474,435.60000000000002,0.022578181294134598,435.60000000000002,0.02257775743241525,435.60000000000002,0.025383806786873849,435.60000000000002,0.02487775828013869,435.60000000000002,0.020341251070250845,435.60000000000002,0.020477904088570146,435.60000000000002,0.024543246611225554,435.60000000000002,0.024402227817196916,435.60000000000002,0.026522765612946433,435.60000000000002,0.026196434475216808,435.60000000000002,0.033450743029594034,435.60000000000002,0.033280096301382636,435.60000000000002,0.023061298881852786,435.60000000000002,0.022544229970414453,435.60000000000002,0.028251188932122782,435.60000000000002,0.028306079024778958,435.60000000000002,0.033372498156201524,435.60000000000002,0.034320041029814431,435.60000000000002,0.046684807948254962,435.60000000000002,0.047648457567203276
436.39999999999998,0.020501258869306479,436.39999999999998,0.020157295084051782,436.39999999999998,0.020481294982324965,436.39999999999998,0.024134940616973119,436.39999999999998,0.024636199486279597,436.39999999999998,0.025923001280062391,436.39999999999998,0.027189203394284652,436.39999999999998,0.031272305722980932,436.39999999999998,0.020539618354907894,436.39999999999998,0.020526139552232481,436.39999999999998,0.024331485296236952,436.39999999999998,0.024060934360774139,436.39999999999998,0.026092630740147334,436.39999999999998,0.027087518967811943,436.39999999999998,0.032478234700711241,436.39999999999998,0.032575892440850095,436.39999999999998,0.028869518408314476,436.39999999999998,0.022192339971007859,436.39999999999998,0.025740274492849449,436.39999999999998,0.028083212532743318,436.39999999999998,0.032118079397777263,436.39999999999998,0.032659350813390643,436.39999999999998,0.046142349719827398,436.39999999999998,0.045887100192433229,436.39999999999998,0.025131227588311593,436.39999999999998,0.023998796232717036,436.39999999999998,0.034953036121495716,436.39999999999998,0.034385527665454427,436.39999999999998,0.044094377050431066,436.39999999999998,0.043782414824987494,436.39999999999998,0.068112119902003179,436.39999999999998,0.06790769139475937,436.39999999999998,0.019140662750184383,436.39999999999998,0.018627323821876353,436.39999999999998,0.021014767342302242,436.39999999999998,0.021053338758763342,436.39999999999998,0.021740333833490163,436.39999999999998,0.022159151598382543,436.39999999999998,0.025152547832795032,436.39999999999998,0.024881361104753186,436.39999999999998,0.01909675067605944,436.39999999999998,0.020152547832795034,436.39999999999998,0.022268974169866822,436.39999999999998,0.021606181599315037,436.39999999999998,0.023341980112408126,436.39999999999998,0.023344947144443601,436.39999999999998,0.026393445402371929,436.39999999999998,0.026002687283300695,436.39999999999998,0.02080749896153879,436.39999999999998,0.020923806617329163,436.39999999999998,0.024939133457100953,436.39999999999998,0.025137204038554462,436.39999999999998,0.027813000686655986,436.39999999999998,0.027335774776836807,436.39999999999998,0.035236896314946219,436.39999999999998,0.035743580614260403,436.39999999999998,0.023174046099200596,436.39999999999998,0.022996914286683115,436.39999999999998,0.030119571391029387,436.39999999999998,0.029858260641048462,436.39999999999998,0.035462984156048934,436.39999999999998,0.03610619431516663,436.39999999999998,0.050664021769537909,436.39999999999998,0.052169366665818957
437.10000000000002,0.020645371853886388,437.10000000000002,0.021181344998007851,437.10000000000002,0.020625407966904877,437.10000000000002,0.024688504022447714,437.10000000000002,0.024996481947729372,437.10000000000002,0.025950128430100961,437.10000000000002,0.028212405584802012,437.10000000000002,0.032519306901316512,437.10000000000002,0.020668472317591106,437.10000000000002,0.020733831794715295,437.10000000000002,0.02499694819562066,437.10000000000002,0.023948187143426326,437.10000000000002,0.026323211515475189,437.10000000000002,0.02747916719649382,437.10000000000002,0.034354246670566198,437.10000000000002,0.034317964107389597,437.10000000000002,0.029533285860820772,437.10000000000002,0.022692496799844024,437.10000000000002,0.026595627442503156,437.10000000000002,0.029259852665666358,437.10000000000002,0.034003416325457982,437.10000000000002,0.034427701906530016,437.10000000000002,0.049285708230546857,437.10000000000002,0.049075388045404081,437.10000000000002,0.025652577503115382,437.10000000000002,0.024507430295940248,437.10000000000002,0.03688584556174393,437.10000000000002,0.037130456159982374,437.10000000000002,0.048160058662461952,437.10000000000002,0.046818112458991382,437.10000000000002,0.075922195942795617,437.10000000000002,0.075856794079499509,437.10000000000002,0.019397522952112101,437.10000000000002,0.019308893466595461,437.10000000000002,0.020792663801361438,437.10000000000002,0.021311894407568477,437.10000000000002,0.022068402804269135,437.10000000000002,0.021859057501080852,437.10000000000002,0.025571323211515479,437.10000000000002,0.025190780159880643,437.10000000000002,0.01881954511160279,437.10000000000002,0.02028140179547825,437.10000000000002,0.02233509659808584,437.10000000000002,0.022495443486516963,437.10000000000002,0.023694633062909552,437.10000000000002,0.024115527750226767,437.10000000000002,0.027359002399057326,437.10000000000002,0.0268258267422836,437.10000000000002,0.021207624424607718,437.10000000000002,0.02096619278926443,437.10000000000002,0.025634266676839348,437.10000000000002,0.025828098641099324,437.10000000000002,0.028676830870696741,437.10000000000002,0.028140264320168189,437.10000000000002,0.036747539482719159,437.10000000000002,0.037525495282419059,437.10000000000002,0.023769147953171754,437.10000000000002,0.023227495062010967,437.10000000000002,0.031494578808609473,437.10000000000002,0.031103566372506632,437.10000000000002,0.037812873528140188,437.10000000000002,0.038335706958961713,437.10000000000002,0.056641319735849384,437.10000000000002,0.056732661936369881
437.89999999999998,0.020514822444325766,437.89999999999998,0.021236447021523702,437.89999999999998,0.020721200715478585,437.89999999999998,0.024818205708569633,437.89999999999998,0.026443545857599417,437.89999999999998,0.026883471936115559,437.89999999999998,0.029329705077015676,437.89999999999998,0.03400197519561219,437.89999999999998,0.021007561693073246,437.89999999999998,0.021470503462950246,437.89999999999998,0.025220747183438873,437.89999999999998,0.025240965387451998,437.89999999999998,0.027081923993116486,437.89999999999998,0.028026796537897476,437.89999999999998,0.037142409060468111,437.89999999999998,0.036422013682256296,437.89999999999998,0.030581919754499295,437.89999999999998,0.023178242330222192,437.89999999999998,0.027003382416520436,437.89999999999998,0.030491594822105235,437.89999999999998,0.036278706034943153,437.89999999999998,0.037121766994735642,437.89999999999998,0.053513305019370475,437.89999999999998,0.053069860888583717,437.89999999999998,0.026348558446292483,437.89999999999998,0.025403473970651815,437.89999999999998,0.038302391427820583,437.89999999999998,0.038520722599459163,437.89999999999998,0.051428032518671098,437.89999999999998,0.050684579062926512,437.89999999999998,0.083544077380195481,437.89999999999998,0.083627027118672814,437.89999999999998,0.019059281300068665,437.89999999999998,0.019130871544467336,437.89999999999998,0.020905411018709252,437.89999999999998,0.021893432686520352,437.89999999999998,0.022643159295711368,437.89999999999998,0.022184583301543707,437.89999999999998,0.025740020175817845,437.89999999999998,0.025977467510999212,437.89999999999998,0.019397692496799845,437.89999999999998,0.020024541593550521,437.89999999999998,0.02216724735722218,437.89999999999998,0.022085993065622277,437.89999999999998,0.023992183989895135,437.89999999999998,0.024633486771275744,437.89999999999998,0.028060069682866663,437.89999999999998,0.028233047650534488,437.89999999999998,0.02146702779685156,437.89999999999998,0.021065376431592956,437.89999999999998,0.025766511533277383,437.89999999999998,0.0257450217441062,437.89999999999998,0.029356705068538439,437.89999999999998,0.028957469715080154,437.89999999999998,0.038982138467146481,437.89999999999998,0.040035604384425619,437.89999999999998,0.02332324542441274,437.89999999999998,0.023701372464247264,437.89999999999998,0.033242584539219917,437.89999999999998,0.032233581716300877,437.89999999999998,0.040753626137009072,437.89999999999998,0.040762739163975152,437.89999999999998,0.061013877232691617,437.89999999999998,0.06108063545348965
438.60000000000002,0.020623331044480053,438.60000000000002,0.020941439264854231,438.60000000000002,0.021323932080398095,438.60000000000002,0.024833464730466329,438.60000000000002,0.026608004204708255,438.60000000000002,0.027543000771428326,438.60000000000002,0.030636046896060629,438.60000000000002,0.036040750065698561,438.60000000000002,0.02076426506616481,438.60000000000002,0.021645982214762254,438.60000000000002,0.025814153590532619,438.60000000000002,0.025152802149826643,438.60000000000002,0.02810173528987903,438.60000000000002,0.028912667531344576,438.60000000000002,0.0385487822452803,438.60000000000002,0.038370929867839916,438.60000000000002,0.031868763934454029,438.60000000000002,0.023518179429143037,438.60000000000002,0.027686647508116953,438.60000000000002,0.03196748132889126,438.60000000000002,0.038457355272415922,438.60000000000002,0.039130023821028627,438.60000000000002,0.059093020692929134,438.60000000000002,0.057870518721972151,438.60000000000002,0.02695128981121199,438.60000000000002,0.025920585268262082,438.60000000000002,0.040824368657969019,438.60000000000002,0.041531836253740587,438.60000000000002,0.05590146910471927,438.60000000000002,0.055115629477039414,438.60000000000002,0.091354153420987946,438.60000000000002,0.092172927104261518,438.60000000000002,0.018854979951340677,438.60000000000002,0.019403838491730462,438.60000000000002,0.021267388927036442,438.60000000000002,0.021738299297237272,438.60000000000002,0.023114493527631542,438.60000000000002,0.022606749574018974,438.60000000000002,0.026074870934106459,438.60000000000002,0.026164814390953094,438.60000000000002,0.019460424031264044,438.60000000000002,0.019752422369726103,438.60000000000002,0.022405457643498383,438.60000000000002,0.022348787331620931,438.60000000000002,0.024243957851190625,438.60000000000002,0.024696218305739939,438.60000000000002,0.028930681654417065,438.60000000000002,0.029644507175978909,438.60000000000002,0.021703542636250354,438.60000000000002,0.02118914405364394,438.60000000000002,0.026461644753015778,438.60000000000002,0.026273153446419638,438.60000000000002,0.030561320074938749,438.60000000000002,0.030481676457872385,438.60000000000002,0.04159227893492027,438.60000000000002,0.041954002526215853,438.60000000000002,0.024067546603596043,438.60000000000002,0.023908216983291371,438.60000000000002,0.034302238837601612,438.60000000000002,0.034199452370658592,438.60000000000002,0.043089951934081029,438.60000000000002,0.04410616040622907,438.60000000000002,0.066854691725371507,438.60000000000002,0.065971999694819553
439.39999999999998,0.020600442511635005,439.39999999999998,0.021236447021523698,439.39999999999998,0.021780855013860283,439.39999999999998,0.025625238422217138,439.39999999999998,0.028055068114578297,439.39999999999998,0.028904444613989132,439.39999999999998,0.031881352627518796,439.39999999999998,0.038402507565931693,439.39999999999998,0.021398362198316419,439.39999999999998,0.0222232818765206,439.39999999999998,0.026146461178505123,439.39999999999998,0.026462534862626421,439.39999999999998,0.029347888744775903,439.39999999999998,0.030383467697498365,439.39999999999998,0.04132338106016293,439.39999999999998,0.04083271873384027,439.39999999999998,0.033494697489890903,439.39999999999998,0.02443032984919,439.39999999999998,0.028879394386375393,439.39999999999998,0.033732441528275814,439.39999999999998,0.041602409230012793,439.39999999999998,0.042085187728355497,439.39999999999998,0.064303976670650964,439.39999999999998,0.063607910955130006,439.39999999999998,0.027358197061790566,439.39999999999998,0.02727439959987454,439.39999999999998,0.043911777421733932,439.39999999999998,0.04337987335011826,439.39999999999998,0.061120054593389442,439.39999999999998,0.060343539923535347,439.39999999999998,0.099557573137339678,439.39999999999998,0.10000673940133771,439.39999999999998,0.018640505921348225,439.39999999999998,0.019263964124344078,439.39999999999998,0.021974390274916707,439.39999999999998,0.021862066919288256,439.39999999999998,0.023084823207276856,439.39999999999998,0.023103515509100316,439.39999999999998,0.026797131303883427,439.39999999999998,0.02748811067877216,439.39999999999998,0.019824097386468641,439.39999999999998,0.019775310902571151,439.39999999999998,0.022580088671871685,439.39999999999998,0.022701440282122363,439.39999999999998,0.02510439714147656,439.39999999999998,0.024783533819926592,439.39999999999998,0.030192094131210635,439.39999999999998,0.029954773954545068,439.39999999999998,0.021723887998779282,439.39999999999998,0.021110305773844346,439.39999999999998,0.027211032272831309,439.39999999999998,0.027454879919974903,439.39999999999998,0.032119435755279202,439.39999999999998,0.032367861108991799,439.39999999999998,0.044622042504853208,439.39999999999998,0.044997329671168082,439.39999999999998,0.024080262455176624,439.39999999999998,0.024495689326314185,439.39999999999998,0.035265252663970903,439.39999999999998,0.035962717123165747,439.39999999999998,0.046702949229843249,439.39999999999998,0.047048608461975366,439.39999999999998,0.072013936573332327,439.39999999999998,0.072097649262904462
440.10000000000002,0.021280316709476704,440.10000000000002,0.021730669786288924,440.10000000000002,0.0224641201054568,440.10000000000002,0.026267812788755795,440.10000000000002,0.028830735060993703,440.10000000000002,0.030376940227020335,440.10000000000002,0.033314852962369558,440.10000000000002,0.040587090867475396,440.10000000000002,0.021723887998779279,440.10000000000002,0.02261662555207989,440.10000000000002,0.027647779388452309,440.10000000000002,0.026748217661470119,440.10000000000002,0.030498249451099073,440.10000000000002,0.032601959936590284,440.10000000000002,0.044346362842586237,440.10000000000002,0.043926909285114821,440.10000000000002,0.035413943355119833,440.10000000000002,0.025473029678797589,440.10000000000002,0.030465484940193112,440.10000000000002,0.034740384696896484,440.10000000000002,0.044271890338495969,440.10000000000002,0.044408797673846874,440.10000000000002,0.069873519662945138,440.10000000000002,0.07055754770563652,440.10000000000002,0.028311038206895386,440.10000000000002,0.027883065028864985,440.10000000000002,0.047356077753193795,440.10000000000002,0.046830107745649059,440.10000000000002,0.066570068580826189,440.10000000000002,0.066108059306731776,440.10000000000002,0.10897917143511102,440.10000000000002,0.10944613989132186,440.10000000000002,0.019472122614718177,440.10000000000002,0.019390274916711175,440.10000000000002,0.022104091961038626,440.10000000000002,0.022302035383976331,440.10000000000002,0.02341797851868806,440.10000000000002,0.023974975204089418,440.10000000000002,0.02790595356171003,440.10000000000002,0.028435017759806041,440.10000000000002,0.020252197723014845,440.10000000000002,0.020618795724082973,440.10000000000002,0.023398141790222357,440.10000000000002,0.023245678729771197,440.10000000000002,0.02555538601086781,440.10000000000002,0.02535150852385918,440.10000000000002,0.0316730669786289,440.10000000000002,0.031091571085848951,440.10000000000002,0.021836635216127092,440.10000000000002,0.021936836126582065,440.10000000000002,0.028001110517704705,440.10000000000002,0.02846451853547298,440.10000000000002,0.034676169646414554,440.10000000000002,0.034370183871213857,440.10000000000002,0.04790866627671389,440.10000000000002,0.048624738265388302,440.10000000000002,0.025494265150937157,440.10000000000002,0.025501937048057442,440.10000000000002,0.037230275594889922,440.10000000000002,0.038839042750693012,440.10000000000002,0.04982341920771767,440.10000000000002,0.050437806769919387,440.10000000000002,0.079746022057763877,440.10000000000002,0.079464365945254009
440.89999999999998,0.022487474886193133,440.89999999999998,0.022890355450437851,440.89999999999998,0.023006663106228224,440.89999999999998,0.026850198791146376,440.89999999999998,0.030069259004942225,440.89999999999998,0.03150356467705976,440.89999999999998,0.035162890058747232,440.89999999999998,0.043003950391224371,440.89999999999998,0.022371548705950168,440.89999999999998,0.023253265854547608,440.89999999999998,0.028150479387604586,440.89999999999998,0.028085077524308468,440.89999999999998,0.03209281723930385,440.89999999999998,0.033790468197655202,440.89999999999998,0.047560930122156946,440.89999999999998,0.046843077914261254,440.89999999999998,0.037299280282800537,440.89999999999998,0.026387723269160668,440.89999999999998,0.031953239575121008,440.89999999999998,0.036499410832210102,440.89999999999998,0.048053584598560559,440.89999999999998,0.047866661580326028,440.89999999999998,0.074922560463874258,440.89999999999998,0.076422098454600171,440.89999999999998,0.029441901274128331,440.89999999999998,0.029506455413985749,440.89999999999998,0.050928384323898172,440.89999999999998,0.049575036240177006,440.89999999999998,0.072055686952688561,440.89999999999998,0.071348685604808296,440.89999999999998,0.11947059671252852,440.89999999999998,0.11923649788493003,440.89999999999998,0.019271212159745008,440.89999999999998,0.01987347727677323,440.89999999999998,0.022594076108610323,440.89999999999998,0.022433432516975663,440.89999999999998,0.023597695887693594,440.89999999999998,0.024244551257597724,440.89999999999998,0.028934242092859632,440.89999999999998,0.029259852665666355,440.89999999999998,0.020586200757864756,440.89999999999998,0.021099454913828912,440.89999999999998,0.023954248366013068,440.89999999999998,0.024156133702940754,440.89999999999998,0.026119969821045579,440.89999999999998,0.026641743597568733,440.89999999999998,0.032662360231598048,440.89999999999998,0.031781617964955121,440.89999999999998,0.021890889516204236,440.89999999999998,0.02249124725549537,440.89999999999998,0.029326102252401176,440.89999999999998,0.029675915329382938,440.89999999999998,0.035716326305706023,440.89999999999998,0.036053762620482696,440.89999999999998,0.051712401346184822,440.89999999999998,0.052366589523833752,440.89999999999998,0.026713291455795457,440.89999999999998,0.026282690335105077,440.89999999999998,0.039433508812085141,440.89999999999998,0.040314929257479037,440.89999999999998,0.0543070284750303,440.89999999999998,0.053770207607470144,440.89999999999998,0.087468782584369673,440.89999999999998,0.087354127989284755
441.60000000000002,0.023028322440087151,441.60000000000002,0.022773369615896516,441.60000000000002,0.023341513864516841,441.60000000000002,0.027631799801632717,441.60000000000002,0.031220467434704104,441.60000000000002,0.032985385247916714,441.60000000000002,0.036635385671778438,441.60000000000002,0.04567258377626883,441.60000000000002,0.022352051066859946,441.60000000000002,0.023691538872358281,441.60000000000002,0.029785737900867221,441.60000000000002,0.029321906021379584,441.60000000000002,0.033391529547400448,441.60000000000002,0.035339258920169883,441.60000000000002,0.050631384417147748,441.60000000000002,0.050042386171935266,441.60000000000002,0.039281257682493659,441.60000000000002,0.02646401837864415,441.60000000000002,0.033362155930249313,441.60000000000002,0.038787416393275854,441.60000000000002,0.050787492688385338,441.60000000000002,0.050664148928053709,441.60000000000002,0.082268931783694876,441.60000000000002,0.082354467078660246,441.60000000000002,0.030846579012063106,441.60000000000002,0.03088909234251418,441.60000000000002,0.054510015852428297,441.60000000000002,0.054424862033010356,441.60000000000002,0.077361587955545374,441.60000000000002,0.077068275645753331,441.60000000000002,0.12946610377830339,441.60000000000002,0.12923370039758228,441.60000000000002,0.019906157015335321,441.60000000000002,0.020429583852563941,441.60000000000002,0.022893322482473319,441.60000000000002,0.023404075854293299,441.60000000000002,0.024819265362868013,441.60000000000002,0.025230453616812056,441.60000000000002,0.030076125564795744,441.60000000000002,0.02992277239473394,441.60000000000002,0.021077032628875159,441.60000000000002,0.021418198926782126,441.60000000000002,0.024696854098318961,441.60000000000002,0.024301942134398076,441.60000000000002,0.026963454642557411,441.60000000000002,0.027700550172511725,441.60000000000002,0.034382391088731215,441.60000000000002,0.033534710036197797,441.60000000000002,0.022971736900553562,441.60000000000002,0.023416113527122914,441.60000000000002,0.030323872739757386,441.60000000000002,0.030351550910031107,441.60000000000002,0.037627942659986612,441.60000000000002,0.037784813882319031,441.60000000000002,0.055660249400235673,441.60000000000002,0.055838864728770886,441.60000000000002,0.027966226698201979,441.60000000000002,0.027115154751913739,441.60000000000002,0.042275077778625492,441.60000000000002,0.043593923518391357,441.60000000000002,0.057830167086289762,441.60000000000002,0.05803256105728067,441.60000000000002,0.095260208709510588,441.60000000000002,0.095203199308257672
442.39999999999998,0.023013063418190455,442.39999999999998,0.023282851402558435,442.39999999999998,0.024101921789035544,442.39999999999998,0.028648220204640442,442.39999999999998,0.032631079236709812,442.39999999999998,0.034011978332188907,442.39999999999998,0.038164678755202901,442.39999999999998,0.048485330145893207,442.39999999999998,0.022805583106567311,442.39999999999998,0.024111161974517435,442.39999999999998,0.030482566567483025,442.39999999999998,0.030207777014826683,442.39999999999998,0.034645312513245673,442.39999999999998,0.036881267855174926,442.39999999999998,0.053672168391783862,442.39999999999998,0.053912243669625222,442.39999999999998,0.041859184659596656,442.39999999999998,0.026996388698151113,442.39999999999998,0.034554055085069049,442.39999999999998,0.041875672880479463,442.39999999999998,0.05428096097929011,442.39999999999998,0.054530615531988839,442.39999999999998,0.089027830760492671,442.39999999999998,0.088236820019836723,442.39999999999998,0.032069843934114939,442.39999999999998,0.032183566033417259,442.39999999999998,0.058705399150581115,442.39999999999998,0.058790637742342937,442.39999999999998,0.083785636174054573,442.39999999999998,0.082870094860252791,442.39999999999998,0.14031865924060932,442.39999999999998,0.13956405822164575,442.39999999999998,0.01930596882073193,442.39999999999998,0.020413477107228541,442.39999999999998,0.02344942905826403,442.39999999999998,0.023080245500707853,442.39999999999998,0.025460144282529264,442.39999999999998,0.025683137933080719,442.39999999999998,0.031535905326246366,442.39999999999998,0.030625535125420683,442.39999999999998,0.021020235158481896,442.39999999999998,0.021389376329866143,442.39999999999998,0.025217356289684051,442.39999999999998,0.025316667090528388,442.39999999999998,0.02766791282012156,442.39999999999998,0.028421115095411273,442.39999999999998,0.035374227512016479,442.39999999999998,0.034953799072590566,442.39999999999998,0.023589727287369768,442.39999999999998,0.023667887388418404,442.39999999999998,0.031769241202750015,442.39999999999998,0.032185176707950798,442.39999999999998,0.039297957834236154,442.39999999999998,0.039771877622644392,442.39999999999998,0.059569949899544769,442.39999999999998,0.0594789891745717,442.39999999999998,0.02891313377923586,442.39999999999998,0.027587336707272623,442.39999999999998,0.044780100539999819,442.39999999999998,0.046012478489017739,442.39999999999998,0.062230699456609265,442.39999999999998,0.062586531370005846,442.39999999999998,0.10266761611691802,442.39999999999998,0.10293358934581183
443.10000000000002,0.022759594110017552,443.10000000000002,0.023043793392843522,443.10000000000002,0.024641073896052152,443.10000000000002,0.029985927790917494,443.10000000000002,0.034117986148199005,443.10000000000002,0.035497189796800686,443.10000000000002,0.039883861888897365,443.10000000000002,0.051014936886989985,443.10000000000002,0.02363804752337597,443.10000000000002,0.024373108517077389,443.10000000000002,0.031753304002102342,443.10000000000002,0.031654840924696726,443.10000000000002,0.035759221111704514,443.10000000000002,0.038820859082932785,443.10000000000002,0.057441146800267878,443.10000000000002,0.057230233208717993,443.10000000000002,0.043996295448572871,443.10000000000002,0.02756860201927723,443.10000000000002,0.03575443147427583,443.10000000000002,0.044584996990581785,443.10000000000002,0.058085543772199752,443.10000000000002,0.057617176572315042,443.10000000000002,0.096666666666666651,443.10000000000002,0.094875342268338353,443.10000000000002,0.033987394352466456,443.10000000000002,0.033695904648067619,443.10000000000002,0.063041504539559007,443.10000000000002,0.063622661342963474,443.10000000000002,0.090975178657714706,443.10000000000002,0.090102023515848187,443.10000000000002,0.150740571196053,443.10000000000002,0.15015466714139178,443.10000000000002,0.019717114688504025,443.10000000000002,0.020755957376465503,443.10000000000002,0.023571501233437601,443.10000000000002,0.023871171469019951,443.10000000000002,0.025832294872120912,443.10000000000002,0.026809762383120137,443.10000000000002,0.032668463840356723,443.10000000000002,0.031903902070988359,443.10000000000002,0.02150937158261489,443.10000000000002,0.021074870934106458,443.10000000000002,0.025491170960385882,443.10000000000002,0.025333621559302497,443.10000000000002,0.028487661385349642,443.10000000000002,0.028550816781533192,443.10000000000002,0.037643583157430716,443.10000000000002,0.036778099912684485,443.10000000000002,0.024542568432474588,443.10000000000002,0.024217212176699473,443.10000000000002,0.03303574002017582,443.10000000000002,0.033666997278807759,443.10000000000002,0.04159783152344379,443.10000000000002,0.041654671380008987,443.10000000000002,0.063820435221213431,443.10000000000002,0.06384900350109779,443.10000000000002,0.030051626357417156,443.10000000000002,0.029124259301645434,443.10000000000002,0.048227791765214516,443.10000000000002,0.049135491637208276,443.10000000000002,0.067050854929087939,443.10000000000002,0.067059120232615302,443.10000000000002,0.10973762959572067,443.10000000000002,0.11091999186185499
443.89999999999998,0.023032561057280677,443.89999999999998,0.023961877876961423,443.89999999999998,0.025487101887880097,443.89999999999998,0.031101531836253742,443.89999999999998,0.035154751913735661,443.89999999999998,0.036863719979993721,443.89999999999998,0.041440282122360401,443.89999999999998,0.05355725947966735,443.89999999999998,0.024300967252443562,443.89999999999998,0.024401931113993372,443.89999999999998,0.032760399447284309,443.89999999999998,0.032179581733255344,443.89999999999998,0.037719157701991302,443.89999999999998,0.040353543060112074,443.89999999999998,0.060620957418851686,443.89999999999998,0.06124589913786526,443.89999999999998,0.046408916355128303,443.89999999999998,0.028574002017581788,443.89999999999998,0.037591448165950336,443.89999999999998,0.04614819901155446,443.89999999999998,0.062329247306358776,443.89999999999998,0.062251680611717222,443.89999999999998,0.10346625636852232,443.89999999999998,0.10214202758492066,443.89999999999998,0.035659952697032128,443.89999999999998,0.035216720497105031,443.89999999999998,0.067890482608953653,443.89999999999998,0.067868060323999904,443.89999999999998,0.097872256555021492,443.89999999999998,0.096992319625645321,443.89999999999998,0.16191271839475088,443.89999999999998,0.16189139815026746,443.89999999999998,0.019706094283800851,443.89999999999998,0.0203753295524868,443.89999999999998,0.023907199715164924,443.89999999999998,0.023789790018904237,443.89999999999998,0.026448589812059713,443.89999999999998,0.027485397963768303,443.89999999999998,0.03391716046556971,443.89999999999998,0.033381484024651797,443.89999999999998,0.021679763993794666,443.89999999999998,0.021599611742665076,443.89999999999998,0.025875189678119411,443.89999999999998,0.025945677882047765,443.89999999999998,0.028698744521587275,443.89999999999998,0.029355306324864577,443.89999999999998,0.038596424302535536,443.89999999999998,0.0384260742775277,443.89999999999998,0.024704483609267313,443.89999999999998,0.025042047082559787,443.89999999999998,0.034913447436908177,443.89999999999998,0.035286996770173697,443.89999999999998,0.043861253104787098,443.89999999999998,0.043947763281706978,443.89999999999998,0.068346430660461324,443.89999999999998,0.068417385112280973,443.89999999999998,0.031088392122953806,443.89999999999998,0.030365326415910075,443.89999999999998,0.051734823631138571,443.89999999999998,0.051655773420479299,443.89999999999998,0.071910005679747022,443.89999999999998,0.071897925620745484,443.89999999999998,0.11893542890567381,443.89999999999998,0.11911832523757448
444.60000000000002,0.023359782304620942,444.60000000000002,0.024244169782050309,444.60000000000002,0.025881293286878087,444.60000000000002,0.032220526775344815,444.60000000000002,0.036398362198316422,444.60000000000002,0.038516780685469161,444.60000000000002,0.043318837262531475,444.60000000000002,0.056492925747904002,444.60000000000002,0.024980841450285261,444.60000000000002,0.024817315598958993,444.60000000000002,0.033546239074964179,444.60000000000002,0.034027618829633018,444.60000000000002,0.039185719250951566,444.60000000000002,0.041877749802904304,444.60000000000002,0.063874519976602845,444.60000000000002,0.064512177547197,444.60000000000002,0.048816450921051524,444.60000000000002,0.029704865084814729,444.60000000000002,0.039915905834880423,444.60000000000002,0.04858540389783237,444.60000000000002,0.066923060620703106,444.60000000000002,0.065866373354356883,444.60000000000002,0.10991149767299915,444.60000000000002,0.10854827361121705,444.60000000000002,0.038304849825792839,444.60000000000002,0.03730720649695244,444.60000000000002,0.073314217169790516,444.60000000000002,0.072622093368259547,444.60000000000002,0.1044599153972008,444.60000000000002,0.10457435806142605,444.60000000000002,0.17130040775497402,444.60000000000002,0.17144100268728332,444.60000000000002,0.020586878936615722,444.60000000000002,0.021448547425887782,444.60000000000002,0.02410726244669939,444.60000000000002,0.025077481922297671,444.60000000000002,0.027408212744674171,444.60000000000002,0.027509134220052051,444.60000000000002,0.034862372099726188,444.60000000000002,0.034686130396819344,444.60000000000002,0.021956969558251316,444.60000000000002,0.022067555080830432,444.60000000000002,0.026098988665937625,444.60000000000002,0.026091486313505087,444.60000000000002,0.029690580944872542,444.60000000000002,0.030180988954163598,444.60000000000002,0.04080559158380169,444.60000000000002,0.039734111543450065,444.60000000000002,0.025069852411349323,444.60000000000002,0.025784652814865677,444.60000000000002,0.036672473572221802,444.60000000000002,0.036230512957452755,444.60000000000002,0.045723701499622765,444.60000000000002,0.045831404762510283,444.60000000000002,0.072718988157303571,444.60000000000002,0.072736536032484769,444.60000000000002,0.032347261429431264,444.60000000000002,0.032281181387384179,444.60000000000002,0.05475356679636835,444.60000000000002,0.054770309334282785,444.60000000000002,0.07690563990403769,444.60000000000002,0.076724015157295072,444.60000000000002,0.12670481422140842,444.60000000000002,0.12723527716317828
445.39999999999998,0.024366877749802906,445.39999999999998,0.024775692378118566,445.39999999999998,0.026663742020803138,445.39999999999998,0.033105550045353212,445.39999999999998,0.03790900536608937,445.39999999999998,0.040552164661800734,445.39999999999998,0.04468197655196969,445.39999999999998,0.059731229283758472,445.39999999999998,0.025308910421064233,445.39999999999998,0.024980926222629131,445.39999999999998,0.035163695396013994,445.39999999999998,0.034871103651144854,445.39999999999998,0.040915075065910501,445.39999999999998,0.043074735298356266,445.39999999999998,0.067721488941447749,445.39999999999998,0.06826589693378432,445.39999999999998,0.051704644676720674,445.39999999999998,0.030678051592448484,445.39999999999998,0.042421776319693467,445.39999999999998,0.050372404906623265,445.39999999999998,0.069935869721861957,445.39999999999998,0.069928664072632957,445.39999999999998,0.11575655078287259,445.39999999999998,0.11521561845663467,445.39999999999998,0.040496214914846194,445.39999999999998,0.039262056746606988,445.39999999999998,0.077949568932631413,445.39999999999998,0.077638920678517839,445.39999999999998,0.11076952095148479,445.39999999999998,0.11144007019150072,445.39999999999998,0.18018285394572875,445.39999999999998,0.18030310351550916,445.39999999999998,0.02146257724879835,445.39999999999998,0.021526537982248673,445.39999999999998,0.02484817273212787,445.39999999999998,0.025505582258843876,445.39999999999998,0.028442435339894708,445.39999999999998,0.028247501335164418,445.39999999999998,0.03573637496503141,445.39999999999998,0.036008578961199696,445.39999999999998,0.022051066859947614,445.39999999999998,0.022870349177284404,445.39999999999998,0.026871264718598204,445.39999999999998,0.027335944321524551,445.39999999999998,0.030720564922899551,445.39999999999998,0.031071946288242926,445.39999999999998,0.041578715359900979,445.39999999999998,0.041432949314615594,445.39999999999998,0.025714122224765396,445.39999999999998,0.026643396658274202,445.39999999999998,0.038462017751328813,445.39999999999998,0.037675881420445395,445.39999999999998,0.048655976874104591,445.39999999999998,0.048592440002373623,445.39999999999998,0.07598780973695142,445.39999999999998,0.076989564524469548,445.39999999999998,0.033134796503988533,445.39999999999998,0.033368810559243157,445.39999999999998,0.057723989725591916,445.39999999999998,0.057631375939913361,445.39999999999998,0.081124759458474263,445.39999999999998,0.081007561693073243,445.39999999999998,0.13408339903189989,445.39999999999998,0.13419254342463316
446.10000000000002,0.024886532217729292,446.10000000000002,0.0250664615175945,446.10000000000002,0.027721700872307419,446.10000000000002,0.033831201308884985,446.10000000000002,0.039416257640107484,446.10000000000002,0.042082305468663907,446.10000000000002,0.04709205428820902,446.10000000000002,0.062427837542280207,446.10000000000002,0.026100684112815034,446.10000000000002,0.025898162983308326,446.10000000000002,0.036156379542737975,446.10000000000002,0.036401244458008013,446.10000000000002,0.041822139145325225,446.10000000000002,0.044961767672914391,446.10000000000002,0.071791409170672157,446.10000000000002,0.071183761009808152,446.10000000000002,0.053828191890677606,446.10000000000002,0.031863168959758562,446.10000000000002,0.044107050515839706,446.10000000000002,0.053428447903156068,446.10000000000002,0.07311568034044573,446.10000000000002,0.073229699142951604,446.10000000000002,0.12041733424887463,446.10000000000002,0.12057153514237512,446.10000000000002,0.043324220306367255,446.10000000000002,0.041628900587472345,446.10000000000002,0.082311953748209182,446.10000000000002,0.082269186100726505,446.10000000000002,0.11630769817654688,446.10000000000002,0.11756148114239211,446.10000000000002,0.18750718445614303,446.10000000000002,0.1878359739918449,446.10000000000002,0.02163127421310072,446.10000000000002,0.02268791909327501,446.10000000000002,0.025351720454718851,446.10000000000002,0.025810762696777803,446.10000000000002,0.029334240397412743,446.10000000000002,0.028703576545187896,446.10000000000002,0.036873172096335297,446.10000000000002,0.03673253477785407,446.10000000000002,0.022581741732577171,446.10000000000002,0.022734713427091546,446.10000000000002,0.02743584852877597,446.10000000000002,0.028140433864855933,446.10000000000002,0.031920093588667632,446.10000000000002,0.032123123352237569,446.10000000000002,0.042829107431991378,446.10000000000002,0.042807109008756984,446.10000000000002,0.026539804854064417,446.10000000000002,0.027238498512245361,446.10000000000002,0.039251248272763502,446.10000000000002,0.03907123420055441,446.10000000000002,0.050736290192687536,446.10000000000002,0.050366725159583937,446.10000000000002,0.079386333002721188,446.10000000000002,0.080984885091087908,446.10000000000002,0.034676805438993583,446.10000000000002,0.034934555750531955,446.10000000000002,0.061051304222510441,446.10000000000002,0.060400040690725063,446.10000000000002,0.085353203970736605,446.10000000000002,0.08477484465467984,446.10000000000002,0.14004882887006945,446.10000000000002,0.13965612098708916
446.89999999999998,0.025921602536388533,446.89999999999998,0.025659867924688252,446.89999999999998,0.028714385019031393,446.89999999999998,0.034427998609733557,446.89999999999998,0.040683604180971993,446.89999999999998,0.043490374100353495,446.89999999999998,0.048171206225680933,446.89999999999998,0.064805701787848752,446.89999999999998,0.027234938073802801,446.89999999999998,0.027066325881844308,446.89999999999998,0.03819430668938565,446.89999999999998,0.037614336698795381,446.89999999999998,0.043241228181717987,446.89999999999998,0.047823682001983669,446.89999999999998,0.074811847782779356,446.89999999999998,0.074041436721683923,446.89999999999998,0.055738112798080774,446.89999999999998,0.033176292566313166,446.89999999999998,0.046149216279680917,446.89999999999998,0.055231555657282369,446.89999999999998,0.07489081322109474,446.89999999999998,0.076618897450895618,446.89999999999998,0.12530700304332712,446.89999999999998,0.12527300933343502,446.89999999999998,0.045281613726337919,446.89999999999998,0.044600171240134621,446.89999999999998,0.085901214787687669,446.89999999999998,0.08658918474436901,446.89999999999998,0.12174499631240306,446.89999999999998,0.12245708400091553,446.89999999999998,0.19375151530564666,446.89999999999998,0.19503229826301469,446.89999999999998,0.022031399676169645,446.89999999999998,0.022743021116790857,446.89999999999998,0.026310495663894609,446.89999999999998,0.026304985461543032,446.89999999999998,0.029897128760713102,446.89999999999998,0.029743733204479369,446.89999999999998,0.037388587947068147,446.89999999999998,0.03797868823275094,446.89999999999998,0.023459983215075916,446.89999999999998,0.023304383577901544,446.89999999999998,0.028175063367327041,446.89999999999998,0.028876257809652184,446.89999999999998,0.032828005391521066,446.89999999999998,0.032767393165653635,446.89999999999998,0.043899782135076254,446.89999999999998,0.044451692479845373,446.89999999999998,0.02798263014674093,446.89999999999998,0.027962454328899735,446.89999999999998,0.040766130057729971,446.89999999999998,0.040727685799784683,446.89999999999998,0.053412553088680342,446.89999999999998,0.053193035104227598,446.89999999999998,0.082706865712130068,446.89999999999998,0.084395276484999532,446.89999999999998,0.035921263447013047,446.89999999999998,0.036516407687156145,446.89999999999998,0.064205683137933067,446.89999999999998,0.063701075761043724,446.89999999999998,0.088594898400345873,446.89999999999998,0.088603163703873236,446.89999999999998,0.1457090782703051,446.89999999999998,0.14467125285047006
447.60000000000002,0.026244585166535273,447.60000000000002,0.026524545832167717,447.60000000000002,0.029716394123581128,447.60000000000002,0.035468155269025033,447.60000000000002,0.041482159660232436,447.60000000000002,0.044346574773445904,447.60000000000002,0.049773403524834059,447.60000000000002,0.06587807193781102,447.60000000000002,0.028391232844196906,447.60000000000002,0.028183625374057969,447.60000000000002,0.038747022371421545,447.60000000000002,0.038376440070191503,447.60000000000002,0.044151683154887544,447.60000000000002,0.050083712689572159,447.60000000000002,0.076536117257106046,447.60000000000002,0.076448123564168413,447.60000000000002,0.057496291209955683,447.60000000000002,0.03485308952807236,447.60000000000002,0.047812449666420821,447.60000000000002,0.057771335079643611,447.60000000000002,0.077682366504751493,447.60000000000002,0.079558802336325798,447.60000000000002,0.12875978060917406,447.60000000000002,0.12780261607453183,447.60000000000002,0.047649305290641986,447.60000000000002,0.047104346278070246,447.60000000000002,0.090087273128014719,447.60000000000002,0.089763909022320579,447.60000000000002,0.12561061519289948,447.60000000000002,0.12616333087493536,447.60000000000002,0.19919220433525767,447.60000000000002,0.20026614277358157,447.60000000000002,0.021680442172545625,447.60000000000002,0.02303887659689903,447.60000000000002,0.027024278799284523,447.60000000000002,0.026538957130625707,447.60000000000002,0.030123470918847432,447.60000000000002,0.029848850910878834,447.60000000000002,0.038460958097030422,447.60000000000002,0.038897620440307548,447.60000000000002,0.024096623517543641,447.60000000000002,0.024011384925781813,447.60000000000002,0.028831201308884984,447.60000000000002,0.029348439765011069,447.60000000000002,0.033353593923518395,447.60000000000002,0.034347549655400419,447.60000000000002,0.045089985843018571,447.60000000000002,0.045724125361342106,447.60000000000002,0.028882064715207312,447.60000000000002,0.028771182489424649,447.60000000000002,0.041378186380475239,447.60000000000002,0.041915346337410876,447.60000000000002,0.054313683104024131,447.60000000000002,0.054752846231445461,447.60000000000002,0.085718827089850208,447.60000000000002,0.086859608521316023,447.60000000000002,0.037999033595279876,447.60000000000002,0.038359358442901594,447.60000000000002,0.06681667132914558,447.60000000000002,0.066512974407229405,447.60000000000002,0.091992573942676945,447.60000000000002,0.092707840594084573,447.60000000000002,0.15016810355789528,447.60000000000002,0.14951684002610988
448.39999999999998,0.027283046378949335,448.39999999999998,0.026766994735637449,448.39999999999998,0.029952908962979922,448.39999999999998,0.03644558039385231,448.39999999999998,0.041911107720217354,448.39999999999998,0.045157846104286928,448.39999999999998,0.050250671820825168,448.39999999999998,0.067265795206971693,448.39999999999998,0.029218610920373336,448.39999999999998,0.028724472927951984,448.39999999999998,0.039545577850681995,448.39999999999998,0.039512389478056686,448.39999999999998,0.045742860049337503,448.39999999999998,0.051218814373998625,448.39999999999998,0.077460983528733596,448.39999999999998,0.077633240931478512,448.39999999999998,0.058881471308800233,448.39999999999998,0.036004297957834233,448.39999999999998,0.049195086594949262,448.39999999999998,0.05955579291811839,448.39999999999998,0.079467672066664968,448.39999999999998,0.081326305706026461,448.39999999999998,0.13189466188550647,448.39999999999998,0.13043988369234422,448.39999999999998,0.050067012537829664,448.39999999999998,0.049610216762883283,448.39999999999998,0.093256063341895346,448.39999999999998,0.093164975458406449,448.39999999999998,0.12909391080253979,448.39999999999998,0.12933720742944821,448.39999999999998,0.20316633181590835,448.39999999999998,0.20400968947890444,448.39999999999998,0.022692623958359821,448.39999999999998,0.022874418249790189,448.39999999999998,0.027537151479701261,448.39999999999998,0.026996727787526598,448.39999999999998,0.030250629434653235,448.39999999999998,0.029809007909259687,448.39999999999998,0.038777158939667523,448.39999999999998,0.039594449106923349,448.39999999999998,0.024729025202817834,448.39999999999998,0.024909124047370786,448.39999999999998,0.029485643803565522,448.39999999999998,0.029998643642498077,448.39999999999998,0.034093656485508168,448.39999999999998,0.034645100582386006,448.39999999999998,0.046531963412256384,448.39999999999998,0.046207327721404158,448.39999999999998,0.029893398777582802,448.39999999999998,0.029785907445554961,448.39999999999998,0.042998185871841177,448.39999999999998,0.043133524918830483,448.39999999999998,0.055289412781974002,448.39999999999998,0.055882861575239695,448.39999999999998,0.087695718148911112,448.39999999999998,0.088297347473360294,448.39999999999998,0.039500351805227055,448.39999999999998,0.040143816281376365,448.39999999999998,0.068705399150581103,448.39999999999998,0.069083271873384047,448.39999999999998,0.095142714240906048,448.39999999999998,0.095700304332714495,448.39999999999998,0.15222807151394932,448.39999999999998,0.15290942922780873
449.10000000000002,0.0279103617235913,449.10000000000002,0.0275036664038724,449.10000000000002,0.030721794121885682,449.10000000000002,0.037205140594932309,449.10000000000002,0.042615565897781503,449.10000000000002,0.045899604113154115,449.10000000000002,0.051428159677186912,449.10000000000002,0.068655213923009759,449.10000000000002,0.029375439756533825,449.10000000000002,0.029380610869509931,449.10000000000002,0.040458575994167668,449.10000000000002,0.039964226070886628,449.10000000000002,0.046639751447487762,449.10000000000002,0.051143366987953846,449.10000000000002,0.078688487067978929,449.10000000000002,0.078267338063630121,449.10000000000002,0.060668472317591121,449.10000000000002,0.037395412120749726,449.10000000000002,0.050703186592406094,449.10000000000002,0.061165619728219864,449.10000000000002,0.082394861100514555,449.10000000000002,0.082881030492612098,449.10000000000002,0.13357484974102049,449.10000000000002,0.13163771691123488,449.10000000000002,0.05287043394962828,449.10000000000002,0.051951628900587472,449.10000000000002,0.09650369183557557,449.10000000000002,0.095942965167043912,449.10000000000002,0.13061726982189334,449.10000000000002,0.13103774064749119,449.10000000000002,0.20549418037859329,449.10000000000002,0.20556695743580619,449.10000000000002,0.023027474716648434,449.10000000000002,0.022710807626120055,449.10000000000002,0.027636335122029787,449.10000000000002,0.027182379220603077,449.10000000000002,0.030170943431414934,449.10000000000002,0.030272712630231517,449.10000000000002,0.039571475801734438,449.10000000000002,0.039951340674618308,449.10000000000002,0.025155430092486632,449.10000000000002,0.024950662495867349,449.10000000000002,0.030433398608038113,449.10000000000002,0.030625958987140038,449.10000000000002,0.034389511965616334,449.10000000000002,0.034779040885701447,449.10000000000002,0.04725168061171723,449.10000000000002,0.046454015242067423,449.10000000000002,0.03036473300950298,449.10000000000002,0.030769266634453174,449.10000000000002,0.044295202733060368,449.10000000000002,0.044038045827929098,449.10000000000002,0.055887905529699987,449.10000000000002,0.056449988555733584,449.10000000000002,0.088868119664640616,449.10000000000002,0.08879157023812552,449.10000000000002,0.041637462594203256,449.10000000000002,0.041729906835194085,449.10000000000002,0.070385587006095124,449.10000000000002,0.07086264337122658,449.10000000000002,0.0976850368335834,449.10000000000002,0.097533082407195479,449.10000000000002,0.15368785127539994,449.10000000000002,0.15485495451963754
449.89999999999998,0.028335918889821385,449.89999999999998,0.027908878207573564,449.89999999999998,0.030565813009163893,449.89999999999998,0.038040148182057087,449.89999999999998,0.0432971355425006,449.89999999999998,0.045940294838211972,449.89999999999998,0.051264549053516781,449.89999999999998,0.069590252875901773,449.89999999999998,0.029706051897628913,449.89999999999998,0.029721395691869486,449.89999999999998,0.041508905334723602,449.89999999999998,0.041037443944287613,449.89999999999998,0.047347600518806737,449.89999999999998,0.051755423310699114,449.89999999999998,0.078533353678695877,449.89999999999998,0.077929944135025381,449.89999999999998,0.06114997923077576,449.89999999999998,0.038163449556216776,449.89999999999998,0.052196027567966222,449.89999999999998,0.062137958512414895,449.89999999999998,0.08335872265032257,449.89999999999998,0.084021218517670804,449.89999999999998,0.13343497537363411,449.89999999999998,0.13253715147970124,449.89999999999998,0.055411908818866942,449.89999999999998,0.054870340700050022,449.89999999999998,0.097761713418614324,449.89999999999998,0.098480201419089045,449.89999999999998,0.13284847791256582,449.89999999999998,0.13255262243245766,449.89999999999998,0.20556369370056712,449.89999999999998,0.20592300128006244,449.89999999999998,0.023647160550342054,449.89999999999998,0.023083805939150413,449.89999999999998,0.027284529894967064,449.89999999999998,0.027628281749362091,449.89999999999998,0.030459169400574752,449.89999999999998,0.030321880589676432,449.89999999999998,0.039389215262412791,449.89999999999998,0.039485940506769061,449.89999999999998,0.025209684392563773,449.89999999999998,0.024754838381526412,449.89999999999998,0.030799615133558826,449.89999999999998,0.030367403338334903,449.89999999999998,0.034893059688207322,449.89999999999998,0.034518789790018899,449.89999999999998,0.047206751269465858,449.89999999999998,0.046102210015004697,449.89999999999998,0.031171765723150478,449.89999999999998,0.031069360731754873,449.89999999999998,0.045070869679475774,449.89999999999998,0.044570416147436058,449.89999999999998,0.056964514296855791,449.89999999999998,0.057105278773852818,449.89999999999998,0.089052923374278364,449.89999999999998,0.08939175843272891,449.89999999999998,0.042823427684952058,449.89999999999998,0.042925196883768647,449.89999999999998,0.071814848723752364,449.89999999999998,0.07259878097369514,449.89999999999998,0.099131253020014756,449.89999999999998,0.098975059976433286,449.89999999999998,0.15422106931834562,449.89999999999998,0.15456248993328417
450.60000000000002,0.028830989378025317,450.60000000000002,0.028525173147512361,450.60000000000002,0.030785373379788584,450.60000000000002,0.038105422886837402,450.60000000000002,0.04390156235429752,450.60000000000002,0.046248018446462022,450.60000000000002,0.05123996507379433,450.60000000000002,0.069063816620465762,450.60000000000002,0.030010384612124134,450.60000000000002,0.030242745606673279,450.60000000000002,0.041992107694785653,450.60000000000002,0.041047616625552077,450.60000000000002,0.04706869950747268,450.60000000000002,0.051749489246628179,450.60000000000002,0.077099853343845101,450.60000000000002,0.077571357120453002,450.60000000000002,0.0629437620270763,450.60000000000002,0.039691894916202543,450.60000000000002,0.053877063146918952,450.60000000000002,0.062564363402083698,450.60000000000002,0.084157278129582985,450.60000000000002,0.084195849546044102,450.60000000000002,0.13207437925451199,450.60000000000002,0.13192255198663988,450.60000000000002,0.057620228376694393,450.60000000000002,0.057193102922102695,450.60000000000002,0.098610284580758378,450.60000000000002,0.098982053694802619,450.60000000000002,0.13343849342590475,450.60000000000002,0.13252040894178685,450.60000000000002,0.20390300348414334,450.60000000000002,0.20392406941159519,450.60000000000002,0.023330111984266252,450.60000000000002,0.023320320778549206,450.60000000000002,0.027293007129354119,450.60000000000002,0.028073336554682402,450.60000000000002,0.03066092757898663,450.60000000000002,0.030697422073022899,450.60000000000002,0.039073014419775697,450.60000000000002,0.03914176479065469,450.60000000000002,0.025438569721014218,450.60000000000002,0.02517107058993074,450.60000000000002,0.031174308893466594,450.60000000000002,0.030408094063392763,450.60000000000002,0.03456329527055093,450.60000000000002,0.034511160279070564,450.60000000000002,0.046357332383883086,450.60000000000002,0.04618528691199783,450.60000000000002,0.032022880055610652,450.60000000000002,0.031575451624661965,450.60000000000002,0.045444715715944835,450.60000000000002,0.045367276179819095,450.60000000000002,0.057229851733170564,450.60000000000002,0.057692751116875635,450.60000000000002,0.088167052380831265,450.60000000000002,0.088942465010215063,450.60000000000002,0.045097021947559823,450.60000000000002,0.045077566694641538,450.60000000000002,0.072944016344107895,450.60000000000002,0.073443113518645672,450.60000000000002,0.099335554368742751,450.60000000000002,0.099421810228631002,450.60000000000002,0.15379551215211551,450.60000000000002,0.15372070055864975
451.39999999999998,0.029343862058442055,451.39999999999998,0.029136381746818919,451.39999999999998,0.03038016157608742,451.39999999999998,0.038724260997092315,451.39999999999998,0.043503980061544711,451.39999999999998,0.045729211701974345,451.39999999999998,0.051151801836168971,451.39999999999998,0.066991980536269854,451.39999999999998,0.030861498944584318,451.39999999999998,0.030325822503666403,451.39999999999998,0.041241024728092705,451.39999999999998,0.041109500436577573,451.39999999999998,0.046652467299068356,451.39999999999998,0.051417181658655678,451.39999999999998,0.074978849300204306,451.39999999999998,0.075185863363936137,451.39999999999998,0.063059052414740233,451.39999999999998,0.040813433025609726,451.39999999999998,0.054361960953858417,451.39999999999998,0.063233217195222222,451.39999999999998,0.083112035129659284,451.39999999999998,0.083663479226537135,451.39999999999998,0.12923620118172646,451.39999999999998,0.12941413833151072,451.39999999999998,0.05968019633274841,451.39999999999998,0.058858879479158722,451.39999999999998,0.098557725727558665,451.39999999999998,0.098901519968125601,451.39999999999998,0.13305617015504864,451.39999999999998,0.13167183777964278,451.39999999999998,0.20104532777226755,451.39999999999998,0.20035176284089082,451.39999999999998,0.023589515356510091,451.39999999999998,0.023833193458965951,451.39999999999998,0.027084467163432602,451.39999999999998,0.027551986639878609,451.39999999999998,0.030340488119156,451.39999999999998,0.030248128650509062,451.39999999999998,0.038433830946991848,451.39999999999998,0.038364402397361871,451.39999999999998,0.025320736163034169,451.39999999999998,0.025304163169807482,451.39999999999998,0.030825046836719987,451.39999999999998,0.03043606893687004,451.39999999999998,0.034669260700389101,451.39999999999998,0.034425540211761321,451.39999999999998,0.045000974881954516,451.39999999999998,0.045533387587633409,451.39999999999998,0.032319583259157528,451.39999999999998,0.031949297661131026,451.39999999999998,0.044903020438612114,451.39999999999998,0.045695345150598067,451.39999999999998,0.056370260166323335,451.39999999999998,0.057347727677322546,451.39999999999998,0.086190161321770375,451.39999999999998,0.08762934140366048,451.39999999999998,0.046500004238617193,451.39999999999998,0.046189779846222981,451.39999999999998,0.073755287674948933,451.39999999999998,0.073906818239617506,451.39999999999998,0.098616684892720588,451.39999999999998,0.098691920347905679,451.39999999999998,0.15160838568025567,451.39999999999998,0.15029081152564788
452.10000000000002,0.029943202529606749,452.10000000000002,0.029300840093927763,452.10000000000002,0.031400820596288674,452.10000000000002,0.038297856107423513,452.10000000000002,0.043061468426540517,452.10000000000002,0.04628362283088764,452.10000000000002,0.050455820892991873,452.10000000000002,0.06506340971321517,452.10000000000002,0.031117511423073337,452.10000000000002,0.030890406313844168,452.10000000000002,0.04108334816849351,452.10000000000002,0.041298542763408864,452.10000000000002,0.046224366962522141,452.10000000000002,0.050599128540305016,452.10000000000002,0.073115553181929943,452.10000000000002,0.072696947347897223,452.10000000000002,0.063832176190839515,452.10000000000002,0.042104515822757975,452.10000000000002,0.054522180683773729,452.10000000000002,0.063122165424751825,452.10000000000002,0.081973542551477999,452.10000000000002,0.08186800098335921,452.10000000000002,0.12641158668396021,452.10000000000002,0.12621822096759153,452.10000000000002,0.062088578622110334,452.10000000000002,0.060529742376846982,452.10000000000002,0.098461085255546241,452.10000000000002,0.098292854539135138,452.10000000000002,0.12961949933453712,452.10000000000002,0.12913884014479116,452.10000000000002,0.19530963098598714,452.10000000000002,0.19546124632299963,452.10000000000002,0.024130362910404109,452.10000000000002,0.023929833930978358,452.10000000000002,0.027460856370217779,452.10000000000002,0.02757741834303977,452.10000000000002,0.030267583903427341,452.10000000000002,0.030099777048735624,452.10000000000002,0.037692920661563371,452.10000000000002,0.037830336630977499,452.10000000000002,0.025788679501199528,452.10000000000002,0.025460992005967978,452.10000000000002,0.030522409569102172,452.10000000000002,0.030585268262082181,452.10000000000002,0.034267439790442764,452.10000000000002,0.034003373939286048,452.10000000000002,0.044433000178021917,452.10000000000002,0.044712791298966624,452.10000000000002,0.033115595568101862,452.10000000000002,0.033545560896213217,452.10000000000002,0.045275171028203762,452.10000000000002,0.045974246161932131,452.10000000000002,0.056052363876808828,452.10000000000002,0.056568669837152336,452.10000000000002,0.083939455592007661,452.10000000000002,0.084714020497952749,452.10000000000002,0.048440443189813755,452.10000000000002,0.048347235997728111,452.10000000000002,0.073619651924756058,452.10000000000002,0.073053160736841219,452.10000000000002,0.096549935149156954,452.10000000000002,0.097083788984681618,452.10000000000002,0.14743843408526403,452.10000000000002,0.14667611878300821
452.89999999999998,0.030078838279799604,452.89999999999998,0.030163822554529814,452.89999999999998,0.031985749768995361,452.89999999999998,0.038235124572959321,452.89999999999998,0.04191195544365605,452.89999999999998,0.045034078482235951,452.89999999999998,0.049580970304247941,452.89999999999998,0.062709281723930393,452.89999999999998,0.031735501809889544,452.89999999999998,0.031524503445995777,452.89999999999998,0.041063002805964588,452.89999999999998,0.041305324550918517,452.89999999999998,0.045755575900918083,452.89999999999998,0.050143901053720241,452.89999999999998,0.071838881683239666,452.89999999999998,0.070253808397548384,452.89999999999998,0.063410009918364249,452.89999999999998,0.04328793774319066,452.89999999999998,0.054532353365038193,452.89999999999998,0.062981443333926732,452.89999999999998,0.079842365826572725,452.89999999999998,0.080857514644422424,452.89999999999998,0.12158549714741063,452.89999999999998,0.12080550681145782,452.89999999999998,0.064107008129667797,452.89999999999998,0.062580385375075237,452.89999999999998,0.097815119995252761,452.89999999999998,0.09770283902579624,452.89999999999998,0.1259751362715428,452.89999999999998,0.12717720810762698,452.89999999999998,0.18887795325652959,452.89999999999998,0.18905923891389678,452.89999999999998,0.024508447564066695,452.89999999999998,0.02440964539728559,452.89999999999998,0.027219255190186753,452.89999999999998,0.027235785797241514,452.89999999999998,0.029892042420080867,452.89999999999998,0.029684392563769996,452.89999999999998,0.036811288285309794,452.89999999999998,0.036991090426659198,452.89999999999998,0.025552164661800734,452.89999999999998,0.024973551028712394,452.89999999999998,0.030548688995702039,452.89999999999998,0.030620872646507806,452.89999999999998,0.033998711460373171,452.89999999999998,0.033340454210218459,452.89999999999998,0.043643769656587228,452.89999999999998,0.043742147961648985,452.89999999999998,0.033445359985758247,452.89999999999998,0.034085560726668525,452.89999999999998,0.044908954502683049,452.89999999999998,0.045200274662394145,452.89999999999998,0.054917262192382355,452.89999999999998,0.055459847579325726,452.89999999999998,0.08157261175114229,452.89999999999998,0.08081703585022422,452.89999999999998,0.049528920085111436,452.89999999999998,0.04923141154429779,452.89999999999998,0.073100845180268381,452.89999999999998,0.072603867314327386,452.89999999999998,0.094189873095801235,452.89999999999998,0.094506709731017324,452.89999999999998,0.14175275298186721,452.89999999999998,0.1417991658401363
453.60000000000002,0.029964395615574378,453.60000000000002,0.029648406703796953,453.60000000000002,0.032671558030907995,453.60000000000002,0.037631545484601098,453.60000000000002,0.041561845663470744,453.60000000000002,0.04401426718547341,453.60000000000002,0.047729542314115449,453.60000000000002,0.060563693700567127,453.60000000000002,0.032125454591694004,453.60000000000002,0.031927172079380825,453.60000000000002,0.041190161321770391,453.60000000000002,0.041261242932105827,453.60000000000002,0.045521604231835405,453.60000000000002,0.049200384866441176,453.60000000000002,0.068847265668048468,453.60000000000002,0.067527529818671966,453.60000000000002,0.062319837576189162,453.60000000000002,0.044130574841263787,453.60000000000002,0.054296686249078102,453.60000000000002,0.062017581784118751,453.60000000000002,0.07719238235717979,453.60000000000002,0.078351644159609379,453.60000000000002,0.11547595432466111,453.60000000000002,0.11599128540305009,453.60000000000002,0.065547290252028184,453.60000000000002,0.064981985876927509,453.60000000000002,0.09651555996371744,453.60000000000002,0.096458381017776762,453.60000000000002,0.12246895212905742,453.60000000000002,0.12350910878834889,453.60000000000002,0.18023456507548979,453.60000000000002,0.18223336978544122,453.60000000000002,0.024656799165840133,453.60000000000002,0.024350304756576215,453.60000000000002,0.027339631918482911,453.60000000000002,0.027528250383594858,453.60000000000002,0.030053957596873595,453.60000000000002,0.029803921568627451,453.60000000000002,0.036175495706280779,453.60000000000002,0.036015360748709341,453.60000000000002,0.025525037511762164,453.60000000000002,0.025120207183608419,453.60000000000002,0.030075659316904452,453.60000000000002,0.030325864889838343,453.60000000000002,0.033663860702084554,453.60000000000002,0.033520171579223997,453.60000000000002,0.042244178259284691,453.60000000000002,0.042399354034739704,453.60000000000002,0.034364292193314848,453.60000000000002,0.03486546629027746,453.60000000000002,0.044917431737070107,453.60000000000002,0.04419911328128312,453.60000000000002,0.053510041284131456,453.60000000000002,0.053532972203148448,453.60000000000002,0.077689190678433051,453.60000000000002,0.077671981892627348,453.60000000000002,0.050174885345404915,453.60000000000002,0.050654739197884081,453.60000000000002,0.07215393809923451,453.60000000000002,0.071317870857811341,453.60000000000002,0.091424599238744353,453.60000000000002,0.091677008892618844,453.60000000000002,0.13527190729296476,453.60000000000002,0.13612196197112653
454.39999999999998,0.030504395446029692,454.39999999999998,0.03030878326254843,454.39999999999998,0.03266562396683706,454.39999999999998,0.037402660156150659,454.39999999999998,0.040858235209345305,454.39999999999998,0.042354424692488325,454.39999999999998,0.046789417020591209,454.39999999999998,0.058131575154921455,454.39999999999998,0.032391639751447487,454.39999999999998,0.032556182870900202,454.39999999999998,0.040700177174198687,454.39999999999998,0.040441494366877752,454.39999999999998,0.044598433407085268,454.39999999999998,0.048468799538838453,454.39999999999998,0.065572510024329664,454.39999999999998,0.065108127124606854,454.39999999999998,0.061996854946042415,454.39999999999998,0.045496257301018118,454.39999999999998,0.054012698897111806,454.39999999999998,0.0605527156820359,454.39999999999998,0.074281300068665609,454.39999999999998,0.076445114145961016,454.39999999999998,0.10972160762272914,454.39999999999998,0.10959436433457947,454.39999999999998,0.066901952307079349,454.39999999999998,0.06629256631316599,454.39999999999998,0.094466612412366591,454.39999999999998,0.095181709519086499,454.39999999999998,0.11913909446182275,454.39999999999998,0.12052003594347381,454.39999999999998,0.17251858633639364,454.39999999999998,0.17431139425073963,454.39999999999998,0.024777175894136295,454.39999999999998,0.024722455346167866,454.39999999999998,0.027194671210464295,454.39999999999998,0.027074718343887492,454.39999999999998,0.029735213583920381,454.39999999999998,0.029840373676491786,454.39999999999998,0.035593109703890201,454.39999999999998,0.035145596500597641,454.39999999999998,0.025770029585548016,454.39999999999998,0.025727177165721458,454.39999999999998,0.030023948187143424,454.39999999999998,0.030403855446199238,454.39999999999998,0.033141663063842045,454.39999999999998,0.033039512389478061,454.39999999999998,0.041139594618651611,454.39999999999998,0.041417690292718905,454.39999999999998,0.035009409730169631,454.39999999999998,0.03529695752057848,454.39999999999998,0.044185846409467384,454.39999999999998,0.04342938039893865,454.39999999999998,0.05189512813339775,454.39999999999998,0.05226308249196783,454.39999999999998,0.074562786636487702,454.39999999999998,0.073758890499563426,454.39999999999998,0.051202326153115804,454.39999999999998,0.051256622839364892,454.39999999999998,0.07079842832074465,454.39999999999998,0.070777023303917316,454.39999999999998,0.088613548315997381,454.39999999999998,0.088844764883904262,454.39999999999998,0.12919627340776349,454.39999999999998,0.12971232505107533
455.10000000000002,0.030926561718504962,455.10000000000002,0.030676695234946556,455.10000000000002,0.03261984690114697,455.10000000000002,0.037112738740113435,455.10000000000002,0.040929443978196547,455.10000000000002,0.041861049651161809,455.10000000000002,0.045502572840636475,455.10000000000002,0.055698608885837088,455.10000000000002,0.033083382077431063,455.10000000000002,0.032624000745996633,455.10000000000002,0.039888058119918954,455.10000000000002,0.03984469706602918,455.10000000000002,0.043681196646406073,455.10000000000002,0.047113289760348592,455.10000000000002,0.061542432796724403,455.10000000000002,0.062131770131312353,455.10000000000002,0.060935505200783308,455.10000000000002,0.045959114298551235,455.10000000000002,0.053573578155862424,455.10000000000002,0.059478650085196198,455.10000000000002,0.071774581860413855,455.10000000000002,0.073284801166467448,455.10000000000002,0.10489975670337308,455.10000000000002,0.1041231572611751,455.10000000000002,0.068599942354806168,455.10000000000002,0.067269991437993268,455.10000000000002,0.092821181217839499,455.10000000000002,0.093271788611683323,455.10000000000002,0.1155040563566542,455.10000000000002,0.11529043005010045,455.10000000000002,0.16374041012859966,455.10000000000002,0.16646995244271506,455.10000000000002,0.025025558861676966,455.10000000000002,0.025025940337224384,455.10000000000002,0.027366759068521481,455.10000000000002,0.027212897264396463,455.10000000000002,0.029430880869425153,455.10000000000002,0.029622508752744508,455.10000000000002,0.03460296872748235,455.10000000000002,0.03432330476505345,455.10000000000002,0.026082839534430292,455.10000000000002,0.026535057602807662,455.10000000000002,0.029443257631630252,455.10000000000002,0.030415723574341112,455.10000000000002,0.032746623941405352,455.10000000000002,0.032700423013995915,455.10000000000002,0.039626408280562547,455.10000000000002,0.040020642065732477,455.10000000000002,0.035306960657155211,455.10000000000002,0.035124021939082595,455.10000000000002,0.043688232750947333,455.10000000000002,0.042699490518213347,455.10000000000002,0.050337860176496017,455.10000000000002,0.050292125496977869,455.10000000000002,0.070670040605952708,455.10000000000002,0.071330162847672587,455.10000000000002,0.051608385680255671,455.10000000000002,0.051807643074523374,455.10000000000002,0.069453091223519239,455.10000000000002,0.06916889194069327,455.10000000000002,0.08564990717428346,455.10000000000002,0.085918423573493372,455.10000000000002,0.12325627527275504,455.10000000000002,0.12264655018946619
455.89999999999998,0.031386875545721969,455.89999999999998,0.031379457965633295,455.89999999999998,0.032776675737307463,455.89999999999998,0.036749065384908824,455.89999999999998,0.039847748870408511,455.89999999999998,0.040509778489865457,455.89999999999998,0.044295414663920042,455.89999999999998,0.052890948856844942,455.89999999999998,0.03233823317480905,455.89999999999998,0.032680798216389882,455.89999999999998,0.038818231140272788,455.89999999999998,0.038776565533260428,455.89999999999998,0.042507099683799163,455.89999999999998,0.045183023490416495,455.89999999999998,0.058561837186236365,455.89999999999998,0.059742037757601965,455.89999999999998,0.060851580580351478,455.89999999999998,0.046214279053601544,455.89999999999998,0.053387926722785951,455.89999999999998,0.057349168807168345,455.89999999999998,0.069744284224714528,455.89999999999998,0.070464425285894722,455.89999999999998,0.099765943558573461,455.89999999999998,0.098345074302959398,455.89999999999998,0.069548544882717472,455.89999999999998,0.067530242533675802,455.89999999999998,0.089729533836881065,455.89999999999998,0.090557378160948776,455.89999999999998,0.11082547069843934,455.89999999999998,0.11129426176004339,455.89999999999998,0.15541915685426785,455.89999999999998,0.15676097589922261,455.89999999999998,0.025003518052270628,455.89999999999998,0.025215830387494382,455.89999999999998,0.027087010333748714,455.89999999999998,0.027063697939184322,455.89999999999998,0.028981587446911317,455.89999999999998,0.028734942312420002,455.89999999999998,0.033282215609979404,455.89999999999998,0.03335605232149063,455.89999999999998,0.026675398218085334,455.89999999999998,0.026873299254851098,455.89999999999998,0.029378830650288647,455.89999999999998,0.029793494570331383,455.89999999999998,0.031770046540016778,455.89999999999998,0.031334740554241583,455.89999999999998,0.038484524808626436,455.89999999999998,0.038558319133965735,455.89999999999998,0.035123004670956144,455.89999999999998,0.035617396980409104,455.89999999999998,0.042829488907538807,455.89999999999998,0.042017920873494236,455.89999999999998,0.04934771920008816,455.89999999999998,0.049294355009621663,455.89999999999998,0.067653840611039059,455.89999999999998,0.067186490679280786,455.89999999999998,0.051874570840009161,455.89999999999998,0.052113671235896004,455.89999999999998,0.067230360367233788,455.89999999999998,0.067409865805379651,455.89999999999998,0.081759704314064569,455.89999999999998,0.083298958147893815,455.89999999999998,0.11625407966904877,455.89999999999998,0.11610127751922213
456.60000000000002,0.031053720234310758,456.60000000000002,0.03098018022600307,456.60000000000002,0.032341793613251617,456.60000000000002,0.035346930817290172,456.60000000000002,0.038957639259767897,456.60000000000002,0.03913985741291761,456.60000000000002,0.042108288192060229,456.60000000000002,0.049701813280435395,456.60000000000002,0.032694277019065299,456.60000000000002,0.032555335147461492,456.60000000000002,0.037995091681289894,456.60000000000002,0.037974619160245159,456.60000000000002,0.0410591880504904,456.60000000000002,0.043376524842535381,456.60000000000002,0.055961869399727041,456.60000000000002,0.056543577223366649,456.60000000000002,0.058543229656756783,456.60000000000002,0.045800590015513336,456.60000000000002,0.052438476471435951,456.60000000000002,0.056543831540398257,456.60000000000002,0.067297754380610877,456.60000000000002,0.067304960029839878,456.60000000000002,0.093598755541991985,456.60000000000002,0.092672956774581858,456.60000000000002,0.068703364614328244,456.60000000000002,0.067386977272534607,456.60000000000002,0.086655688648135457,456.60000000000002,0.08722073870620449,456.60000000000002,0.10611212837923756,456.60000000000002,0.10539664979697022,456.60000000000002,0.1468639319108534,456.60000000000002,0.14745042937192165,456.60000000000002,0.024561854140705133,456.60000000000002,0.025066631062282244,456.60000000000002,0.026253698193501349,456.60000000000002,0.0265533684290837,456.60000000000002,0.028083848325322344,456.60000000000002,0.027656638098386786,456.60000000000002,0.032156438883378685,456.60000000000002,0.032334545577850676,456.60000000000002,0.026397344930189977,456.60000000000002,0.026881776489238153,456.60000000000002,0.028659113450827802,456.60000000000002,0.029073777370870534,456.60000000000002,0.031134253960987766,456.60000000000002,0.030576875800039,456.60000000000002,0.036834007273467105,456.60000000000002,0.03686880632062596,456.60000000000002,0.03488988072531217,456.60000000000002,0.034662012664988175,456.60000000000002,0.042063146918949162,456.60000000000002,0.041260903842730345,456.60000000000002,0.047177547197002442,456.60000000000002,0.047164873731593809,456.60000000000002,0.062932021057450216,456.60000000000002,0.064051609402948378,456.60000000000002,0.051243864601612371,456.60000000000002,0.051608428066427625,456.60000000000002,0.064727880776175584,456.60000000000002,0.064931122470605188,456.60000000000002,0.078110254910438021,456.60000000000002,0.078696667599162454,456.60000000000002,0.10941125607181913,456.60000000000002,0.10929575375329552
457.39999999999998,0.030818053118350671,457.39999999999998,0.030096004679433387,457.39999999999998,0.031897586531370009,457.39999999999998,0.034123665895238332,457.39999999999998,0.037040936564855083,457.39999999999998,0.037953044598730112,457.39999999999998,0.040170392411179777,457.39999999999998,0.047427371294388912,457.39999999999998,0.032036443630629949,457.39999999999998,0.032397658587862289,457.39999999999998,0.037080398090926808,457.39999999999998,0.036870035519612085,457.39999999999998,0.039618905928129999,457.39999999999998,0.041167357561269213,457.39999999999998,0.053488212405584809,457.39999999999998,0.053651992573942681,457.39999999999998,0.056794376202707629,457.39999999999998,0.045657324754372133,457.39999999999998,0.050838822342598948,457.39999999999998,0.054260064596526027,457.39999999999998,0.064455337690631803,457.39999999999998,0.064030204386121059,457.39999999999998,0.087189118621940773,457.39999999999998,0.087194967913667848,457.39999999999998,0.067397022795283271,457.39999999999998,0.066428202063358852,457.39999999999998,0.082884167069335296,457.39999999999998,0.083997694192246716,457.39999999999998,0.10048917881030493,457.39999999999998,0.10016195756296466,457.39999999999998,0.13808151708586588,457.39999999999998,0.13806104456482116,457.39999999999998,0.023937929689817991,457.39999999999998,0.024736018921187153,457.39999999999998,0.025835770538219605,457.39999999999998,0.026124420369098789,457.39999999999998,0.027458228427557789,457.39999999999998,0.027112399650737948,457.39999999999998,0.031565575646601056,457.39999999999998,0.031549553673609523,457.39999999999998,0.026402431270822209,457.39999999999998,0.026941117129947525,457.39999999999998,0.027607936386833155,457.39999999999998,0.028155692886752629,457.39999999999998,0.030286530522282411,457.39999999999998,0.030278477149614711,457.39999999999998,0.03565143307647313,457.39999999999998,0.03552601239371668,457.39999999999998,0.034332926426082752,457.39999999999998,0.035429202377016522,457.39999999999998,0.041389206785178406,457.39999999999998,0.040422505361850748,457.39999999999998,0.045927155124912036,457.39999999999998,0.046006883514322278,457.39999999999998,0.058400939277570077,457.39999999999998,0.060583572815204774,457.39999999999998,0.050873409458898129,457.39999999999998,0.051552478319473065,457.39999999999998,0.062539058857438351,457.39999999999998,0.06312716699304019,457.39999999999998,0.074214117986148187,457.39999999999998,0.075434627807024229,457.39999999999998,0.10270491594822105,457.39999999999998,0.10327183099785527
458.10000000000002,0.030843484821511832,458.10000000000002,0.030653806702101504,458.10000000000002,0.031294855166450496,458.10000000000002,0.033478548358383563,458.10000000000002,0.036020277544653832,458.10000000000002,0.036798445275213414,458.10000000000002,0.038648728838703662,458.10000000000002,0.045085111433246013,458.10000000000002,0.032515407373498471,458.10000000000002,0.032241677475140514,458.10000000000002,0.036349660486762796,458.10000000000002,0.035845137882217305,458.10000000000002,0.037882768325661433,458.10000000000002,0.039993260598662296,458.10000000000002,0.050612734501496233,458.10000000000002,0.050784144180802453,458.10000000000002,0.054232555970940038,458.10000000000002,0.044757042462467048,458.10000000000002,0.049369717623322575,458.10000000000002,0.052763832727211066,458.10000000000002,0.060786390647915023,458.10000000000002,0.06142091164178598,458.10000000000002,0.08235031323381059,458.10000000000002,0.081834812610733873,458.10000000000002,0.066018624483948365,458.10000000000002,0.065829709315632881,458.10000000000002,0.080040054932478816,458.10000000000002,0.080584759628018962,458.10000000000002,0.095785161448928902,458.10000000000002,0.095546951162652688,458.10000000000002,0.12972720259742462,458.10000000000002,0.13056632164322707,458.10000000000002,0.024182074040165136,458.10000000000002,0.024473224655188495,458.10000000000002,0.025753541364665188,458.10000000000002,0.02576837652484254,458.10000000000002,0.026901274128328368,458.10000000000002,0.027098836075718662,458.10000000000002,0.030858574298720784,458.10000000000002,0.03073489144901367,458.10000000000002,0.025849715588786314,458.10000000000002,0.026506235005891676,458.10000000000002,0.027775785627696815,458.10000000000002,0.027737765231470889,458.10000000000002,0.029972025126522719,458.10000000000002,0.030013139713299938,458.10000000000002,0.034598560565601073,458.10000000000002,0.034763909022320558,458.10000000000002,0.03446771445283691,458.10000000000002,0.034441604570924773,458.10000000000002,0.040136271542771898,458.10000000000002,0.03947475055737816,458.10000000000002,0.044134220052050206,458.10000000000002,0.043985063113010016,458.10000000000002,0.055264362554360263,458.10000000000002,0.057675033697006689,458.10000000000002,0.05040716156761018,458.10000000000002,0.050319040716156775,458.10000000000002,0.059923832049032323,458.10000000000002,0.061396963454642559,458.10000000000002,0.070865610403262044,458.10000000000002,0.071945398133312979,458.10000000000002,0.096954807863482623,458.10000000000002,0.09728351262684061
458.89999999999998,0.03056967015081,458.89999999999998,0.030201122385832845,458.89999999999998,0.030851495808007598,458.89999999999998,0.03275883115892271,458.89999999999998,0.035559963717436818,458.89999999999998,0.03601684426472708,458.89999999999998,0.038167221925519017,458.89999999999998,0.043360841958919316,458.89999999999998,0.032127150038571417,458.89999999999998,0.031996685401354662,458.89999999999998,0.03558670939192797,458.89999999999998,0.035603536702186279,458.89999999999998,0.036870586539847233,458.89999999999998,0.038402931427651048,458.89999999999998,0.047756754236497889,458.89999999999998,0.048500377236930223,458.89999999999998,0.052795664742334464,458.89999999999998,0.044206869950747268,458.89999999999998,0.048037944101116448,458.89999999999998,0.050458872697371197,458.89999999999998,0.058104193687851274,458.89999999999998,0.058924366114798704,458.89999999999998,0.077773454388240362,458.89999999999998,0.077498707221755989,458.89999999999998,0.065282800539152114,458.89999999999998,0.065160007799055647,458.89999999999998,0.077419741783440563,458.89999999999998,0.077237947492010198,458.89999999999998,0.090592007663419891,458.89999999999998,0.091346481523867651,458.89999999999998,0.12192729923789664,458.89999999999998,0.12250277629426175,458.89999999999998,0.024553376906318085,458.89999999999998,0.02427146647677662,458.89999999999998,0.025493290268982643,458.89999999999998,0.0262846400990141,458.89999999999998,0.026928401278366942,458.89999999999998,0.026751269465849461,458.89999999999998,0.029701431804887976,458.89999999999998,0.030148266829429563,458.89999999999998,0.025884472249773239,458.89999999999998,0.026379076490085872,458.89999999999998,0.027469757466324188,458.89999999999998,0.027392741791917811,458.89999999999998,0.029907598145181114,458.89999999999998,0.02961301425023101,458.89999999999998,0.033532972203148451,458.89999999999998,0.033640675466035962,458.89999999999998,0.03427358578537338,458.89999999999998,0.034645905919652768,458.89999999999998,0.039404686215169168,458.89999999999998,0.038414248535557756,458.89999999999998,0.042941473173791773,458.89999999999998,0.042644812356416838,458.89999999999998,0.05308147469969398,458.89999999999998,0.054346023753210758,458.89999999999998,0.050153692259437284,458.89999999999998,0.050234268372286228,458.89999999999998,0.059020158863372411,458.89999999999998,0.059618439680238729,458.89999999999998,0.067897730644354587,458.89999999999998,0.069686215169163207,458.89999999999998,0.090957164534642226,458.89999999999998,0.091906402855132532
459.60000000000002,0.030723108093215674,459.60000000000002,0.030628374998940347,459.60000000000002,0.030570899349796121,459.60000000000002,0.032323949034866864,459.60000000000002,0.034862287327382308,459.60000000000002,0.034429905987470644,459.60000000000002,0.037062638284885943,459.60000000000002,0.04125594466061392,459.60000000000002,0.031689724744199455,459.60000000000002,0.031671159600891806,459.60000000000002,0.034808499275196456,459.60000000000002,0.034867712757390021,459.60000000000002,0.035856709307155628,459.60000000000002,0.037780702423641316,459.60000000000002,0.045482312250451407,459.60000000000002,0.046559090562294958,459.60000000000002,0.050796732873867233,459.60000000000002,0.042878487322295974,459.60000000000002,0.047184286598340161,459.60000000000002,0.049150835431448846,459.60000000000002,0.055694115951611937,459.60000000000002,0.05634813458457312,459.60000000000002,0.073373769741359562,459.60000000000002,0.072337766926917763,459.60000000000002,0.063784025499521044,459.60000000000002,0.063430651984096711,459.60000000000002,0.073813526275187988,459.60000000000002,0.07383942422624043,459.60000000000002,0.086506828412298759,459.60000000000002,0.087193484397650109,459.60000000000002,0.11468350245415936,459.60000000000002,0.11516657765570561,459.60000000000002,0.024835668811406968,459.60000000000002,0.023626348939921844,459.60000000000002,0.024873604435289028,459.60000000000002,0.02592350991412562,459.60000000000002,0.026329060807202254,459.60000000000002,0.026301128319896915,459.60000000000002,0.028835058450531106,459.60000000000002,0.028847011351016846,459.60000000000002,0.025872604121631362,459.60000000000002,0.025866203809669135,459.60000000000002,0.027963132507650704,459.60000000000002,0.026929037070945978,459.60000000000002,0.029387095953816025,459.60000000000002,0.028584725719081411,459.60000000000002,0.032049456185414077,459.60000000000002,0.032638666361486234,459.60000000000002,0.034255783593160574,459.60000000000002,0.033550647236845449,459.60000000000002,0.038046633266363185,459.60000000000002,0.037651297440722938,459.60000000000002,0.041017988691369328,459.60000000000002,0.040846790942922775,459.60000000000002,0.051103735917194373,459.60000000000002,0.051930859676339189,459.60000000000002,0.049656926324355935,459.60000000000002,0.049044064664343912,459.60000000000002,0.05663042648966201,459.60000000000002,0.057327043225418151,459.60000000000002,0.064509380059849269,459.60000000000002,0.0663131236065546,459.60000000000002,0.085580054762934149,459.60000000000002,0.086908225460525762
460.39999999999998,0.030131397132999331,460.39999999999998,0.029746742622686773,460.39999999999998,0.030441197663674202,460.39999999999998,0.031881437399862669,460.39999999999998,0.034285835389062672,460.39999999999998,0.034026389630646893,460.39999999999998,0.035944491069233572,460.39999999999998,0.039539304697235579,460.39999999999998,0.031689724744199455,460.39999999999998,0.03151348304129261,460.39999999999998,0.034293083424463598,460.39999999999998,0.034436221527089,460.39999999999998,0.034979315548095587,460.39999999999998,0.03644638573111908,460.39999999999998,0.043795342607427755,460.39999999999998,0.044626281122046745,460.39999999999998,0.049188601510643172,460.39999999999998,0.042740308401787004,460.39999999999998,0.04556428710697423,460.39999999999998,0.048362452633452853,460.39999999999998,0.053914744453769398,460.39999999999998,0.054406000186499152,460.39999999999998,0.068919830794401615,460.39999999999998,0.068550138602782223,460.39999999999998,0.062578562769682031,460.39999999999998,0.061360511346778231,460.39999999999998,0.070765112789603526,460.39999999999998,0.071078388986377097,460.39999999999998,0.082575934827022038,460.39999999999998,0.082167332129566048,460.39999999999998,0.10870281359409309,460.39999999999998,0.10817285928638641,460.39999999999998,0.024477929520273303,460.39999999999998,0.023658562430592649,460.39999999999998,0.024357340861117467,460.39999999999998,0.025486084619753657,460.39999999999998,0.025825513084611271,460.39999999999998,0.025588192907945711,460.39999999999998,0.02811449352763155,460.39999999999998,0.028017937827963003,460.39999999999998,0.026353263311377301,460.39999999999998,0.025968778345752484,460.39999999999998,0.027218831328467401,460.39999999999998,0.027320685299627855,460.39999999999998,0.028827598484270488,460.39999999999998,0.028163407170044844,460.39999999999998,0.03149080643930724,460.39999999999998,0.031107677831184351,460.39999999999998,0.033751388147130884,460.39999999999998,0.033422640997600943,460.39999999999998,0.037474419945237071,460.39999999999998,0.03657638412044454,460.39999999999998,0.039431050414112899,460.39999999999998,0.039659130405296568,460.39999999999998,0.048719089884116211,460.39999999999998,0.049774251248272769,460.39999999999998,0.048633724133838575,460.39999999999998,0.048962683214228191,460.39999999999998,0.055132499173469643,460.39999999999998,0.054851690784398499,460.39999999999998,0.062579113789917179,460.39999999999998,0.062864584657901207,460.39999999999998,0.08129057416308505,460.39999999999998,0.081670990056204068
461.10000000000002,0.030197519561218349,461.10000000000002,0.029913744140111734,461.10000000000002,0.029887634258199604,461.10000000000002,0.031277858311504453,461.10000000000002,0.032606495256987354,461.10000000000002,0.032444537694022696,461.10000000000002,0.034227851105855224,461.10000000000002,0.038255851411035664,461.10000000000002,0.031382848859388114,461.10000000000002,0.030806481693412345,461.10000000000002,0.033576757118757579,461.10000000000002,0.032314369760009495,461.10000000000002,0.034382518247247015,461.10000000000002,0.035601205462729837,461.10000000000002,0.042247399608351763,461.10000000000002,0.042291650771852193,461.10000000000002,0.047513499995761391,461.10000000000002,0.041684044997160129,461.10000000000002,0.044493612403889361,461.10000000000002,0.046748387206157857,461.10000000000002,0.051182531810822031,461.10000000000002,0.051412688724430528,461.10000000000002,0.065018607529479563,461.10000000000002,0.064801505556827135,461.10000000000002,0.060761891440536439,461.10000000000002,0.058899570204216579,461.10000000000002,0.067863355458915073,461.10000000000002,0.068324983257462085,461.10000000000002,0.078901053720234315,461.10000000000002,0.077599798241821588,461.10000000000002,0.10223977009740343,461.10000000000002,0.10199380314166305,461.10000000000002,0.024092215355662368,461.10000000000002,0.023724684858811664,461.10000000000002,0.024441265481549297,461.10000000000002,0.024664640607648166,461.10000000000002,0.025705984079753816,461.10000000000002,0.025305053279418125,461.10000000000002,0.02811449352763155,461.10000000000002,0.027270245755024878,461.10000000000002,0.025993828573366226,461.10000000000002,0.025686486440663601,461.10000000000002,0.027052677534481151,461.10000000000002,0.026612836228308876,461.10000000000002,0.027854411976636743,461.10000000000002,0.027425887778371186,461.10000000000002,0.030653255681866349,461.10000000000002,0.030744004475979757,461.10000000000002,0.03321986555106262,461.10000000000002,0.03312848096437019,461.10000000000002,0.036123148783940739,461.10000000000002,0.035331078388986373,461.10000000000002,0.038020438612107181,461.10000000000002,0.037925535973144117,461.10000000000002,0.04632596661665099,461.10000000000002,0.048070327136474994,461.10000000000002,0.0473248391444775,461.10000000000002,0.047455430940210069,461.10000000000002,0.052424870510244727,461.10000000000002,0.05270525503759653,461.10000000000002,0.059067843306799588,461.10000000000002,0.059542356501614914,461.10000000000002,0.07687563049430754,461.10000000000002,0.076723676067919605
461.89999999999998,0.029395573188203079,461.89999999999998,0.028994811932555126,461.89999999999998,0.029445970346634116,461.89999999999998,0.030362316997702674,461.89999999999998,0.032211456134550662,461.89999999999998,0.032014741910599082,461.89999999999998,0.033549672354890946,461.89999999999998,0.03726316726431169,461.89999999999998,0.031234497257614676,461.89999999999998,0.030227486584776583,461.89999999999998,0.032662911251833203,461.89999999999998,0.031745547332638208,461.89999999999998,0.033390681823961751,461.89999999999998,0.034390656392258585,461.89999999999998,0.040854589998558871,461.89999999999998,0.040051965446792633,461.89999999999998,0.045699371836931922,461.89999999999998,0.040901596263235085,461.89999999999998,0.042992294193942168,461.89999999999998,0.045067351627205134,461.89999999999998,0.048814840246517964,461.89999999999998,0.049420538643472949,461.89999999999998,0.061806583420224978,461.89999999999998,0.061316514500309428,461.89999999999998,0.059448767833981848,461.89999999999998,0.058148487237523631,461.89999999999998,0.065649101837016693,461.89999999999998,0.065416444139264021,461.89999999999998,0.07452256215932114,461.89999999999998,0.073956282902265968,461.89999999999998,0.096786365216211867,461.89999999999998,0.096169943117757284,461.89999999999998,0.023564931376787633,461.89999999999998,0.024012063104532778,461.89999999999998,0.024038596848164253,461.89999999999998,0.024083102328696291,461.89999999999998,0.024951510219306052,461.89999999999998,0.024665022083195581,461.89999999999998,0.027761840577130121,461.89999999999998,0.027097310173528989,461.89999999999998,0.025060485067351632,461.89999999999998,0.025293142765104318,461.89999999999998,0.026210040436408025,461.89999999999998,0.026565363715741381,461.89999999999998,0.027298305400846025,461.89999999999998,0.027207175131185209,461.89999999999998,0.03028364826259081,461.89999999999998,0.029468180700728191,461.89999999999998,0.032053398099404051,461.89999999999998,0.032331620931987146,461.89999999999998,0.035113510168442649,461.89999999999998,0.034472334545577847,461.89999999999998,0.036790391902545717,461.89999999999998,0.036699727880776169,461.89999999999998,0.044149860549494338,461.89999999999998,0.045390673346727375,461.89999999999998,0.045319125488500624,461.89999999999998,0.045904097047379265,461.89999999999998,0.050560726668531654,461.89999999999998,0.050390970049930914,461.89999999999998,0.057107058993074097,461.89999999999998,0.056638056000610365,461.89999999999998,0.072878614480811774,461.89999999999998,0.070921856853420145
462.60000000000002,0.029197205903546027,462.60000000000002,0.028210667751752672,462.60000000000002,0.028357493451336438,462.60000000000002,0.029338267083746601,462.60000000000002,0.031390859845883877,462.60000000000002,0.030891508354314482,462.60000000000002,0.03285708230546866,462.60000000000002,0.036028881937556691,462.60000000000002,0.029982409738646864,462.60000000000002,0.029461144596186938,462.60000000000002,0.032233115468409582,462.60000000000002,0.03075371090935293,462.60000000000002,0.032720132583945807,462.60000000000002,0.034169400574756488,462.60000000000002,0.039147274993006277,462.60000000000002,0.038386188889736612,462.60000000000002,0.044663453794833975,462.60000000000002,0.039712240278731464,462.60000000000002,0.04169527733272297,462.60000000000002,0.042959063435144912,462.60000000000002,0.046948153234488775,462.60000000000002,0.046969770182175762,462.60000000000002,0.058769190339343684,462.60000000000002,0.057559404219967275,462.60000000000002,0.057064969524342382,462.60000000000002,0.056207200562888374,462.60000000000002,0.062880437086204999,462.60000000000002,0.06294278714512179,462.60000000000002,0.070295813093936232,462.60000000000002,0.070829878860320619,462.60000000000002,0.090428439425921686,462.60000000000002,0.090141781745123467,462.60000000000002,0.023979468138314555,462.60000000000002,0.023578876427354341,462.60000000000002,0.023891940693268228,462.60000000000002,0.024473055110500755,462.60000000000002,0.024808244958164846,462.60000000000002,0.024275069301391117,462.60000000000002,0.027664352381679004,462.60000000000002,0.02660393513220247,462.60000000000002,0.024500987597806095,462.60000000000002,0.025440646643439042,462.60000000000002,0.025813305867093919,462.60000000000002,0.025421784796927856,462.60000000000002,0.026403957173011874,462.60000000000002,0.026674804811678238,462.60000000000002,0.029432533930130633,462.60000000000002,0.029461398913218553,462.60000000000002,0.031387935200020346,462.60000000000002,0.032212091927129691,462.60000000000002,0.033772411688410775,462.60000000000002,0.034276510431236903,462.60000000000002,0.036056263404626872,462.60000000000002,0.035815552334206482,462.60000000000002,0.041814382475861084,462.60000000000002,0.043451082118969517,462.60000000000002,0.044558717563981921,462.60000000000002,0.0443434381967227,462.60000000000002,0.048980570178784863,462.60000000000002,0.048895585904054663,462.60000000000002,0.053834846519671416,462.60000000000002,0.054155074048642379,462.60000000000002,0.067585429329535526,462.60000000000002,0.067801386875545724
463.39999999999998,0.028749607927909603,463.39999999999998,0.027618109068097623,463.39999999999998,0.028030272203996173,463.39999999999998,0.029152615650670125,463.39999999999998,0.03074913320278392,463.39999999999998,0.030429499080220065,463.39999999999998,0.032344209625051926,463.39999999999998,0.034716606054440803,463.39999999999998,0.029267778879818244,463.39999999999998,0.028780422674906537,463.39999999999998,0.031036977696396326,463.39999999999998,0.030735908717140124,463.39999999999998,0.031395988572688042,463.39999999999998,0.032920703949543502,463.39999999999998,0.037363664877970208,463.39999999999998,0.037253630375626255,463.39999999999998,0.043304553122589289,463.39999999999998,0.038906055288522673,463.39999999999998,0.040218543102498241,463.39999999999998,0.041968074735298358,463.39999999999998,0.045357824063477527,463.39999999999998,0.04570157591787255,463.39999999999998,0.05549358697218619,463.39999999999998,0.054202419402694081,463.39999999999998,0.055755236811542611,463.39999999999998,0.054887295168824138,463.39999999999998,0.059818460025601254,463.39999999999998,0.060148690691148927,463.39999999999998,0.06737879674135111,463.39999999999998,0.067627179708891774,463.39999999999998,0.084748692386595798,463.39999999999998,0.085024075345659242,463.39999999999998,0.023941320583572814,463.39999999999998,0.023840822969914299,463.39999999999998,0.023788518433746169,463.39999999999998,0.024501029983978028,463.39999999999998,0.02402240533048498,463.39999999999998,0.024107220060527457,463.39999999999998,0.026811542602341417,463.39999999999998,0.026314861439603945,463.39999999999998,0.02435433144291007,463.39999999999998,0.025235497571272348,463.39999999999998,0.025364860168018782,463.39999999999998,0.025508252587675802,463.39999999999998,0.02600128853962683,463.39999999999998,0.026418792333189226,463.39999999999998,0.028627196663360544,463.39999999999998,0.028402592338275561,463.39999999999998,0.030559709400405213,463.39999999999998,0.031363520764985629,463.39999999999998,0.033462144909844616,463.39999999999998,0.034067970465315393,463.39999999999998,0.034681255987046786,463.39999999999998,0.03521027779897086,463.39999999999998,0.040007883827979963,463.39999999999998,0.041387723269160674,463.39999999999998,0.043718623636224918,463.39999999999998,0.043120173274670867,463.39999999999998,0.047118121783949203,463.39999999999998,0.047145037003128096,463.39999999999998,0.052524266083432927,463.39999999999998,0.051852657189118634,463.39999999999998,0.063997863736934474,463.39999999999998,0.063928138484100949
464.10000000000002,0.02838254367895018,464.10000000000002,0.026611013622915659,464.10000000000002,0.027536049439230947,464.10000000000002,0.02921534718513432,464.10000000000002,0.029777642142027588,464.10000000000002,0.029730127243288149,464.10000000000002,0.031885591244712325,464.10000000000002,0.033167815331926115,464.10000000000002,0.028701499622763065,464.10000000000002,0.028610030263726761,464.10000000000002,0.030568186634792261,464.10000000000002,0.030396819341657978,464.10000000000002,0.030833947932826396,464.10000000000002,0.032347642904978671,464.10000000000002,0.03586912845553266,464.10000000000002,0.035918465959665316,464.10000000000002,0.042266939633613929,464.10000000000002,0.038341471478344907,464.10000000000002,0.039060552885226724,464.10000000000002,0.040804998177394608,464.10000000000002,0.043753931317446995,464.10000000000002,0.043980697337300673,464.10000000000002,0.05237057382399566,464.10000000000002,0.051329484668921614,464.10000000000002,0.053396022481625602,464.10000000000002,0.05287140883158279,464.10000000000002,0.057165085662453471,464.10000000000002,0.057120622568093388,464.10000000000002,0.064922941939421677,464.10000000000002,0.064872078533099356,464.10000000000002,0.0791927129693209,464.10000000000002,0.079568127294151567,464.10000000000002,0.024482168137466828,464.10000000000002,0.023421199867755146,464.10000000000002,0.023656273577308134,464.10000000000002,0.025051202495697804,464.10000000000002,0.024425073963870024,464.10000000000002,0.023972432033773305,464.10000000000002,0.026057916465332349,464.10000000000002,0.02607241253613421,464.10000000000002,0.024669684562108461,464.10000000000002,0.025527114434186992,464.10000000000002,0.025668345159075304,464.10000000000002,0.025092868102710178,464.10000000000002,0.025905495791053123,464.10000000000002,0.025856751693327573,464.10000000000002,0.027872722802912777,464.10000000000002,0.028003314598645336,464.10000000000002,0.03093609860719039,464.10000000000002,0.031352500360282462,464.10000000000002,0.033114578299975411,464.10000000000002,0.032541220552207047,464.10000000000002,0.033973406915727818,464.10000000000002,0.034275238846078852,464.10000000000002,0.039095733407933,464.10000000000002,0.040098335918889824,464.10000000000002,0.043557556182870896,464.10000000000002,0.042517441909751361,464.10000000000002,0.045580351466137682,464.10000000000002,0.045321583886472873,464.10000000000002,0.050392241635088958,464.10000000000002,0.050209769164907651,464.10000000000002,0.059859277909174911,464.10000000000002,0.061383272721107468
464.89999999999998,0.027799309953120899,464.89999999999998,0.026544043471257935,464.89999999999998,0.027546222120495411,464.89999999999998,0.029023761687986913,464.89999999999998,0.028986716173715486,464.89999999999998,0.028995151021930603,464.89999999999998,0.030740316879021391,464.89999999999998,0.032156481269550626,464.89999999999998,0.028998202826309941,464.89999999999998,0.028123437009909887,464.89999999999998,0.029600086467790745,464.89999999999998,0.029770351720454717,464.89999999999998,0.030258343717945457,464.89999999999998,0.03152450344599577,464.89999999999998,0.034468689334791421,464.89999999999998,0.034925781812941342,464.89999999999998,0.040937709281723932,464.89999999999998,0.037353873672253166,464.89999999999998,0.038482405500029661,464.89999999999998,0.039326568500292459,464.89999999999998,0.041764324406805518,464.89999999999998,0.04209875130337478,464.89999999999998,0.049373871468172223,464.89999999999998,0.048776989394979785,464.89999999999998,0.052310088756644037,464.89999999999998,0.051788018276917348,464.89999999999998,0.054927095784271338,464.89999999999998,0.054312114815662539,464.89999999999998,0.062082220696320044,464.89999999999998,0.061643947678509364,464.89999999999998,0.074774378406788591,464.89999999999998,0.075638929155752238,464.89999999999998,0.023513220247026605,464.89999999999998,0.023142298856421082,464.89999999999998,0.023358722650322555,464.89999999999998,0.024043259327077137,464.89999999999998,0.0236146503564677,464.89999999999998,0.023945304883734732,464.89999999999998,0.025717131642972797,464.89999999999998,0.025768079821638985,464.89999999999998,0.023985571747073241,464.89999999999998,0.025279579190085024,464.89999999999998,0.025280087824148249,464.89999999999998,0.025142036062155086,464.89999999999998,0.025390079940320269,464.89999999999998,0.02519807058145351,464.89999999999998,0.027253036969219158,464.89999999999998,0.027169154734959271,464.89999999999998,0.030487652908115257,464.89999999999998,0.030454761238693482,464.89999999999998,0.03262883276959725,464.89999999999998,0.032186024431389494,464.89999999999998,0.032757771504624333,464.89999999999998,0.033469901579308764,464.89999999999998,0.037870773039003762,464.89999999999998,0.038082449581648484,464.89999999999998,0.042753066639539525,464.89999999999998,0.04118990700473877,464.89999999999998,0.04406292651085509,464.89999999999998,0.044150877817620775,464.89999999999998,0.048795978400006781,464.89999999999998,0.048463458881174613,464.89999999999998,0.05801547942999076,464.89999999999998,0.058050871883556711
465.60000000000002,0.027522952112102952,465.60000000000002,0.026510134533709727,465.60000000000002,0.027466536117257107,465.60000000000002,0.02885421700024584,465.60000000000002,0.028534879580885533,465.60000000000002,0.028728965862177124,465.60000000000002,0.029984147571696207,465.60000000000002,0.031274848893297048,465.60000000000002,0.028777794732246547,465.60000000000002,0.028018319303510422,465.60000000000002,0.029456821206649539,465.60000000000002,0.029341403660469809,465.60000000000002,0.030366852318099741,465.60000000000002,0.031115900748539788,465.60000000000002,0.033568407042886328,465.60000000000002,0.033833066300450132,465.60000000000002,0.039270237277790492,465.60000000000002,0.036779117180810936,465.60000000000002,0.037402405839119045,465.60000000000002,0.038161796495511296,465.60000000000002,0.040272331154684086,465.60000000000002,0.040246475589803578,465.60000000000002,0.047167247357222178,465.60000000000002,0.047193442011478182,465.60000000000002,0.050983401575070156,465.60000000000002,0.050724973084780828,465.60000000000002,0.053104490391054825,465.60000000000002,0.052483575358375084,465.60000000000002,0.059245738070411905,465.60000000000002,0.058663352068021334,465.60000000000002,0.071085933724981579,465.60000000000002,0.071030704542949921,465.60000000000002,0.023174978594983169,465.60000000000002,0.022997338148402467,465.60000000000002,0.02302726278578876,465.60000000000002,0.023815221722065398,465.60000000000002,0.023337444792011049,465.60000000000002,0.023413782287666475,465.60000000000002,0.024881276332409313,465.60000000000002,0.025288268355331756,465.60000000000002,0.02354136466519163,465.60000000000002,0.025377915108974847,465.60000000000002,0.024933368937717759,465.60000000000002,0.024776667260073076,465.60000000000002,0.025268855488585405,465.60000000000002,0.025191288793943868,465.60000000000002,0.02683934793113095,465.60000000000002,0.026899578681450962,465.60000000000002,0.030087527445046329,465.60000000000002,0.029863898001915849,465.60000000000002,0.031583589769673542,465.60000000000002,0.031325585141103562,465.60000000000002,0.032102481286505093,465.60000000000002,0.032539948967048989,465.60000000000002,0.036829768656273583,465.60000000000002,0.036448038791824545,465.60000000000002,0.04163746259420327,465.60000000000002,0.040758415774437749,465.60000000000002,0.043067699193815,465.60000000000002,0.04297847630189127,465.60000000000002,0.046312996448038796,465.60000000000002,0.046684087383332067,465.60000000000002,0.054445716029602506,465.60000000000002,0.055539915058111448
466.39999999999998,0.027384773191593978,466.39999999999998,0.026828878546662938,466.39999999999998,0.027221544043471255,466.39999999999998,0.028215881250900705,466.39999999999998,0.02784737587209549,466.39999999999998,0.028158447987928416,466.39999999999998,0.028621008282257995,466.39999999999998,0.030526309096920223,466.39999999999998,0.028287810584674854,466.39999999999998,0.027608021159177033,466.39999999999998,0.029176224748438066,466.39999999999998,0.027994371116366996,466.39999999999998,0.029772598187567285,466.39999999999998,0.03053436246958792,466.39999999999998,0.032900400973186507,466.39999999999998,0.032868357027203442,466.39999999999998,0.038317396132685665,466.39999999999998,0.036070420386053251,466.39999999999998,0.036786110899180255,466.39999999999998,0.037195391775387193,466.39999999999998,0.038744733518137037,466.39999999999998,0.03894776328170698,466.39999999999998,0.044882632689911245,466.39999999999998,0.045570051626357425,466.39999999999998,0.050128048625416449,466.39999999999998,0.049505946779922524,466.39999999999998,0.051286123615031834,466.39999999999998,0.051726558327611201,466.39999999999998,0.056541500300941828,466.39999999999998,0.055499648194772946,466.39999999999998,0.06731271669930404,466.39999999999998,0.067019277230996169,466.39999999999998,0.022923204733687676,466.39999999999998,0.022662487390113849,466.39999999999998,0.022921297355950589,466.39999999999998,0.023085331841340085,466.39999999999998,0.022799988131871857,466.39999999999998,0.02336546205166027,466.39999999999998,0.024799894882293602,466.39999999999998,0.024700796012308943,466.39999999999998,0.023551537346456094,466.39999999999998,0.024897255919228912,466.39999999999998,0.024636665734170882,466.39999999999998,0.024662224595847854,466.39999999999998,0.025268855488585405,466.39999999999998,0.024336783567728868,466.39999999999998,0.026589269516712866,466.39999999999998,0.027147113925552926,466.39999999999998,0.029631452235022851,466.39999999999998,0.02943918855912447,466.39999999999998,0.030835897696735417,466.39999999999998,0.031269635394149009,466.39999999999998,0.031591304052965764,466.39999999999998,0.032192382357179791,466.39999999999998,0.035473411154345005,466.39999999999998,0.034644931037698258,466.39999999999998,0.04077956647423344,466.39999999999998,0.04001157142493833,466.39999999999998,0.041714732585641255,466.39999999999998,0.042050219136508901,466.39999999999998,0.044337800835855305,466.39999999999998,0.044642769342929559,466.39999999999998,0.052693471681798533,466.39999999999998,0.052418597356798317
467.10000000000002,0.027048226986427951,467.10000000000002,0.026866178377965975,467.10000000000002,0.02686210930546019,467.10000000000002,0.027284233191763516,467.10000000000002,0.027592211117045178,467.10000000000002,0.027970253384535827,467.10000000000002,0.028506565618032772,467.10000000000002,0.029842196281884996,467.10000000000002,0.027967371124844227,467.10000000000002,0.027414740215152208,467.10000000000002,0.02841581682391936,467.10000000000002,0.027567118503259495,467.10000000000002,0.029872629553334518,467.10000000000002,0.02977564999194663,467.10000000000002,0.032345142120834496,467.10000000000002,0.031445029373617144,467.10000000000002,0.037115324296601478,467.10000000000002,0.035688097115197132,467.10000000000002,0.03609012995600315,467.10000000000002,0.036727448437221838,467.10000000000002,0.038167433856378684,467.10000000000002,0.037977967667828044,467.10000000000002,0.043393182608105929,467.10000000000002,0.043756771190966666,467.10000000000002,0.049391376957181495,467.10000000000002,0.048816747624255072,467.10000000000002,0.049981477242864288,467.10000000000002,0.050034502343955303,467.10000000000002,0.054763824249976695,467.10000000000002,0.053696540440646652,467.10000000000002,0.063610708442477737,467.10000000000002,0.062903579936081644,467.10000000000002,0.022905402541474863,467.10000000000002,0.022893915888880415,467.10000000000002,0.022618660088332777,467.10000000000002,0.023165865568017092,467.10000000000002,0.023020396225935248,467.10000000000002,0.022722039961682906,467.10000000000002,0.023730915626086146,467.10000000000002,0.024865254359417784,467.10000000000002,0.023792290803048417,467.10000000000002,0.024578511906275701,467.10000000000002,0.024208565397624678,467.10000000000002,0.024041691038715531,467.10000000000002,0.025297678085501384,467.10000000000002,0.024291854225477486,467.10000000000002,0.026298500377236932,467.10000000000002,0.026225638547680202,467.10000000000002,0.029697574663241865,467.10000000000002,0.028965311156888177,467.10000000000002,0.030091596517552114,467.10000000000002,0.029953120893839596,467.10000000000002,0.03120474216491612,467.10000000000002,0.031147987080694797,467.10000000000002,0.034078906097674701,467.10000000000002,0.034060849588430267,467.10000000000002,0.039966599696515004,467.10000000000002,0.040162466197027881,467.10000000000002,0.040824622975000627,467.10000000000002,0.040158100421318545,467.10000000000002,0.043345116689131338,467.10000000000002,0.043153319261124243,467.10000000000002,0.049503488381950275,467.10000000000002,0.049718598204521749
467.89999999999998,0.026573501860752951,467.89999999999998,0.026492332341496914,467.89999999999998,0.026429770351720457,467.89999999999998,0.02673660385035986,467.89999999999998,0.026699558336088437,467.89999999999998,0.027856658443749308,467.89999999999998,0.027430804574315674,467.89999999999998,0.02884273034765138,467.89999999999998,0.027579113789917176,467.89999999999998,0.02697477175046413,467.89999999999998,0.028087747853140384,467.89999999999998,0.026905894221069315,467.89999999999998,0.029315675254105097,467.89999999999998,0.02923141154429779,467.89999999999998,0.031316005866246194,467.89999999999998,0.030292973220416568,467.89999999999998,0.036637208277171658,467.89999999999998,0.035148097284741824,467.89999999999998,0.035646770597560253,467.89999999999998,0.03598908132210947,467.89999999999998,0.037073022897010068,467.89999999999998,0.036714012020718355,467.89999999999998,0.041250137755058792,467.89999999999998,0.041878216050795593,467.89999999999998,0.04817574154607801,467.89999999999998,0.047551944253706679,467.89999999999998,0.048308918898298615,467.89999999999998,0.047977925281656113,467.89999999999998,0.052042632011732495,467.89999999999998,0.051678958656527892,467.89999999999998,0.059939218229444827,467.89999999999998,0.059703423954968929,467.89999999999998,0.022929138797758614,467.89999999999998,0.02184612971864059,467.89999999999998,0.022331281842611659,467.89999999999998,0.023059052414740218,467.89999999999998,0.022877130964794046,467.89999999999998,0.022737298983579603,467.89999999999998,0.02353509151174521,467.89999999999998,0.024358315743071981,467.89999999999998,0.023671066351313552,467.89999999999998,0.024493739562405161,467.89999999999998,0.023972898281664587,467.89999999999998,0.023909446182277496,467.89999999999998,0.024833125641090848,467.89999999999998,0.023762027076286635,467.89999999999998,0.025716962098285057,467.89999999999998,0.02560425726710918,467.89999999999998,0.029383069267482177,467.89999999999998,0.028899188728669156,467.89999999999998,0.029568551155870905,467.89999999999998,0.029640310944957313,467.89999999999998,0.030351932385578533,467.89999999999998,0.030455397031272518,467.89999999999998,0.032731025830133181,467.89999999999998,0.033459813670388174,467.89999999999998,0.039481701889575539,467.89999999999998,0.039396971931876947,467.89999999999998,0.039480981324652636,467.89999999999998,0.039191695701194434,467.89999999999998,0.041791239625984418,467.89999999999998,0.041573162771377466,467.89999999999998,0.047708010138772322,467.89999999999998,0.046926197197426307
468.60000000000002,0.026387002704237768,468.60000000000002,0.026970448360926734,468.60000000000002,0.026474699693971846,468.60000000000002,0.026219492552749593,468.60000000000002,0.026302823766774331,468.60000000000002,0.027569280198028193,468.60000000000002,0.026954384001763265,468.60000000000002,0.02824084670617058,468.60000000000002,0.027472300636640301,468.60000000000002,0.026949340047302969,468.60000000000002,0.027529098107033557,468.60000000000002,0.026821121877198786,468.60000000000002,0.029197841696125056,468.60000000000002,0.028771097717080779,468.60000000000002,0.030294499122606237,468.60000000000002,0.029640226172613443,468.60000000000002,0.036270991751650945,468.60000000000002,0.035115883794071025,468.60000000000002,0.034878733162093202,468.60000000000002,0.035198155353797382,468.60000000000002,0.035993023236099445,468.60000000000002,0.036224875596585361,468.60000000000002,0.039770012631079238,468.60000000000002,0.040415045395590148,468.60000000000002,0.048018064986478814,468.60000000000002,0.046762713732271984,468.60000000000002,0.047144146893517459,468.60000000000002,0.046273153446419642,468.60000000000002,0.050170010935632357,468.60000000000002,0.049774971813195672,468.60000000000002,0.056831464103150993,468.60000000000002,0.057241635088968561,468.60000000000002,0.022516297483109113,468.60000000000002,0.022333570695896175,468.60000000000002,0.022460135805294879,468.60000000000002,0.022310512618363389,468.60000000000002,0.022671134169188645,468.60000000000002,0.022499936420742099,468.60000000000002,0.022639895560472346,468.60000000000002,0.024090435136441088,468.60000000000002,0.023280265846070378,468.60000000000002,0.023772326916066906,468.60000000000002,0.023198926782126594,468.60000000000002,0.023248221900087317,468.60000000000002,0.024166815018268437,468.60000000000002,0.024215559115994004,468.60000000000002,0.025131185202139656,468.60000000000002,0.024421683070115208,468.60000000000002,0.029081279723303068,468.60000000000002,0.028308325491891523,468.60000000000002,0.029212507311614656,468.60000000000002,0.029436857319668032,468.60000000000002,0.029559310970389021,468.60000000000002,0.029659384722328191,468.60000000000002,0.031341607114095095,468.60000000000002,0.032401854818883892,468.60000000000002,0.038540728872612597,468.60000000000002,0.03886460161236998,468.60000000000002,0.03848660173105125,468.60000000000002,0.038625416444139263,468.60000000000002,0.040690894602544873,468.60000000000002,0.040482142705763675,468.60000000000002,0.045479345218415949,468.60000000000002,0.045393513220247025
469.39999999999998,0.026229326144638576,469.39999999999998,0.026280401481820575,469.39999999999998,0.026140696659121929,469.39999999999998,0.026462789179658032,469.39999999999998,0.025214346871476653,469.39999999999998,0.027527741749531626,469.39999999999998,0.026197366970999378,469.39999999999998,0.027584708764612633,469.39999999999998,0.026937387146817218,469.39999999999998,0.026617880182769171,469.39999999999998,0.027090825089222892,469.39999999999998,0.026962691691462579,469.39999999999998,0.027753320956571129,469.39999999999998,0.028633766520010512,469.39999999999998,0.029148377033476596,469.39999999999998,0.029202800878241474,469.39999999999998,0.03563350372574451,469.39999999999998,0.034929384637555842,469.39999999999998,0.034140366046980827,469.39999999999998,0.034269898188415013,469.39999999999998,0.034662097437332035,469.39999999999998,0.035414451989183048,469.39999999999998,0.038268694421132052,469.39999999999998,0.039066317404609925,469.39999999999998,0.046722743572137029,469.39999999999998,0.045831065673134795,469.39999999999998,0.045280003051804373,469.39999999999998,0.045555979417274912,469.39999999999998,0.048203292557835925,469.39999999999998,0.047979493570017719,469.39999999999998,0.054078058374235988,469.39999999999998,0.05462640828056254,469.39999999999998,0.022502733908089823,469.39999999999998,0.022358154675618629,469.39999999999998,0.022124437323567558,469.39999999999998,0.022012113967939104,469.39999999999998,0.02238121275315141,469.39999999999998,0.02236853928774277,469.39999999999998,0.022056661834643065,469.39999999999998,0.022512821817010416,469.39999999999998,0.023099700753626135,469.39999999999998,0.023638386612751455,469.39999999999998,0.0226139976094199,469.39999999999998,0.023216856132855217,469.39999999999998,0.024001508947720893,469.39999999999998,0.023442435339894714,469.39999999999998,0.024586946754490815,469.39999999999998,0.024349626577825252,469.39999999999998,0.028656570280511686,469.39999999999998,0.028381229707620182,469.39999999999998,0.028860702084551933,469.39999999999998,0.029406339275874639,469.39999999999998,0.028924366114798709,469.39999999999998,0.029015114908912114,469.39999999999998,0.030950806608851932,469.39999999999998,0.031235387367225316,469.39999999999998,0.037943931571764018,469.39999999999998,0.03778714512177548,469.39999999999998,0.037667700889261885,469.39999999999998,0.037659859447453863,469.39999999999998,0.038730958012258086,469.39999999999998,0.03948013360121394,469.39999999999998,0.043639785356425313,469.39999999999998,0.043820138518009887
470.10000000000002,0.026137772013258394,470.10000000000002,0.026302442291226909,470.10000000000002,0.02610848316845113,470.10000000000002,0.025748158320829408,470.10000000000002,0.025611929164229462,470.10000000000002,0.026576596051304215,470.10000000000002,0.026662767138848617,470.10000000000002,0.027681349236625047,470.10000000000002,0.027031484448513516,470.10000000000002,0.026981553537973772,470.10000000000002,0.026549129811890167,470.10000000000002,0.026593084272187047,470.10000000000002,0.027105660249400233,470.10000000000002,0.027990344430033148,470.10000000000002,0.028582097776421421,470.10000000000002,0.029152785195357859,470.10000000000002,0.035664021769537903,470.10000000000002,0.034418207404016521,470.10000000000002,0.033807210735569623,470.10000000000002,0.033267889083865285,470.10000000000002,0.033991548197316097,470.10000000000002,0.034944813204140286,470.10000000000002,0.037624424607715978,470.10000000000002,0.037314073056805945,470.10000000000002,0.045987767350779488,470.10000000000002,0.045618287090019756,470.10000000000002,0.044557742682027418,470.10000000000002,0.045004111458677727,470.10000000000002,0.046802853437094678,470.10000000000002,0.04676724905266906,470.10000000000002,0.051295830048405003,470.10000000000002,0.052764807609165576,470.10000000000002,0.022082263082491969,470.10000000000002,0.022631969346320457,470.10000000000002,0.022354170375456704,470.10000000000002,0.021259335554368746,470.10000000000002,0.021902249010282884,470.10000000000002,0.022128633554589151,470.10000000000002,0.022180429456694045,470.10000000000002,0.022475521985707382,470.10000000000002,0.02306409636920051,470.10000000000002,0.022831353899103957,470.10000000000002,0.022708094911116198,470.10000000000002,0.023249917346964726,470.10000000000002,0.02377516678958656,470.10000000000002,0.023369531124166058,470.10000000000002,0.024092723989725593,470.10000000000002,0.023928308028788689,470.10000000000002,0.028362410247280933,470.10000000000002,0.028315955002839871,470.10000000000002,0.028669964310843229,470.10000000000002,0.028757830845265037,470.10000000000002,0.02880653255681867,470.10000000000002,0.028247077473445063,470.10000000000002,0.030220916728126622,470.10000000000002,0.030406313844171477,470.10000000000002,0.037678594135449245,470.10000000000002,0.037279358781990971,470.10000000000002,0.036540228715783753,470.10000000000002,0.036945228588625249,470.10000000000002,0.037866280104778625,470.10000000000002,0.038975738155184257,470.10000000000002,0.042127446741774953,470.10000000000002,0.042441740206674974
470.89999999999998,0.025969075048956031,470.89999999999998,0.025439459830624858,470.89999999999998,0.025300602731364922,470.89999999999998,0.025748158320829408,470.89999999999998,0.025311835066927767,470.89999999999998,0.026266329272738052,470.89999999999998,0.026493222451107551,470.89999999999998,0.026970956994989956,470.89999999999998,0.027223069945660927,470.89999999999998,0.026838288276832569,470.89999999999998,0.026432991700787539,470.89999999999998,0.026660902147283474,470.89999999999998,0.026374922645236214,470.89999999999998,0.027491883048074397,470.89999999999998,0.028343039766706515,470.89999999999998,0.028069394640692413,470.89999999999998,0.035018056509244423,470.89999999999998,0.033428914151047366,470.89999999999998,0.033613929791544803,470.89999999999998,0.033030526521027774,470.89999999999998,0.033734687995388375,470.89999999999998,0.033949585887100189,470.89999999999998,0.036136669972788076,470.89999999999998,0.036186600883327827,470.89999999999998,0.044684816425489361,470.89999999999998,0.045252918287937746,470.89999999999998,0.043426031891355757,470.89999999999998,0.044160626637165898,470.89999999999998,0.045774564905945073,470.89999999999998,0.045791519374719196,470.89999999999998,0.049074794638996978,470.89999999999998,0.050614133245170091,470.89999999999998,0.021781321261751564,470.89999999999998,0.022454795147631039,470.89999999999998,0.021907420123258983,470.89999999999998,0.021915473495926693,470.89999999999998,0.022075184591778776,470.89999999999998,0.022041318040402502,470.89999999999998,0.022540711918143823,470.89999999999998,0.021996558242838856,470.89999999999998,0.023187863991251497,470.89999999999998,0.023057696057238286,470.89999999999998,0.022847121555063871,470.89999999999998,0.02309308851080424,470.89999999999998,0.023719217042632006,470.89999999999998,0.023159295711367125,470.89999999999998,0.024318218424421219,470.89999999999998,0.023844383408356859,470.89999999999998,0.027886837398167226,470.89999999999998,0.028171842018259962,470.89999999999998,0.028012978645846578,470.89999999999998,0.028328882785280125,470.89999999999998,0.028405559370311032,470.89999999999998,0.0280783805091427,470.89999999999998,0.030126819426430324,470.89999999999998,0.030020599679560538,470.89999999999998,0.037012283512626837,470.89999999999998,0.036748683909361417,470.89999999999998,0.036510558395429077,470.89999999999998,0.036050880360791099,470.89999999999998,0.036907504895602863,470.89999999999998,0.037821986555106261,470.89999999999998,0.040181921449946159,470.89999999999998,0.040236811542602335
471.60000000000002,0.026197960377406477,471.60000000000002,0.025180904181819726,471.60000000000002,0.024975076930902066,471.60000000000002,0.024783449047582715,471.60000000000002,0.025415257326449815,471.60000000000002,0.025438951196561629,471.60000000000002,0.026361825318108222,471.60000000000002,0.02661745632104982,471.60000000000002,0.026754278884056862,471.60000000000002,0.026810313403355289,471.60000000000002,0.026506743639954901,471.60000000000002,0.025957291693158028,471.60000000000002,0.02661737154870595,471.60000000000002,0.026767079507981319,471.60000000000002,0.028053118350669284,471.60000000000002,0.027822707120029155,471.60000000000002,0.034843425480871125,471.60000000000002,0.032813466934547272,471.60000000000002,0.033453710061629491,471.60000000000002,0.032821138831667554,471.60000000000002,0.032836948873799413,471.60000000000002,0.03362321236319863,471.60000000000002,0.035394064240482179,471.60000000000002,0.035387197680628681,471.60000000000002,0.043826920305519532,471.60000000000002,0.044701050329340561,471.60000000000002,0.042687664776243396,471.60000000000002,0.042606749574018977,471.60000000000002,0.044398709764926284,471.60000000000002,0.043932461873638348,471.60000000000002,0.047303900375541476,471.60000000000002,0.048516017734374334,471.60000000000002,0.022215355662368708,471.60000000000002,0.022273382331748092,471.60000000000002,0.02182519094970457,471.60000000000002,0.021910387155294461,471.60000000000002,0.022079423208972299,471.60000000000002,0.022158303874943837,471.60000000000002,0.023014589320380117,471.60000000000002,0.02259928960775837,471.60000000000002,0.023395556233734311,471.60000000000002,0.022890694539813333,471.60000000000002,0.023169256461771908,471.60000000000002,0.02309393623424294,471.60000000000002,0.023687851275399911,471.60000000000002,0.023791697396641324,471.60000000000002,0.023805345744004475,471.60000000000002,0.023658731975280387,471.60000000000002,0.027776633351135529,471.60000000000002,0.027987886032060896,471.60000000000002,0.028176589269516713,471.60000000000002,0.027938082280036955,471.60000000000002,0.028379279943711162,471.60000000000002,0.027877470054169528,471.60000000000002,0.029032408467061708,471.60000000000002,0.029506879275705094,471.60000000000002,0.036709646245009026,471.60000000000002,0.036414680874511496,471.60000000000002,0.03551448335495027,471.60000000000002,0.035675338877444618,471.60000000000002,0.036493815857514648,471.60000000000002,0.036921704263201169,471.60000000000002,0.039442706611395095,471.60000000000002,0.039066953197188947
472.39999999999998,0.025556233734306526,472.39999999999998,0.024811296762544188,472.39999999999998,0.024982706441850414,472.39999999999998,0.02530649440926392,472.39999999999998,0.024642981273789239,472.39999999999998,0.025588150521773771,472.39999999999998,0.025774352975085405,472.39999999999998,0.025599340471164685,472.39999999999998,0.026572018344735208,472.39999999999998,0.026966294516077079,472.39999999999998,0.026039648025228249,472.39999999999998,0.02624297449200173,472.39999999999998,0.026510558395429071,472.39999999999998,0.026450030941905518,472.39999999999998,0.027413087154446732,472.39999999999998,0.027180980476929198,472.39999999999998,0.03325224858642116,472.39999999999998,0.032553215838864731,472.39999999999998,0.03303832557666387,472.39999999999998,0.033029678797589071,472.39999999999998,0.03248175275298186,472.39999999999998,0.033290057051787426,472.39999999999998,0.034122479082424148,472.39999999999998,0.035560133262124573,472.39999999999998,0.043353042903283234,472.39999999999998,0.043964378661105613,472.39999999999998,0.041876393445402373,472.39999999999998,0.041369073353509152,472.39999999999998,0.043429761874486057,472.39999999999998,0.042606622415503163,472.39999999999998,0.045956867831438673,472.39999999999998,0.047049456185414069,472.39999999999998,0.02207971991217585,472.39999999999998,0.022621796665055992,472.39999999999998,0.021587828386867066,472.39999999999998,0.02230712172460857,472.39999999999998,0.022063316463636903,472.39999999999998,0.022065902020124952,472.39999999999998,0.022854369590464808,472.39999999999998,0.022329713554250064,472.39999999999998,0.023209904800657839,472.39999999999998,0.022861871942897353,472.39999999999998,0.022731831167399942,472.39999999999998,0.022676008578961199,472.39999999999998,0.023621728847180896,472.39999999999998,0.023062655239354714,472.39999999999998,0.024257182336834431,472.39999999999998,0.023417978518688064,472.39999999999998,0.027706272305722982,472.39999999999998,0.027113883166755674,472.39999999999998,0.027884972406602069,472.39999999999998,0.027518459177877808,472.39999999999998,0.028018149758822684,472.39999999999998,0.028066512381000819,472.39999999999998,0.028668735111857108,472.39999999999998,0.029019438298449517,472.39999999999998,0.035700855352949645,472.39999999999998,0.035699202292244173,472.39999999999998,0.035285598026499825,472.39999999999998,0.0351344913235506,472.39999999999998,0.03565880827038987,472.39999999999998,0.036047701397895954,472.39999999999998,0.038251655180014069,472.39999999999998,0.037883531276756276
473.10000000000002,0.025506218051422908,473.10000000000002,0.024803667251595839,473.10000000000002,0.025271780134448942,473.10000000000002,0.025343794240566962,473.10000000000002,0.024621788187821611,473.10000000000002,0.025412671769961762,473.10000000000002,0.025854886701762416,473.10000000000002,0.025905368632537319,473.10000000000002,0.026281249205259274,473.10000000000002,0.026976467197341543,473.10000000000002,0.025747183438874898,473.10000000000002,0.026276035706111239,473.10000000000002,0.026813195663046883,473.10000000000002,0.026548366860795338,473.10000000000002,0.026619618015818518,473.10000000000002,0.027323398014631704,473.10000000000002,0.032746157693514071,473.10000000000002,0.032335350915117453,473.10000000000002,0.032772988140349089,473.10000000000002,0.032126005611929159,473.10000000000002,0.03200872307418428,473.10000000000002,0.03276955486042233,473.10000000000002,0.033968193416579771,473.10000000000002,0.03470138941871604,473.10000000000002,0.042328145265888462,473.10000000000002,0.042958978662801052,473.10000000000002,0.041129549095902947,473.10000000000002,0.040982511465459504,473.10000000000002,0.04178263523308156,473.10000000000002,0.041682603867314323,473.10000000000002,0.045127794308384837,473.10000000000002,0.045871968329052319,473.10000000000002,0.022105151615337007,473.10000000000002,0.022468358722650326,473.10000000000002,0.021601391961886353,473.10000000000002,0.022367310088756649,473.10000000000002,0.021992107694785653,473.10000000000002,0.022299873689207633,473.10000000000002,0.022408467061705791,473.10000000000002,0.022507735476378188,473.10000000000002,0.022993735323787973,473.10000000000002,0.023248433830946998,473.10000000000002,0.022793714978425434,473.10000000000002,0.023064265913888254,473.10000000000002,0.023234319235692542,473.10000000000002,0.022946517128252082,473.10000000000002,0.023827386553410813,473.10000000000002,0.023490882734416726,473.10000000000002,0.02781478090587727,473.10000000000002,0.027224087213787374,473.10000000000002,0.028255427549316307,473.10000000000002,0.027624424607715976,473.10000000000002,0.027661258191127729,473.10000000000002,0.028003780846536628,473.10000000000002,0.028380509142697286,473.10000000000002,0.028941447742088618,473.10000000000002,0.035889049956342241,473.10000000000002,0.035557632477980383,473.10000000000002,0.034801547942999063,473.10000000000002,0.034921712740435561,473.10000000000002,0.034992497647567462,473.10000000000002,0.036185880318404931,473.10000000000002,0.037812534438764693,473.10000000000002,0.038133609691174353
473.89999999999998,0.024701728508091519,473.89999999999998,0.025187685969329368,473.89999999999998,0.02529382094385528,473.89999999999998,0.025507404864237089,473.89999999999998,0.024451395776641831,473.89999999999998,0.024975246475589803,473.89999999999998,0.02565736714054407,473.89999999999998,0.025226342158134327,473.89999999999998,0.026861939760772443,473.89999999999998,0.027001051177063994,473.89999999999998,0.0255572933886049,473.89999999999998,0.026306553749904631,473.89999999999998,0.02633592736705577,473.89999999999998,0.026427142409060467,473.89999999999998,0.026547561523528565,473.89999999999998,0.026538406110390541,473.89999999999998,0.031956927172079375,473.89999999999998,0.031775853445571912,473.89999999999998,0.032010884768952974,473.89999999999998,0.031940354178852694,473.89999999999998,0.031506870798470706,473.89999999999998,0.031763307138679073,473.89999999999998,0.033075540635623034,473.89999999999998,0.033822300212778586,473.89999999999998,0.041907674440290608,473.89999999999998,0.042121427905360151,473.89999999999998,0.040570051626357413,473.89999999999998,0.040579842832074463,473.89999999999998,0.041212965082271555,473.89999999999998,0.040911175538092454,473.89999999999998,0.044124937480396399,473.89999999999998,0.043926443037223539,473.89999999999998,0.021554131380178528,473.89999999999998,0.022414104422573182,473.89999999999998,0.021511533277383584,473.89999999999998,0.022261344658918481,473.89999999999998,0.02152925069725253,473.89999999999998,0.022028602188821918,473.89999999999998,0.021820994718682978,473.89999999999998,0.022462806134126805,473.89999999999998,0.022643625543602657,473.89999999999998,0.023153488805811993,473.89999999999998,0.022856446512889633,473.89999999999998,0.022251299136169817,473.89999999999998,0.023197019404389507,473.89999999999998,0.02271678407636293,473.89999999999998,0.023846036469062332,473.89999999999998,0.023252672448140516,473.89999999999998,0.02757572289616236,473.89999999999998,0.026755296152183309,473.89999999999998,0.027628112204674347,473.89999999999998,0.027639683629612673,473.89999999999998,0.026690614853810097,473.89999999999998,0.02754770563651315,473.89999999999998,0.028286411841000992,473.89999999999998,0.02847435212736197,473.89999999999998,0.035438061086950988,473.89999999999998,0.034937946644286767,473.89999999999998,0.034359036307994868,473.89999999999998,0.034269813416071139,473.89999999999998,0.034049829183727114,473.89999999999998,0.035757779981858723,473.89999999999998,0.036462958724345768,473.89999999999998,0.036556844095182388
474.60000000000002,0.025372277748107464,474.60000000000002,0.024989318684672315,474.60000000000002,0.02506917423259836,474.60000000000002,0.024969100480659184,474.60000000000002,0.024092808762069467,474.60000000000002,0.024293676830870695,474.60000000000002,0.02505463577562456,474.60000000000002,0.025029670320354691,474.60000000000002,0.026436382594542354,474.60000000000002,0.025989717114688504,474.60000000000002,0.025375880572721953,474.60000000000002,0.026301467409272399,474.60000000000002,0.025680637148936532,474.60000000000002,0.026675525376601134,474.60000000000002,0.026714563040953522,474.60000000000002,0.025877181828200368,474.60000000000002,0.031956927172079375,474.60000000000002,0.031542729499927945,474.60000000000002,0.031422564702491461,474.60000000000002,0.031172316743385636,474.60000000000002,0.030570136398701288,474.60000000000002,0.031012224171986128,474.60000000000002,0.03299500690894603,474.60000000000002,0.032215016572993228,474.60000000000002,0.041266795520629361,474.60000000000002,0.041144850503971583,474.60000000000002,0.039587540160897911,474.60000000000002,0.040057645193831974,474.60000000000002,0.040236387680882987,474.60000000000002,0.040243169468392632,474.60000000000002,0.043085628544543633,474.60000000000002,0.042553131066520859,474.60000000000002,0.021599060722429914,474.60000000000002,0.021928358892195011,474.60000000000002,0.021230936819172114,474.60000000000002,0.021933275688139506,474.60000000000002,0.021432610225240116,474.60000000000002,0.021652212982036741,474.60000000000002,0.021551418665174675,474.60000000000002,0.022184752846231445,474.60000000000002,0.022686011715537923,474.60000000000002,0.023343378856081991,474.60000000000002,0.022544484287446064,474.60000000000002,0.022144485982892943,474.60000000000002,0.023013063418190444,474.60000000000002,0.022645575307511677,474.60000000000002,0.022849961428583542,474.60000000000002,0.023054305163483467,474.60000000000002,0.027511295914820755,474.60000000000002,0.026750209811551077,474.60000000000002,0.027122869035205954,474.60000000000002,0.027265837593143612,474.60000000000002,0.026716894280409957,474.60000000000002,0.026750845604130109,474.60000000000002,0.027755736968371442,474.60000000000002,0.028323457355272415,474.60000000000002,0.035040478794198172,474.60000000000002,0.035477098751303379,474.60000000000002,0.034231877792189065,474.60000000000002,0.033717945457473954,474.60000000000002,0.033945559200766348,474.60000000000002,0.035323745581241579,474.60000000000002,0.035677119096665905,474.60000000000002,0.035657409526715998
475.39999999999998,0.024875511813026122,475.39999999999998,0.025257199291303208,475.39999999999998,0.024745343879012911,475.39999999999998,0.024758865067860261,475.39999999999998,0.024019056822902101,475.39999999999998,0.023402719496791367,475.39999999999998,0.024807948254961302,475.39999999999998,0.024255698820816698,475.39999999999998,0.026226147181743428,475.39999999999998,0.025612480184464617,475.39999999999998,0.025059679730084852,475.39999999999998,0.025515627781592533,475.39999999999998,0.025438188245466797,475.39999999999998,0.025960046794333818,475.39999999999998,0.026500936734399773,475.39999999999998,0.025666098691962732,475.39999999999998,0.031571213007468443,475.39999999999998,0.031372337088748169,475.39999999999998,0.030992768919067843,475.39999999999998,0.030869679475767825,475.39999999999998,0.030133558827768029,475.39999999999998,0.031095301068979255,475.39999999999998,0.032991616015191211,475.39999999999998,0.031505472054796847,475.39999999999998,0.041055712384391728,475.39999999999998,0.041021082881920606,475.39999999999998,0.039189110144706392,475.39999999999998,0.038733501182574195,475.39999999999998,0.039800657833388431,475.39999999999998,0.039463263904783705,475.39999999999998,0.042385408984173006,475.39999999999998,0.040879724998516491,475.39999999999998,0.021400693437772862,475.39999999999998,0.022391215889728137,475.39999999999998,0.021022396853250594,475.39999999999998,0.021375473665471382,475.39999999999998,0.021313081220382661,475.39999999999998,0.021090172342175088,475.39999999999998,0.021486143960394364,475.39999999999998,0.022208489102515196,475.39999999999998,0.022769936335969753,475.39999999999998,0.023136534337037884,475.39999999999998,0.022838644320676824,475.39999999999998,0.021860498630926647,475.39999999999998,0.022768919067843302,475.39999999999998,0.021999610047218197,475.39999999999998,0.022321829726270104,475.39999999999998,0.022712672617685208,475.39999999999998,0.027423132677195393,475.39999999999998,0.026400100031365767,475.39999999999998,0.026579478310995823,475.39999999999998,0.026829260022210349,475.39999999999998,0.026381195798682637,475.39999999999998,0.02578104999025118,475.39999999999998,0.027512440341463006,475.39999999999998,0.027829234590507193,475.39999999999998,0.034036774242771038,475.39999999999998,0.035086298246060209,475.39999999999998,0.033329052329967856,475.39999999999998,0.033124539050380208,475.39999999999998,0.033720912489509425,475.39999999999998,0.034723557386638189,475.39999999999998,0.035113383009926835,475.39999999999998,0.034106075633885208
476.10000000000002,0.024895009452116347,476.10000000000002,0.024757042462467044,476.10000000000002,0.024679221450793893,476.10000000000002,0.024863135050821016,476.10000000000002,0.024036011291676204,476.10000000000002,0.02403766435238168,476.10000000000002,0.024588387884336611,476.10000000000002,0.02513139713299933,476.10000000000002,0.025996414129854276,476.10000000000002,0.025276781702737297,476.10000000000002,0.02465870654357722,476.10000000000002,0.025111263701330079,476.10000000000002,0.025547544569059787,476.10000000000002,0.025765918126870287,476.10000000000002,0.026319523918516826,476.10000000000002,0.026118783008231394,476.10000000000002,0.031294855166450496,476.10000000000002,0.031334189534006428,476.10000000000002,0.030502784771496146,476.10000000000002,0.030647575934827021,476.10000000000002,0.030021659333858919,476.10000000000002,0.031386917931893903,476.10000000000002,0.032424489034697322,476.10000000000002,0.031094326187024752,476.10000000000002,0.040810720310605883,476.10000000000002,0.040424285581072042,476.10000000000002,0.038503301882793758,476.10000000000002,0.038127378923899877,476.10000000000002,0.039155540296533654,476.10000000000002,0.038889355136780171,476.10000000000002,0.041726727872298947,476.10000000000002,0.040873790934445542,476.10000000000002,0.02130998702983139,476.10000000000002,0.022364088739689567,476.10000000000002,0.020874892974915866,476.10000000000002,0.021525520714122226,476.10000000000002,0.021507209887846185,476.10000000000002,0.020986750082653036,476.10000000000002,0.021594652560548645,476.10000000000002,0.021989776455329214,476.10000000000002,0.022948805981536584,476.10000000000002,0.023050066546289938,476.10000000000002,0.022901375855141015,476.10000000000002,0.023160906385900668,476.10000000000002,0.022639217381721383,476.10000000000002,0.021570661987233286,476.10000000000002,0.022225189254257694,476.10000000000002,0.022454116968880077,476.10000000000002,0.027612175004026688,476.10000000000002,0.026584056017564826,476.10000000000002,0.026453167518628723,476.10000000000002,0.026468977560760575,476.10000000000002,0.026419343353424378,476.10000000000002,0.025730186583928862,476.10000000000002,0.027386129549095903,476.10000000000002,0.028064053983028574,476.10000000000002,0.033694293973534066,476.10000000000002,0.035071886947602222,476.10000000000002,0.032997592465434072,476.10000000000002,0.033374617464798279,476.10000000000002,0.033591210803387506,476.10000000000002,0.034038596848164258,476.10000000000002,0.034648830565516292,476.10000000000002,0.034045887269737125
476.89999999999998,0.024869577748955179,476.89999999999998,0.024773996931241157,476.89999999999998,0.024663962428897197,476.89999999999998,0.024948755118130259,476.89999999999998,0.024289480599849107,476.89999999999998,0.024116502632181278,476.89999999999998,0.024765562083026035,476.89999999999998,0.025367911972398124,476.89999999999998,0.025564075176114542,476.89999999999998,0.025438696879530022,476.89999999999998,0.024524766240261779,476.89999999999998,0.024699270110119277,476.89999999999998,0.026041767333825013,476.89999999999998,0.025350533641904666,476.89999999999998,0.026052491035324636,476.89999999999998,0.026451090596203892,476.89999999999998,0.031708544204538711,476.89999999999998,0.03094762764595678,476.89999999999998,0.030921560150216593,476.89999999999998,0.030681484872375233,476.89999999999998,0.029950450565007669,476.89999999999998,0.031148707645617692,476.89999999999998,0.032298178242330222,476.89999999999998,0.03131388655764944,476.89999999999998,0.040315649822401947,476.89999999999998,0.04020811610420217,476.89999999999998,0.038178623805769606,476.89999999999998,0.037834914337546523,476.89999999999998,0.039094504208946869,476.89999999999998,0.03879695328196129,476.89999999999998,0.041176555360579167,476.89999999999998,0.040022676601985371,476.89999999999998,0.021288793943863755,476.89999999999998,0.022114858048710193,476.89999999999998,0.020865568017090105,476.89999999999998,0.021806964895772406,476.89999999999998,0.021823410730483286,476.89999999999998,0.021260564753354867,476.89999999999998,0.021602282071496993,476.89999999999998,0.021932131261497251,476.89999999999998,0.023574425879301138,476.89999999999998,0.023558700609513154,476.89999999999998,0.023523604859150747,476.89999999999998,0.023372837245577007,476.89999999999998,0.022164492256046386,476.89999999999998,0.022256470249145927,476.89999999999998,0.022580385375075236,476.89999999999998,0.022357476496867663,476.89999999999998,0.027277324245738071,476.89999999999998,0.026713757703686745,476.89999999999998,0.026416715410764388,476.89999999999998,0.027208192399311642,476.89999999999998,0.026392216203385811,476.89999999999998,0.026176089112687876,476.89999999999998,0.027399693124115186,476.89999999999998,0.028059815365835048,476.89999999999998,0.033954545069216621,476.89999999999998,0.034269092851148243,476.89999999999998,0.032652569025880984,476.89999999999998,0.03331273365377279,476.89999999999998,0.0334165797750142,476.89999999999998,0.034357340861117476,476.89999999999998,0.034353822808846836,476.89999999999998,0.033658477658248781
477.60000000000002,0.025241728338546838,477.60000000000002,0.024584106880971152,477.60000000000002,0.024949645227740902,477.60000000000002,0.024675788170867134,477.60000000000002,0.023947000330612141,477.60000000000002,0.024893017302035386,477.60000000000002,0.024567194798368983,477.60000000000002,0.025481506913184643,477.60000000000002,0.025321626272644813,477.60000000000002,0.025568398565651941,477.60000000000002,0.024724828971796238,477.60000000000002,0.025120588659155833,477.60000000000002,0.025327984198435103,477.60000000000002,0.025891381195798684,477.60000000000002,0.025899053092918966,477.60000000000002,0.025799191271839474,477.60000000000002,0.031090553817722504,477.60000000000002,0.031429982282580128,477.60000000000002,0.03030272203996168,477.60000000000002,0.031257089087256169,477.60000000000002,0.029761408238176371,477.60000000000002,0.030748582182548764,477.60000000000002,0.031420784483270174,477.60000000000002,0.0314656290531777,477.60000000000002,0.04031649754584065,477.60000000000002,0.03949433296881226,477.60000000000002,0.03799127692581572,477.60000000000002,0.038090926816035535,477.60000000000002,0.039637894933157003,477.60000000000002,0.038466341140866202,477.60000000000002,0.040525503759653456,477.60000000000002,0.040095580817714027,477.60000000000002,0.021390520756508397,477.60000000000002,0.021892754507769386,477.60000000000002,0.020903715571831846,477.60000000000002,0.021577231843883254,477.60000000000002,0.021608088977052121,477.60000000000002,0.021004552274865852,477.60000000000002,0.021295406186685652,477.60000000000002,0.021443842560802964,477.60000000000002,0.022971694514381628,477.60000000000002,0.023428998923391234,477.60000000000002,0.023081093224146552,477.60000000000002,0.023323669286132092,477.60000000000002,0.022447631884573969,477.60000000000002,0.022721870416995159,477.60000000000002,0.022932190602137959,477.60000000000002,0.022184540915371771,477.60000000000002,0.027054372981358564,477.60000000000002,0.026085594635606078,477.60000000000002,0.02607253969465002,477.60000000000002,0.027015759178725528,477.60000000000002,0.026437145545637194,477.60000000000002,0.026257470562803593,477.60000000000002,0.026974983681323804,477.60000000000002,0.028086942515873622,477.60000000000002,0.034114764799131933,477.60000000000002,0.03387574917558895,477.60000000000002,0.032740732263506343,477.60000000000002,0.03332629722879208,477.60000000000002,0.032766375897527192,477.60000000000002,0.03376647762433984,477.60000000000002,0.033673100887566434,477.60000000000002,0.03327022032332172
478.39999999999998,0.025585904054661206,478.39999999999998,0.024736697099938119,478.39999999999998,0.025445563439383537,478.39999999999998,0.024464705034629497,478.39999999999998,0.023750328492832498,478.39999999999998,0.024397946813831461,478.39999999999998,0.024207760060357908,478.39999999999998,0.024983045531225892,478.39999999999998,0.025102913625458832,478.39999999999998,0.025678602612683642,478.39999999999998,0.025169036053677846,478.39999999999998,0.025221467748361773,478.39999999999998,0.024937183693191933,478.39999999999998,0.025799827064418506,478.39999999999998,0.026236447021523703,478.39999999999998,0.025213414375694073,478.39999999999998,0.031214321439773492,478.39999999999998,0.031091740630536695,478.39999999999998,0.030830853742275122,478.39999999999998,0.031229114213778893,478.39999999999998,0.029735976535015213,478.39999999999998,0.030339979485092781,478.39999999999998,0.031549638445953397,478.39999999999998,0.031682646253486275,478.39999999999998,0.039995210362571317,478.39999999999998,0.039415494689012662,478.39999999999998,0.03802094724617041,478.39999999999998,0.038177394606783488,478.39999999999998,0.0393844256249841,478.39999999999998,0.038982604715037762,478.39999999999998,0.040149962276306982,478.39999999999998,0.040236302908539121,478.39999999999998,0.02159058348804286,478.39999999999998,0.021323932080398088,478.39999999999998,0.021188550647236841,478.39999999999998,0.021712019870637408,478.39999999999998,0.021971762332256718,478.39999999999998,0.021203767282961604,478.39999999999998,0.02130727431482753,478.39999999999998,0.021630341717318143,478.39999999999998,0.022969999067504222,478.39999999999998,0.023624823037732171,478.39999999999998,0.022963259666166504,478.39999999999998,0.022726871985283524,478.39999999999998,0.022080567635614556,478.39999999999998,0.023173707009825118,478.39999999999998,0.023129710163356305,478.39999999999998,0.022330349346829096,478.39999999999998,0.026714435882437715,478.39999999999998,0.026489958715868536,478.39999999999998,0.025958097030424791,478.39999999999998,0.026893687003551957,478.39999999999998,0.026660944533455407,478.39999999999998,0.026481269550621807,478.39999999999998,0.026708798521570324,478.39999999999998,0.027963174893822638,478.39999999999998,0.03441994523706586,478.39999999999998,0.034147868399413375,478.39999999999998,0.033167984876613842,478.39999999999998,0.033004162322084037,478.39999999999998,0.03260530844417317,478.39999999999998,0.033883463458881186,478.39999999999998,0.033402677110619429,478.39999999999998,0.032940455905665335
479.10000000000002,0.025288353127675633,479.10000000000002,0.024525613963700486,479.10000000000002,0.024752125666522556,479.10000000000002,0.024478268609648787,479.10000000000002,0.023536702186278749,479.10000000000002,0.024329281215296324,479.10000000000002,0.024042453989810364,479.10000000000002,0.024849105227910447,479.10000000000002,0.025703101820062222,479.10000000000002,0.025721836508057611,479.10000000000002,0.024968125598704673,479.10000000000002,0.025124827276349362,479.10000000000002,0.024266634453175992,479.10000000000002,0.025931224197417838,479.10000000000002,0.025885489517899683,479.10000000000002,0.024899756703373091,479.10000000000002,0.030322516382255457,479.10000000000002,0.030809448725447813,479.10000000000002,0.030303569763400387,479.10000000000002,0.031476649457880854,479.10000000000002,0.029911455286827225,479.10000000000002,0.030759602587251935,479.10000000000002,0.030964709273246696,479.10000000000002,0.031280825343539931,479.10000000000002,0.039658664157405286,479.10000000000002,0.038824631452235032,479.10000000000002,0.037822579961513357,479.10000000000002,0.038212998991209106,479.10000000000002,0.039302196451429683,479.10000000000002,0.038560438442562489,479.10000000000002,0.040135550977848988,479.10000000000002,0.040004026686333849,479.10000000000002,0.021659249086577993,479.10000000000002,0.021732534777854074,479.10000000000002,0.020966447106296044,479.10000000000002,0.021512804862541649,479.10000000000002,0.021449564694014222,479.10000000000002,0.020763798818273529,479.10000000000002,0.021256410908505212,479.10000000000002,0.021580326034434525,479.10000000000002,0.022112950670973106,479.10000000000002,0.022823724388155608,479.10000000000002,0.022465646007646462,479.10000000000002,0.0224072802488916,479.10000000000002,0.022707882980256524,479.10000000000002,0.022777820163949716,479.10000000000002,0.022985597178776396,479.10000000000002,0.022167586446597661,479.10000000000002,0.026328721717826777,479.10000000000002,0.02608050829497385,479.10000000000002,0.025749557064503274,479.10000000000002,0.026217203699465081,479.10000000000002,0.026295575731373401,479.10000000000002,0.025830217949696095,479.10000000000002,0.026511278960351974,479.10000000000002,0.027179030713020184,479.10000000000002,0.034430965641769021,479.10000000000002,0.033568025567338913,479.10000000000002,0.032575426192958806,479.10000000000002,0.032103032306740248,479.10000000000002,0.03251036341903818,479.10000000000002,0.033334138670600109,479.10000000000002,0.033281452658884561,479.10000000000002,0.032847206327407744
479.89999999999998,0.025324805235539961,479.89999999999998,0.023893212278426289,479.89999999999998,0.024292659562744248,479.89999999999998,0.024306180751591595,479.89999999999998,0.023896136924289824,479.89999999999998,0.024201274976051818,479.89999999999998,0.024473945220111388,479.89999999999998,0.025072056492289951,479.89999999999998,0.025925205361003026,479.89999999999998,0.025383594856014175,479.89999999999998,0.025046963878504275,479.89999999999998,0.024942566737027713,479.89999999999998,0.024924467841611352,479.89999999999998,0.025478539881149176,479.89999999999998,0.026260183277807454,479.89999999999998,0.025498249451099068,479.89999999999998,0.030673473885879474,479.89999999999998,0.030258428490289327,479.89999999999998,0.030658765884217929,479.89999999999998,0.031287607131049562,479.89999999999998,0.029829226113272808,479.89999999999998,0.030737561777845594,479.89999999999998,0.031575070149114558,479.89999999999998,0.031472410840687345,479.89999999999998,0.039351788272593946,479.89999999999998,0.038357535837508373,479.89999999999998,0.037578435611166215,479.89999999999998,0.038141790222357856,479.89999999999998,0.038494316014343478,479.89999999999998,0.038414630011105177,479.89999999999998,0.040000762951094837,479.89999999999998,0.040154921458423413,479.89999999999998,0.022215355662368708,479.89999999999998,0.021797809482634385,479.89999999999998,0.020850308995193408,479.89999999999998,0.022048566075803432,479.89999999999998,0.021623347998948821,479.89999999999998,0.021366530183193035,479.89999999999998,0.021276756271034137,479.89999999999998,0.02194993345371006,479.89999999999998,0.022837754211066184,479.89999999999998,0.022929689817993777,479.89999999999998,0.022232522062002491,479.89999999999998,0.022740435560302807,479.89999999999998,0.022926595627442505,479.89999999999998,0.02294143078761985,479.89999999999998,0.022876240855183402,479.89999999999998,0.022428685265718916,479.89999999999998,0.025714122224765396,479.89999999999998,0.027056237972923711,479.89999999999998,0.026424344921712736,479.89999999999998,0.026220594593219907,479.89999999999998,0.026121792426438799,479.89999999999998,0.02616167781422989,479.89999999999998,0.026492629044700455,479.89999999999998,0.027063740325356252,479.89999999999998,0.03433517289319532,479.89999999999998,0.033634147995557931,479.89999999999998,0.032504217424107557,479.89999999999998,0.0318427812110577,479.89999999999998,0.033086815357357816,479.89999999999998,0.033846163627578141,479.89999999999998,0.033258564126039517,479.89999999999998,0.033233768215457392
480.60000000000002,0.02509083356645728,480.60000000000002,0.024070386477115714,480.60000000000002,0.023945092952875054,480.60000000000002,0.02435280554072039,480.60000000000002,0.023576545187897899,480.60000000000002,0.024213990827632394,480.60000000000002,0.02516399209921755,480.60000000000002,0.024693124115188658,480.60000000000002,0.025786178717055346,480.60000000000002,0.025353924535659489,480.60000000000002,0.024341657977501419,480.60000000000002,0.024999364207420969,480.60000000000002,0.025305943389028761,480.60000000000002,0.025546357756245603,480.60000000000002,0.025715944830158613,480.60000000000002,0.025654230563820855,480.60000000000002,0.030954918067529646,480.60000000000002,0.0305390249485008,480.60000000000002,0.030339174147826012,480.60000000000002,0.031152819104295411,480.60000000000002,0.029836855624221156,480.60000000000002,0.030623119113620371,480.60000000000002,0.031329230351889996,480.60000000000002,0.03111467154955368,480.60000000000002,0.039127989284775733,480.60000000000002,0.038517755567423685,480.60000000000002,0.037610649101837007,480.60000000000002,0.038688571840322816,480.60000000000002,0.03869692191619406,480.60000000000002,0.038395980095453662,480.60000000000002,0.039840543221179525,480.60000000000002,0.039810745742309028,480.60000000000002,0.022325559709400398,480.60000000000002,0.022530242533675814,480.60000000000002,0.020821486398277422,480.60000000000002,0.021810355789527228,480.60000000000002,0.02085700601035918,480.60000000000002,0.020979120571704687,480.60000000000002,0.021581936708968068,480.60000000000002,0.021816840873833319,480.60000000000002,0.022463060451158416,480.60000000000002,0.022907649008587438,480.60000000000002,0.022340182938718072,480.60000000000002,0.022856573671405443,480.60000000000002,0.023093597144867459,480.60000000000002,0.022584539219924891,480.60000000000002,0.022395581665437467,480.60000000000002,0.022145545637191323,480.60000000000002,0.025287717335096601,480.60000000000002,0.025904181819723131,480.60000000000002,0.026244627552707202,480.60000000000002,0.026450327645109059,480.60000000000002,0.02582254605257581,480.60000000000002,0.025976026381153417,480.60000000000002,0.026995329043852729,480.60000000000002,0.026697523799835542,480.60000000000002,0.034367386383866126,480.60000000000002,0.032809313089697617,480.60000000000002,0.03237875435517916,480.60000000000002,0.031517255410594844,480.60000000000002,0.032858777752346073,480.60000000000002,0.033763086730585021,480.60000000000002,0.033155989589956171,480.60000000000002,0.033215966023244579
481.39999999999998,0.024964522774090184,481.39999999999998,0.023900841789374638,481.39999999999998,0.024005281317023133,481.39999999999998,0.02422903791866941,481.39999999999998,0.023874096114883479,481.39999999999998,0.024704822698642791,481.39999999999998,0.025608199181099158,481.39999999999998,0.024966091062451783,481.39999999999998,0.026051516153370119,481.39999999999998,0.02555992133126489,481.39999999999998,0.024862160168866505,481.39999999999998,0.025209599620219902,481.39999999999998,0.02576032315217483,481.39999999999998,0.025797283894102387,481.39999999999998,0.026435662029619455,481.39999999999998,0.025410933936912419,481.39999999999998,0.031216016886650898,481.39999999999998,0.031019684138246739,481.39999999999998,0.030194213439807393,481.39999999999998,0.030769648110000592,481.39999999999998,0.029986902672872,481.39999999999998,0.030712977798123139,481.39999999999998,0.03124361028458076,481.39999999999998,0.031290150301365685,481.39999999999998,0.039774802268507922,481.39999999999998,0.039501114756321898,481.39999999999998,0.038567728864135356,481.39999999999998,0.038665683307477772,481.39999999999998,0.038971584310334595,481.39999999999998,0.039104676890211333,481.39999999999998,0.039908361096275956,481.39999999999998,0.040123555691191304,481.39999999999998,0.022417961564219286,481.39999999999998,0.022595517238456125,481.39999999999998,0.021074955706450321,481.39999999999998,0.021599272653289592,481.39999999999998,0.021328340242279354,481.39999999999998,0.021459779761450627,481.39999999999998,0.021550570941735969,481.39999999999998,0.022323779490179125,481.39999999999998,0.022470689962106764,481.39999999999998,0.023460364690623334,481.39999999999998,0.02250464128582691,481.39999999999998,0.0230083161669337,481.39999999999998,0.023188542170002453,481.39999999999998,0.022766799759246548,481.39999999999998,0.022887261259886577,481.39999999999998,0.022646550189466187,481.39999999999998,0.025742944821681379,481.39999999999998,0.026409424989191525,481.39999999999998,0.026963497028729348,481.39999999999998,0.026582572501547094,481.39999999999998,0.026245560048489779,481.39999999999998,0.02629816128786145,481.39999999999998,0.027681137305765366,481.39999999999998,0.027719878266914199,481.39999999999998,0.034076617244390192,481.39999999999998,0.03376384968167985,481.39999999999998,0.03327479802989073,481.39999999999998,0.032695590990395297,481.39999999999998,0.033386061731220808,481.39999999999998,0.033797843391571943,481.39999999999998,0.033505251646702774,481.39999999999998,0.033886515263260517
482.10000000000002,0.024714444359672103,482.10000000000002,0.024412866746352676,482.10000000000002,0.024260446072073449,482.10000000000002,0.02473258564126039,482.10000000000002,0.023620626806710579,482.10000000000002,0.024525105329637257,482.10000000000002,0.025576833413867059,482.10000000000002,0.024395573188203078,482.10000000000002,0.025884514635945165,482.10000000000002,0.02564384595169672,482.10000000000002,0.024750260674957399,482.10000000000002,0.024742504005493247,482.10000000000002,0.025651814552020546,482.10000000000002,0.026276247636970913,482.10000000000002,0.026192365402711019,482.10000000000002,0.024877715893966753,482.10000000000002,0.031472029365139917,482.10000000000002,0.031062918033620709,482.10000000000002,0.030727431482753063,482.10000000000002,0.030435645075150685,482.10000000000002,0.03050570941735968,482.10000000000002,0.030701957393419972,482.10000000000002,0.03125632613616134,482.10000000000002,0.030833227367903501,482.10000000000002,0.040068114578299979,482.10000000000002,0.039849529089629798,482.10000000000002,0.038883929706772458,482.10000000000002,0.038893720912489514,482.10000000000002,0.039832871324059244,482.10000000000002,0.039847282622517223,482.10000000000002,0.040092317082475015,482.10000000000002,0.039787857209463984,482.10000000000002,0.021881352627518797,482.10000000000002,0.022214041691038716,482.10000000000002,0.02117922568941108,482.10000000000002,0.021194060849588432,482.10000000000002,0.021063002805964581,482.10000000000002,0.021055415681188169,482.10000000000002,0.02178199944050253,482.10000000000002,0.022633198545306578,482.10000000000002,0.022234175122707971,482.10000000000002,0.02330777447165637,482.10000000000002,0.02219437450726075,482.10000000000002,0.02308122038266236,482.10000000000002,0.023062231377635359,482.10000000000002,0.02245229436348686,482.10000000000002,0.022628705611081438,482.10000000000002,0.022746581555233424,482.10000000000002,0.02638467146478133,482.10000000000002,0.026375516051643306,482.10000000000002,0.026481142392106,482.10000000000002,0.027040343158447985,482.10000000000002,0.026532938294210894,482.10000000000002,0.026154048303281538,482.10000000000002,0.02783033663097751,482.10000000000002,0.02753592228071514,482.10000000000002,0.034751405101599651,482.10000000000002,0.033149250188618466,482.10000000000002,0.033524876444308807,482.10000000000002,0.033193204648915335,482.10000000000002,0.033266532726363353,482.10000000000002,0.033647796342921088,482.10000000000002,0.034176648610157422,482.10000000000002,0.034370565346761271
482.89999999999998,0.024873816366148712,482.89999999999998,0.024573934199706687,482.89999999999998,0.024251121114247692,482.89999999999998,0.025187813127845168,482.89999999999998,0.024158931190288481,482.89999999999998,0.024789595042513327,482.89999999999998,0.025420852301145269,482.89999999999998,0.024648194772937275,482.89999999999998,0.02624564482083365,482.89999999999998,0.025464976306129893,482.89999999999998,0.025386053253986417,482.89999999999998,0.025202817832710257,482.89999999999998,0.02584509549604537,482.89999999999998,0.026260988615074216,482.89999999999998,0.026625552079889453,482.89999999999998,0.025233759738223002,482.89999999999998,0.030740444037537191,482.89999999999998,0.031340123598077363,482.89999999999998,0.030707086120224134,482.89999999999998,0.030844247772606664,482.89999999999998,0.030609979400320435,482.89999999999998,0.031382679314700374,482.89999999999998,0.031474191059908611,482.89999999999998,0.031142646423030954,482.89999999999998,0.040697973093258059,482.89999999999998,0.039502810203199311,482.89999999999998,0.039362045726202284,482.89999999999998,0.039289607758364917,482.89999999999998,0.040262667107482858,482.89999999999998,0.039937989030458705,482.89999999999998,0.040586539847240241,482.89999999999998,0.04051689936675059,482.89999999999998,0.021676203555352103,482.89999999999998,0.021943617914091707,482.89999999999998,0.021339445419326392,482.89999999999998,0.021060120546272987,482.89999999999998,0.021405483075201542,482.89999999999998,0.021432652611412056,482.89999999999998,0.021720963352915745,482.89999999999998,0.02227545925417292,482.89999999999998,0.022568178157557881,482.89999999999998,0.023063630121309225,482.89999999999998,0.021634029314276507,482.89999999999998,0.023186338089061825,482.89999999999998,0.022860473199223481,482.89999999999998,0.022434492171274044,482.89999999999998,0.022957622305299116,482.89999999999998,0.022950882903961418,482.89999999999998,0.026883132846740081,482.89999999999998,0.026800225494434692,482.89999999999998,0.027153387078999346,482.89999999999998,0.027039495435009279,482.89999999999998,0.026591431211481567,482.89999999999998,0.026460076464654172,482.89999999999998,0.02728440273645126,482.89999999999998,0.028027601875164249,482.89999999999998,0.034550494646626483,482.89999999999998,0.033795215448911953,482.89999999999998,0.033624060086637333,482.89999999999998,0.033555182557242526,482.89999999999998,0.034239719233997101,482.89999999999998,0.034497215228503852,482.89999999999998,0.034827700211083133,482.89999999999998,0.034741020489475513
483.60000000000002,0.02547146139043599,483.60000000000002,0.024623949882590309,483.60000000000002,0.024694480472690593,483.60000000000002,0.024958927799394723,483.60000000000002,0.024226749065384908,483.60000000000002,0.024547146139043598,483.60000000000002,0.025410679619880812,483.60000000000002,0.024448979764841516,483.60000000000002,0.025642065732475437,483.60000000000002,0.025232700083924621,483.60000000000002,0.025357230657070434,483.60000000000002,0.024996821037104856,483.60000000000002,0.026086696676076392,483.60000000000002,0.026130439205513591,483.60000000000002,0.026179649551130439,483.60000000000002,0.025832252485948979,483.60000000000002,0.0307573985063113,483.60000000000002,0.031457957156057405,483.60000000000002,0.031699770266948112,483.60000000000002,0.030838313708535726,483.60000000000002,0.030929571136712356,483.60000000000002,0.030884217932741619,483.60000000000002,0.031691208260217187,483.60000000000002,0.031428329221874662,483.60000000000002,0.040513169383620304,483.60000000000002,0.038844129091325244,483.60000000000002,0.039458686198214687,483.60000000000002,0.040252621584734201,483.60000000000002,0.040387282452972545,483.60000000000002,0.040958648050659949,483.60000000000002,0.040939192797741671,483.60000000000002,0.040852597848477917,483.60000000000002,0.021786407602383793,483.60000000000002,0.021607919432364387,483.60000000000002,0.021032569534515062,483.60000000000002,0.021422946178038877,483.60000000000002,0.020860396904113995,483.60000000000002,0.021538618041250224,483.60000000000002,0.021855751379669896,483.60000000000002,0.022304281851088906,483.60000000000002,0.02278349991098904,483.60000000000002,0.022734713427091546,483.60000000000002,0.022207090358841327,483.60000000000002,0.022761628646270442,483.60000000000002,0.02274942142875308,483.60000000000002,0.022214084077210653,483.60000000000002,0.022478658562430594,483.60000000000002,0.022700804489543331,483.60000000000002,0.02681785814195977,483.60000000000002,0.027118969507387909,483.60000000000002,0.027108457736747964,483.60000000000002,0.027170892568008611,483.60000000000002,0.026462577248798354,483.60000000000002,0.027091630426489662,483.60000000000002,0.026956333765672285,483.60000000000002,0.027479124810321876,483.60000000000002,0.034643744224884067,483.60000000000002,0.032961903308664581,483.60000000000002,0.033700355196120815,483.60000000000002,0.033307647313140565,483.60000000000002,0.034381289048260898,483.60000000000002,0.035260166323338678,483.60000000000002,0.035080321795817326,483.60000000000002,0.034644380017463103
484.39999999999998,0.025081508608631523,484.39999999999998,0.024710417673338248,484.39999999999998,0.025014072209082513,484.39999999999998,0.024783449047582715,484.39999999999998,0.02468197655196969,484.39999999999998,0.025113425396098777,484.39999999999998,0.025973567983181164,484.39999999999998,0.025211083136237631,484.39999999999998,0.025982850554834992,484.39999999999998,0.025102150674363995,484.39999999999998,0.025772615142036059,484.39999999999998,0.02604630265422209,484.39999999999998,0.026232505107533718,484.39999999999998,0.025754897722167124,484.39999999999998,0.02607707501504709,484.39999999999998,0.026219662097437323,484.39999999999998,0.030565813009163893,484.39999999999998,0.031779244339326732,484.39999999999998,0.031859989996863416,484.39999999999998,0.031581767164280329,484.39999999999998,0.031524672990683511,484.39999999999998,0.031805693310614343,484.39999999999998,0.031358900672244686,484.39999999999998,0.032199757551096539,484.39999999999998,0.040541991980536284,484.39999999999998,0.039329874621703419,484.39999999999998,0.040103803735069471,484.39999999999998,0.040755321583886471,484.39999999999998,0.041031552266388611,484.39999999999998,0.041940311792680748,484.39999999999998,0.041464781329738985,484.39999999999998,0.041950399701601353,484.39999999999998,0.022280630367149015,484.39999999999998,0.021767291438840999,484.39999999999998,0.021173291625340145,484.39999999999998,0.021422098454600177,484.39999999999998,0.021180836363944622,484.39999999999998,0.021587786000695136,484.39999999999998,0.022030382408043201,484.39999999999998,0.021615930418860153,484.39999999999998,0.023207361630341723,484.39999999999998,0.022798292684994444,484.39999999999998,0.022841187490992933,484.39999999999998,0.022285208073718029,484.39999999999998,0.023067317718267588,484.39999999999998,0.022604884582453823,484.39999999999998,0.022746539169061487,484.39999999999998,0.022654179700414535,484.39999999999998,0.026660181582360575,484.39999999999998,0.026556081144087546,484.39999999999998,0.027411095004365772,484.39999999999998,0.02662919729067589,484.39999999999998,0.02636763222366335,484.39999999999998,0.027501928570823054,484.39999999999998,0.027307291269296305,484.39999999999998,0.028185278434763445,484.39999999999998,0.034414011172994911,484.39999999999998,0.033417978518688059,484.39999999999998,0.034012317421564381,484.39999999999998,0.033381399252307931,484.39999999999998,0.035217992082263082,484.39999999999998,0.035789993472529522,484.39999999999998,0.035349897849325636,484.39999999999998,0.035006357925790293
485.10000000000002,0.024830582470774739,485.10000000000002,0.024212804014818207,485.10000000000002,0.025135296660817378,485.10000000000002,0.024574909081661194,485.10000000000002,0.024818460025601254,485.10000000000002,0.025401651365258595,485.10000000000002,0.025814195976704559,485.10000000000002,0.025503547722590982,485.10000000000002,0.026188847350440393,485.10000000000002,0.025472605817078234,485.10000000000002,0.025895535040648336,485.10000000000002,0.025741969939726862,485.10000000000002,0.026471563117248628,485.10000000000002,0.026280486254164442,485.10000000000002,0.026114374846350132,485.10000000000002,0.02580003899527818,485.10000000000002,0.031343175402456708,485.10000000000002,0.031381662046573923,485.10000000000002,0.032634809219840119,485.10000000000002,0.031620762442460766,485.10000000000002,0.032170638250976998,485.10000000000002,0.031826886396581981,485.10000000000002,0.032122699490518214,485.10000000000002,0.032404058899824527,485.10000000000002,0.040728491137051452,485.10000000000002,0.04040139704822699,485.10000000000002,0.040648042182718301,485.10000000000002,0.041011334062375497,485.10000000000002,0.041674974356365975,485.10000000000002,0.043399243830692671,485.10000000000002,0.042085314886871311,485.10000000000002,0.042375956867831438,485.10000000000002,0.022290803048413483,485.10000000000002,0.021935988403143359,485.10000000000002,0.021283495672371845,485.10000000000002,0.021703542636250354,485.10000000000002,0.021171511406118861,485.10000000000002,0.021648822088281922,485.10000000000002,0.022158388647287707,485.10000000000002,0.022316149979230777,485.10000000000002,0.023196341225638552,485.10000000000002,0.02287374007103922,485.10000000000002,0.023613463543653516,485.10000000000002,0.022307248883124374,485.10000000000002,0.02335215279367259,485.10000000000002,0.023106736858167394,485.10000000000002,0.022576994481320414,485.10000000000002,0.022976314607122572,485.10000000000002,0.026483855107109856,485.10000000000002,0.026621355848867864,485.10000000000002,0.02754333986080381,485.10000000000002,0.026689385654823969,485.10000000000002,0.027423047904851523,485.10000000000002,0.02754855335995185,485.10000000000002,0.028117714876698625,485.10000000000002,0.028309046056814426,485.10000000000002,0.034547103752871657,485.10000000000002,0.033925764858472575,485.10000000000002,0.034487042547239388,485.10000000000002,0.034229122691013282,485.10000000000002,0.036024177072471873,485.10000000000002,0.036218941532514433,485.10000000000002,0.035832252485948977,485.10000000000002,0.035874426727024573
485.89999999999998,0.024536422437543975,485.89999999999998,0.025133431669252224,485.89999999999998,0.025061544721650012,485.89999999999998,0.025248001491993251,485.89999999999998,0.02497783203207786,485.89999999999998,0.025564414265490026,485.89999999999998,0.026224494121037951,485.89999999999998,0.025998618210794914,485.89999999999998,0.026136288497240655,485.89999999999998,0.026158414078990871,485.89999999999998,0.026410103167942487,485.89999999999998,0.026240431321685614,485.89999999999998,0.026671625848783093,485.89999999999998,0.026777252189245777,485.89999999999998,0.026455159668709684,485.89999999999998,0.025852597848477907,485.89999999999998,0.031998465620575942,485.89999999999998,0.031683451590753031,485.89999999999998,0.032352517314751236,485.89999999999998,0.032934733772454074,485.89999999999998,0.032833557980044593,485.89999999999998,0.033057780829582162,485.89999999999998,0.032272746539169062,485.89999999999998,0.032510872053101401,485.89999999999998,0.041260013733119716,485.89999999999998,0.041189779846222969,485.89999999999998,0.041368607105617863,485.89999999999998,0.041738680772784691,485.89999999999998,0.042986402516043166,485.89999999999998,0.043617108754439957,485.89999999999998,0.043496774412315732,485.89999999999998,0.043490713189728976,485.89999999999998,0.022420504734535402,485.89999999999998,0.022380195485024967,485.89999999999998,0.02169718471046006,485.89999999999998,0.021611988504870176,485.89999999999998,0.021389376329866139,485.89999999999998,0.021362291565999513,485.89999999999998,0.022765358629400743,485.89999999999998,0.022433983537210819,485.89999999999998,0.022902181192407788,485.89999999999998,0.023145011571424939,485.89999999999998,0.023605834032705168,485.89999999999998,0.02330671481735799,485.89999999999998,0.023101226655815807,485.89999999999998,0.023234743097411904,485.89999999999998,0.022993226689724748,485.89999999999998,0.023296754066953196,485.89999999999998,0.02681955358883718,485.89999999999998,0.026478938311165365,485.89999999999998,0.028059603434975371,485.89999999999998,0.027112399650737942,485.89999999999998,0.027823173367920451,485.89999999999998,0.027989369548078638,485.89999999999998,0.02886964556683028,485.89999999999998,0.028994854318727056,485.89999999999998,0.035327009316480584,485.89999999999998,0.034492891838966457,485.89999999999998,0.034888863457185719,485.89999999999998,0.03507684612971864,485.89999999999998,0.036735417037545674,485.89999999999998,0.036597026186177023,485.89999999999998,0.036448547425887774,485.89999999999998,0.036914583386316056
486.60000000000002,0.025179844527521342,486.60000000000002,0.025124954434865173,486.60000000000002,0.025085280977933763,486.60000000000002,0.025079304527690884,486.60000000000002,0.025729762722209507,486.60000000000002,0.025946737536346135,486.60000000000002,0.026001542856658445,486.60000000000002,0.026302103201851428,486.60000000000002,0.026280401481820568,486.60000000000002,0.026852699575290559,486.60000000000002,0.026111704517518198,486.60000000000002,0.026445580393852308,486.60000000000002,0.026896272560040006,486.60000000000002,0.027480862643371226,486.60000000000002,0.027191831336944635,486.60000000000002,0.026334104761662553,486.60000000000002,0.033045404067377056,486.60000000000002,0.031647847206327406,486.60000000000002,0.032417792019531551,486.60000000000002,0.033182269016556035,486.60000000000002,0.032931046175495707,486.60000000000002,0.033522333273992691,486.60000000000002,0.033031459016810358,486.60000000000002,0.032863525003602831,486.60000000000002,0.042533294338055166,486.60000000000002,0.041804379339284353,486.60000000000002,0.042225655502148976,486.60000000000002,0.042655917533463886,486.60000000000002,0.04374257182336834,486.60000000000002,0.0447801853123437,486.60000000000002,0.045101514881784974,486.60000000000002,0.04425620745487991,486.60000000000002,0.022183142171697902,486.60000000000002,0.022248798352025635,486.60000000000002,0.021774327543382248,486.60000000000002,0.022251171977654013,486.60000000000002,0.021630977509897165,486.60000000000002,0.021799716860371479,486.60000000000002,0.022664479540194807,486.60000000000002,0.02272390495324805,486.60000000000002,0.022463908174597119,486.60000000000002,0.023527334842281058,486.60000000000002,0.023603290862389052,486.60000000000002,0.023425396098776734,486.60000000000002,0.022984240821274465,486.60000000000002,0.023288149674050341,486.60000000000002,0.023057653671066349,486.60000000000002,0.023528182565719761,486.60000000000002,0.027124734026771107,486.60000000000002,0.027354636623347996,486.60000000000002,0.028548739859108364,486.60000000000002,0.027943168620669191,486.60000000000002,0.028828573366225005,486.60000000000002,0.02819197544992922,486.60000000000002,0.029262141518950856,486.60000000000002,0.029091494790739466,486.60000000000002,0.035997558556496528,486.60000000000002,0.035396565024626368,486.60000000000002,0.035845095496045365,486.60000000000002,0.035535464510058241,486.60000000000002,0.038120597136390225,486.60000000000002,0.03761683748293957,486.60000000000002,0.036811373057653668,486.60000000000002,0.037752134143756944
487.39999999999998,0.025571492756203216,487.39999999999998,0.025500495918211647,487.39999999999998,0.024986945059043943,487.39999999999998,0.025001313971329993,487.39999999999998,0.025452557157752857,487.39999999999998,0.025477946474742077,487.39999999999998,0.026678873884184023,487.39999999999998,0.026130863067232946,487.39999999999998,0.026040495748666952,487.39999999999998,0.02669502301569136,487.39999999999998,0.0261744360519824,487.39999999999998,0.026563413951832354,487.39999999999998,0.02713363512287751,487.39999999999998,0.027445258258945601,487.39999999999998,0.027451234709188473,487.39999999999998,0.026988547256343091,487.39999999999998,0.033204776073853665,487.39999999999998,0.032239558166543753,487.39999999999998,0.032578859472885559,487.39999999999998,0.033486601731051259,487.39999999999998,0.033195535888371777,487.39999999999998,0.034035205954409432,487.39999999999998,0.033089104210642324,487.39999999999998,0.033728202911082292,487.39999999999998,0.042942744758949845,487.39999999999998,0.041883217619083958,487.39999999999998,0.043473504403923266,487.39999999999998,0.043763044344413075,487.39999999999998,0.045207437925451198,487.39999999999998,0.045883073506099374,487.39999999999998,0.046570619601061347,487.39999999999998,0.045921984011935937,487.39999999999998,0.02209413121063384,487.39999999999998,0.021778311843544163,487.39999999999998,0.021347074930274747,487.39999999999998,0.021786619533243477,487.39999999999998,0.021873426413366898,487.39999999999998,0.022253248900078841,487.39999999999998,0.02245509185083458,487.39999999999998,0.022529776285784529,487.39999999999998,0.022321490636894616,487.39999999999998,0.023480710053152262,487.39999999999998,0.023833871637716907,487.39999999999998,0.023171926790603835,487.39999999999998,0.02342336156252384,487.39999999999998,0.023461085255546237,487.39999999999998,0.023390808982477557,487.39999999999998,0.024152954740045605,487.39999999999998,0.027193399625306241,487.39999999999998,0.027503835948560141,487.39999999999998,0.028463119791799118,487.39999999999998,0.028506904707408253,487.39999999999998,0.028514067970465316,487.39999999999998,0.028746386578842525,487.39999999999998,0.029702957707077642,487.39999999999998,0.028895670676398529,487.39999999999998,0.036628264794893305,487.39999999999998,0.035384696896484498,487.39999999999998,0.036298627535752741,487.39999999999998,0.035775370243211854,487.39999999999998,0.038369827827369606,487.39999999999998,0.037880479472376931,487.39999999999998,0.038027008468757152,487.39999999999998,0.038501521663572479
488.10000000000002,0.025290896297991746,488.10000000000002,0.025300433186677181,488.10000000000002,0.024975924654340773,488.10000000000002,0.0248444851351695,488.10000000000002,0.026017140967930626,488.10000000000002,0.026076439222468061,488.10000000000002,0.026782296143706075,488.10000000000002,0.026263107923670977,488.10000000000002,0.026817858141959767,488.10000000000002,0.026600077990556359,488.10000000000002,0.026143918008189007,488.10000000000002,0.026960996244585162,488.10000000000002,0.027076837652484247,488.10000000000002,0.027584284902893278,488.10000000000002,0.028003950391224369,488.10000000000002,0.027304748098980182,488.10000000000002,0.033529454150877817,488.10000000000002,0.032465900324678075,488.10000000000002,0.033508812085145341,488.10000000000002,0.03335605232149063,488.10000000000002,0.033371862363622488,488.10000000000002,0.034654044064664345,488.10000000000002,0.034388664242177631,488.10000000000002,0.034909929384637564,488.10000000000002,0.043649746106830117,488.10000000000002,0.042797063486008334,488.10000000000002,0.044587413002382101,488.10000000000002,0.044381882454667995,488.10000000000002,0.046629070132160083,488.10000000000002,0.047322507905021065,488.10000000000002,0.048138907962666261,488.10000000000002,0.047149487551181292,488.10000000000002,0.022222137449878349,488.10000000000002,0.021715580309079965,488.10000000000002,0.021664123496350548,488.10000000000002,0.022033307053906735,488.10000000000002,0.02235323787967413,488.10000000000002,0.022962793418275222,488.10000000000002,0.021987148512669225,488.10000000000002,0.022433983537210819,488.10000000000002,0.022724159270279664,488.10000000000002,0.02337728779363021,488.10000000000002,0.023596509074879406,488.10000000000002,0.022865050905792491,488.10000000000002,0.02421089663708112,488.10000000000002,0.024140959453387935,488.10000000000002,0.023780761764282024,488.10000000000002,0.023862185600569671,488.10000000000002,0.027591829641497763,488.10000000000002,0.027474165628205451,488.10000000000002,0.02835800208539966,488.10000000000002,0.028852775870400037,488.10000000000002,0.029147317379178223,488.10000000000002,0.028814204453938952,488.10000000000002,0.030170053321804294,488.10000000000002,0.029403457016183038,488.10000000000002,0.036622330730822376,488.10000000000002,0.036559641582530125,488.10000000000002,0.037521892457804566,488.10000000000002,0.036737536346142435,488.10000000000002,0.03941591855073201,488.10000000000002,0.039196146249247645,488.10000000000002,0.038506819935064385,488.10000000000002,0.039514551172825381
488.89999999999998,0.025475700007629512,488.89999999999998,0.024974907386214325,488.89999999999998,0.025346379797055011,488.89999999999998,0.025025897951052447,488.89999999999998,0.025438145859294867,488.89999999999998,0.025911133151920517,488.89999999999998,0.026439815874469114,488.89999999999998,0.026350423437857633,488.89999999999998,0.026874655612353027,488.89999999999998,0.02637204038554462,488.89999999999998,0.026518611768096775,488.89999999999998,0.026782126599018338,488.89999999999998,0.027171782677619251,488.89999999999998,0.027694488949924975,488.89999999999998,0.028089570458533612,488.89999999999998,0.027787102735603531,488.89999999999998,0.033724430541780051,488.89999999999998,0.033266151250815931,488.89999999999998,0.034323474309741184,488.89999999999998,0.03415545552418979,488.89999999999998,0.034239931164856775,488.89999999999998,0.034758314047625104,488.89999999999998,0.035770453447267363,488.89999999999998,0.035598280816866314,488.89999999999998,0.043334392987631726,488.89999999999998,0.042680925374905698,488.89999999999998,0.045658935428905673,488.89999999999998,0.045830641811415447,488.89999999999998,0.048216856132855215,488.89999999999998,0.048317735222061162,488.89999999999998,0.049090901384332371,488.89999999999998,0.048730491764366786,488.89999999999998,0.022422200181412815,488.89999999999998,0.021842738824885768,488.89999999999998,0.021980324338987643,488.89999999999998,0.022120622568093388,488.89999999999998,0.022355781049990246,488.89999999999998,0.023452777565846922,488.89999999999998,0.022745013266871811,488.89999999999998,0.022954485728575912,488.89999999999998,0.022795368039130914,488.89999999999998,0.022924603477361548,488.89999999999998,0.023926273492535795,488.89999999999998,0.023529666081737493,488.89999999999998,0.024299059874706475,488.89999999999998,0.02430033145986454,488.89999999999998,0.024069835456880549,488.89999999999998,0.024514084924934093,488.89999999999998,0.027909725931012267,488.89999999999998,0.028087917397828132,488.89999999999998,0.028469901579308763,488.89999999999998,0.029000279748734769,488.89999999999998,0.029233785169926169,488.89999999999998,0.029417783542297161,488.89999999999998,0.030540508464518539,488.89999999999998,0.02992904554818036,488.89999999999998,0.03701397895950425,488.89999999999998,0.037021650856624538,488.89999999999998,0.038103430736756434,488.89999999999998,0.037546264506667343,488.89999999999998,0.039795698651272006,488.89999999999998,0.04018120088502327,488.89999999999998,0.040075108296669285,488.89999999999998,0.040493671744530065
489.60000000000002,0.025347693768385009,489.60000000000002,0.025358926103947854,489.60000000000002,0.025600696828666617,489.60000000000002,0.025774437747429279,489.60000000000002,0.026356230343412768,489.60000000000002,0.027066580198875916,489.60000000000002,0.026806032399989826,489.60000000000002,0.026986216016886652,489.60000000000002,0.027398548697472935,489.60000000000002,0.026747581868891097,489.60000000000002,0.026874655612353027,489.60000000000002,0.027752769936335967,489.60000000000002,0.027602426184481575,489.60000000000002,0.028092918966116497,489.60000000000002,0.028513432177886287,489.60000000000002,0.028475454167832284,489.60000000000002,0.03447042716784076,489.60000000000002,0.034011300153437951,489.60000000000002,0.034709188474352122,489.60000000000002,0.034909929384637543,489.60000000000002,0.035521689004179277,489.60000000000002,0.036117214719869783,489.60000000000002,0.036975916177106383,489.60000000000002,0.036525690258809973,489.60000000000002,0.044316056729652525,489.60000000000002,0.043813483889016056,489.60000000000002,0.046816925646177183,489.60000000000002,0.046846214490984465,489.60000000000002,0.0489255529276129,489.60000000000002,0.048594940786517819,489.60000000000002,0.050212439493739561,489.60000000000002,0.050142799013249917,489.60000000000002,0.02264006510516009,489.60000000000002,0.022403084017870011,489.60000000000002,0.022600010172681262,489.60000000000002,0.02290900536608937,489.60000000000002,0.022523630290853906,489.60000000000002,0.023359527987589331,489.60000000000002,0.02260852979324025,489.60000000000002,0.023391911022947878,489.60000000000002,0.023242118291328637,489.60000000000002,0.023111102633876723,489.60000000000002,0.023713494909420749,489.60000000000002,0.023925552927612895,489.60000000000002,0.02444741147647991,489.60000000000002,0.02462246636657257,489.60000000000002,0.024391122640149879,489.60000000000002,0.024005450861710877,489.60000000000002,0.028162347515746464,489.60000000000002,0.028466849774929425,489.60000000000002,0.029176055203750332,489.60000000000002,0.029170672159914545,489.60000000000002,0.029657646889278844,489.60000000000002,0.029961174266507292,489.60000000000002,0.03090079092596831,489.60000000000002,0.030760662241550316,489.60000000000002,0.037495485872688888,489.60000000000002,0.037441273958783695,489.60000000000002,0.038924027025423226,489.60000000000002,0.038524537354933323,489.60000000000002,0.040946059357595183,489.60000000000002,0.04165539194493189,489.60000000000002,0.041238184854573041,489.60000000000002,0.041385476802048106
490.39999999999998,0.025831743851885764,490.39999999999998,0.025318235378889994,490.39999999999998,0.026455202054881617,490.39999999999998,0.026236447021523703,490.39999999999998,0.026523231860837722,490.39999999999998,0.02725731797258462,490.39999999999998,0.027385027508625585,490.39999999999998,0.027571992913032049,490.39999999999998,0.02720950637064164,490.39999999999998,0.026918822003509577,490.39999999999998,0.027777481074574228,490.39999999999998,0.027972330306960658,490.39999999999998,0.028543399201444518,490.39999999999998,0.028795681696803233,490.39999999999998,0.028693149546891818,490.39999999999998,0.029183303239151252,490.39999999999998,0.035288480286191429,490.39999999999998,0.034460593575951784,490.39999999999998,0.035933301119842657,490.39999999999998,0.035678814543543318,490.39999999999998,0.036783949204411553,490.39999999999998,0.036684341700363672,490.39999999999998,0.038097454286513566,490.39999999999998,0.037520069852411353,490.39999999999998,0.045061205632274538,490.39999999999998,0.044570500919779925,490.39999999999998,0.047355230029755085,490.39999999999998,0.048652713138865579,490.39999999999998,0.050140340615277661,490.39999999999998,0.050142036062155088,490.39999999999998,0.051406034095436703,490.39999999999998,0.051923865957969863,490.39999999999998,0.022686689894288885,490.39999999999998,0.022645532921339744,490.39999999999998,0.022783118435441618,490.39999999999998,0.023650763374956554,490.39999999999998,0.023066173291625337,490.39999999999998,0.023464645693988793,490.39999999999998,0.023157006858082616,490.39999999999998,0.023770843400049171,490.39999999999998,0.023954205979841135,490.39999999999998,0.023523943948526232,490.39999999999998,0.023970355111348471,490.39999999999998,0.024192585810805082,490.39999999999998,0.024256673702771202,490.39999999999998,0.024630943600959621,490.39999999999998,0.024698846248399922,490.39999999999998,0.024873519662945157,490.39999999999998,0.028815942286988291,490.39999999999998,0.029488356518569382,490.39999999999998,0.029610089604367472,490.39999999999998,0.029681001670015174,490.39999999999998,0.030244271508862948,490.39999999999998,0.030844502089638275,490.39999999999998,0.031128828530980056,490.39999999999998,0.03103702008256826,490.39999999999998,0.03818977136898858,490.39999999999998,0.037410755914990303,490.39999999999998,0.039515737985639558,490.39999999999998,0.039172198062104216,490.39999999999998,0.041543704381882464,490.39999999999998,0.042362393292812155,490.39999999999998,0.042853098005306747,490.39999999999998,0.043052101082542829
491.10000000000002,0.025874130023821031,491.10000000000002,0.026232928969253073,491.10000000000002,0.026476395140849252,491.10000000000002,0.026516195756296469,491.10000000000002,0.026906402855132541,491.10000000000002,0.027442969405661093,491.10000000000002,0.02830395971618219,491.10000000000002,0.027781380602392273,491.10000000000002,0.02737820333494401,491.10000000000002,0.027382526724481406,491.10000000000002,0.028298830989378024,491.10000000000002,0.028246144977662486,491.10000000000002,0.029297873061892285,491.10000000000002,0.029601018963573322,491.10000000000002,0.029051736561464186,491.10000000000002,0.029533413019336568,491.10000000000002,0.03577253036969219,491.10000000000002,0.034742037757601964,491.10000000000002,0.036225765706196005,491.10000000000002,0.03587887727507777,491.10000000000002,0.037739333519832483,491.10000000000002,0.037941515559963716,491.10000000000002,0.038352619041563882,491.10000000000002,0.038286411841000997,491.10000000000002,0.046458253859260959,491.10000000000002,0.045913294846689212,491.10000000000002,0.04854119512050388,491.10000000000002,0.0493207192085654,491.10000000000002,0.051168629146427259,491.10000000000002,0.051408534879580893,491.10000000000002,0.053471936115561662,491.10000000000002,0.053604053813483883,491.10000000000002,0.022201792087349421,491.10000000000002,0.022971058721802603,491.10000000000002,0.022956054016937514,491.10000000000002,0.022615693056297313,491.10000000000002,0.022864415113213465,491.10000000000002,0.023057738443410219,491.10000000000002,0.023326551545823689,491.10000000000002,0.024063307986402518,491.10000000000002,0.024110187092562924,491.10000000000002,0.023998669074201232,491.10000000000002,0.023695692717207936,491.10000000000002,0.024560497783203208,491.10000000000002,0.024366030026364196,491.10000000000002,0.025333706331646364,491.10000000000002,0.024724277951561083,491.10000000000002,0.024503912243669629,491.10000000000002,0.029163508896857492,491.10000000000002,0.028786441511321346,491.10000000000002,0.030066164814390953,491.10000000000002,0.029929384637555845,491.10000000000002,0.030470613666997277,491.10000000000002,0.030760577469206445,491.10000000000002,0.031437399862668802,491.10000000000002,0.031565151784881701,491.10000000000002,0.038568703746089873,491.10000000000002,0.037526046302654222,491.10000000000002,0.04032361842272577,491.10000000000002,0.040130125547841268,491.10000000000002,0.042664394767850944,491.10000000000002,0.043319473055110504,491.10000000000002,0.043907665963056217,491.10000000000002,0.044342336156252382
491.89999999999998,0.026643015182726791,491.89999999999998,0.0265533684290837,491.89999999999998,0.02672562583182863,491.89999999999998,0.026734060680043744,491.89999999999998,0.027544738604477675,491.89999999999998,0.027705763671659757,491.89999999999998,0.028537083661826165,491.89999999999998,0.028466341140866203,491.89999999999998,0.027535032171104496,491.89999999999998,0.027869119978298277,491.89999999999998,0.029017700465400167,491.89999999999998,0.028580995735951104,491.89999999999998,0.029230902910234561,491.89999999999998,0.03060302806812305,491.89999999999998,0.029618015818519361,491.89999999999998,0.029844527521341438,491.89999999999998,0.036582106253655808,491.89999999999998,0.03466065630748625,491.89999999999998,0.037393928604731987,491.89999999999998,0.037114858048710182,491.89999999999998,0.038988030145045469,491.89999999999998,0.038532378796741353,491.89999999999998,0.039657265413731428,491.89999999999998,0.039274009647092739,491.89999999999998,0.047422115409068953,491.89999999999998,0.046709307155633546,491.89999999999998,0.049354161898222317,491.89999999999998,0.05052702966184313,491.89999999999998,0.053150606546120395,491.89999999999998,0.053660088332782317,491.89999999999998,0.055709925993743803,491.89999999999998,0.055541101870925626,491.89999999999998,0.022416266117341876,491.89999999999998,0.023378813695819879,491.89999999999998,0.023279036647084254,491.89999999999998,0.023115849885133481,491.89999999999998,0.023503598585997303,491.89999999999998,0.023570611123826964,491.89999999999998,0.024251417817451233,491.89999999999998,0.024376965658723503,491.89999999999998,0.024106796198808105,491.89999999999998,0.024625136695404493,491.89999999999998,0.024176351906953875,491.89999999999998,0.024634249722370577,491.89999999999998,0.024706814848723748,491.89999999999998,0.02582708137297288,491.89999999999998,0.02519985080067479,491.89999999999998,0.025071039224163507,491.89999999999998,0.030022252740266018,491.89999999999998,0.029918152301992997,491.89999999999998,0.030398472402363454,491.89999999999998,0.030104015665929146,491.89999999999998,0.031654035587429963,491.89999999999998,0.031121707654094933,491.89999999999998,0.032285123301374168,491.89999999999998,0.032302671176555359,491.89999999999998,0.038885752312165678,491.89999999999998,0.038939201274976049,491.89999999999998,0.041361231911701123,491.89999999999998,0.041394081194950957,491.89999999999998,0.04402753405728916,491.89999999999998,0.044564778786568678,491.89999999999998,0.0450292040724634,491.89999999999998,0.046215804955791216
492.60000000000002,0.026692183142171703,492.60000000000002,0.027358705695853785,492.60000000000002,0.026309393623424299,492.60000000000002,0.027479209582665753,492.60000000000002,0.027577799818587184,492.60000000000002,0.027944821681374667,492.60000000000002,0.028708323796444647,492.60000000000002,0.028727439959987458,492.60000000000002,0.028067402490611463,492.60000000000002,0.027886074447072386,492.60000000000002,0.029426303162856146,492.60000000000002,0.028277510744894586,492.60000000000002,0.029440290599594784,492.60000000000002,0.030382619974059662,492.60000000000002,0.030703949543500926,492.60000000000002,0.030232784856268489,492.60000000000002,0.036990708951111784,492.60000000000002,0.034988725278265222,492.60000000000002,0.037142154743436497,492.60000000000002,0.037882047760738537,492.60000000000002,0.039596695574035924,492.60000000000002,0.039595423988877873,492.60000000000002,0.040273560353670225,492.60000000000002,0.039900477268296,492.60000000000002,0.048068080669362433,492.60000000000002,0.047661300577299663,492.60000000000002,0.051169985503929191,492.60000000000002,0.051359494078651785,492.60000000000002,0.054747717504641281,492.60000000000002,0.055179208734942323,492.60000000000002,0.057408763764909339,492.60000000000002,0.057347600518806739,492.60000000000002,0.02234590507192933,492.60000000000002,0.023105846748556754,492.60000000000002,0.023509617422412109,492.60000000000002,0.022342726109034192,492.60000000000002,0.023006832650915961,492.60000000000002,0.023608758678568705,492.60000000000002,0.024650695557081458,492.60000000000002,0.024576180666819259,492.60000000000002,0.023798224867119352,492.60000000000002,0.024565796054695117,492.60000000000002,0.024590888668480793,492.60000000000002,0.024850419199240449,492.60000000000002,0.025088290396141157,492.60000000000002,0.026377253884692659,492.60000000000002,0.024764968676618943,492.60000000000002,0.025225324890007884,492.60000000000002,0.029839992200944368,492.60000000000002,0.029752846231445456,492.60000000000002,0.030769775268516399,492.60000000000002,0.030457516339869272,492.60000000000002,0.032241507930452773,492.60000000000002,0.031479446945228591,492.60000000000002,0.032648796656578764,492.60000000000002,0.032993565779100224,492.60000000000002,0.039679221450793889,492.60000000000002,0.039547866703966497,492.60000000000002,0.042086883175232903,492.60000000000002,0.042113798394411803,492.60000000000002,0.04558056339699737,492.60000000000002,0.045659189745937287,492.60000000000002,0.047596110644863222,492.60000000000002,0.04748908556072666
493.39999999999998,0.02684392563769996,493.39999999999998,0.02732564448174428,493.39999999999998,0.02655692886752626,493.39999999999998,0.028170951908649322,493.39999999999998,0.028657799479497807,493.39999999999998,0.028873926570195739,493.39999999999998,0.02963319006807219,493.39999999999998,0.02948784788450616,493.39999999999998,0.028136068089146597,493.39999999999998,0.028056466858252166,493.39999999999998,0.029501750548900921,493.39999999999998,0.029540618668565569,493.39999999999998,0.030192221289726436,493.39999999999998,0.030967549146766356,493.39999999999998,0.031259208395852937,493.39999999999998,0.030604087722421434,493.39999999999998,0.037544272356586382,493.39999999999998,0.035568568110339684,493.39999999999998,0.037742342938039887,493.39999999999998,0.039170587387570677,493.39999999999998,0.040691106533404534,493.39999999999998,0.040208328035061837,493.39999999999998,0.041082288514195132,493.39999999999998,0.041367886540694974,493.39999999999998,0.048983621983164215,493.39999999999998,0.048658223341217166,493.39999999999998,0.052749294270237272,493.39999999999998,0.052981189016895129,493.39999999999998,0.056897544145198063,493.39999999999998,0.057115409068945355,493.39999999999998,0.059031306426591393,493.39999999999998,0.059422827496757452,493.39999999999998,0.022976611310326113,493.39999999999998,0.023260980137839834,493.39999999999998,0.023448581334825323,493.39999999999998,0.023985614133245174,493.39999999999998,0.023767240575434664,493.39999999999998,0.024031772674482681,493.39999999999998,0.02448708493341132,493.39999999999998,0.024607546434051358,493.39999999999998,0.024200045777065689,493.39999999999998,0.024627679865720609,493.39999999999998,0.025117324923916821,493.39999999999998,0.024751235556911916,493.39999999999998,0.025661351440705981,493.39999999999998,0.026280613412680249,493.39999999999998,0.025465188236989563,493.39999999999998,0.026142561650687079,493.39999999999998,0.030413053245509185,493.39999999999998,0.030174164780482012,493.39999999999998,0.031163966667514389,493.39999999999998,0.031223858328458923,493.39999999999998,0.033313878080415041,493.39999999999998,0.032325474937056536,493.39999999999998,0.033525342692200095,493.39999999999998,0.033793816705238088,493.39999999999998,0.040127667149869026,493.39999999999998,0.040641429939896404,493.39999999999998,0.043006663106228214,493.39999999999998,0.043298068038283184,493.39999999999998,0.047559997626374369,493.39999999999998,0.04721476225596162,493.39999999999998,0.048806659715334468,493.39999999999998,0.048974297025338447
494.10000000000002,0.027157583310020945,494.10000000000002,0.027517229978891691,494.10000000000002,0.026640005764519387,494.10000000000002,0.028041250222527403,494.10000000000002,0.028362791722828344,494.10000000000002,0.029082466536117256,494.10000000000002,0.029961259038851162,494.10000000000002,0.029359841645261654,494.10000000000002,0.027842755779354543,494.10000000000002,0.027846231445453239,494.10000000000002,0.02967722930071293,494.10000000000002,0.028941278197400881,494.10000000000002,0.030928045234522687,494.10000000000002,0.03096839687020506,494.10000000000002,0.031509286810271021,494.10000000000002,0.031199189576392596,494.10000000000002,0.037580724464450717,494.10000000000002,0.036344235056755089,494.10000000000002,0.038233174809050294,494.10000000000002,0.039023083509235938,494.10000000000002,0.040882692030551948,494.10000000000002,0.041254418758424255,494.10000000000002,0.040986495765621418,494.10000000000002,0.041829895814789395,494.10000000000002,0.049834736315624399,494.10000000000002,0.048678568703746095,494.10000000000002,0.054330298483422766,494.10000000000002,0.054784296771021423,494.10000000000002,0.058888846502716953,494.10000000000002,0.059110102320219064,494.10000000000002,0.060717428346176348,494.10000000000002,0.061172528674245323,494.10000000000002,0.022902859371158751,494.10000000000002,0.022853225163822554,494.10000000000002,0.023455363122334968,494.10000000000002,0.023454091537176914,494.10000000000002,0.023523096225087522,494.10000000000002,0.023601129167620357,494.10000000000002,0.024638827428939584,494.10000000000002,0.024419351830658766,494.10000000000002,0.024233106991175202,494.10000000000002,0.024274179191780473,494.10000000000002,0.025125802158303873,494.10000000000002,0.024960623246272139,494.10000000000002,0.025663046887583394,494.10000000000002,0.026015275976365475,494.10000000000002,0.025072692284868983,494.10000000000002,0.025915371769114046,494.10000000000002,0.030452048523689636,494.10000000000002,0.0294281681544213,494.10000000000002,0.031890465654484876,494.10000000000002,0.032259776370556867,494.10000000000002,0.033056170155048616,494.10000000000002,0.033018064986478815,494.10000000000002,0.033350711663826797,494.10000000000002,0.034488949924976482,494.10000000000002,0.040623585361511658,494.10000000000002,0.040554114425709754,494.10000000000002,0.043578876427354335,494.10000000000002,0.043725320651390683,494.10000000000002,0.047643074523367496,494.10000000000002,0.048180319252647014,494.10000000000002,0.049605215194594918,494.10000000000002,0.04952192636674211
494.89999999999998,0.027745903376482462,494.89999999999998,0.02741974178344057,494.89999999999998,0.02715966023244577,494.89999999999998,0.028217576697778114,494.89999999999998,0.029202885650585354,494.89999999999998,0.029763188457397654,494.89999999999998,0.03044700456922933,494.89999999999998,0.029147063062146601,494.89999999999998,0.027826649034019144,494.89999999999998,0.028229402439748058,494.89999999999998,0.029210133685986281,494.89999999999998,0.030003475666098695,494.89999999999998,0.031241702906843669,494.89999999999998,0.031910217610606709,494.89999999999998,0.031605927282283425,494.89999999999998,0.031734950789654374,494.89999999999998,0.038171587701228339,494.89999999999998,0.036714690199469324,494.89999999999998,0.03875282927697668,494.89999999999998,0.039850461585412375,494.89999999999998,0.042165297593313153,494.89999999999998,0.042541262938378975,494.89999999999998,0.042264014987750391,494.89999999999998,0.042909895475700011,494.89999999999998,0.050439163127421312,494.89999999999998,0.049655993828573372,494.89999999999998,0.056251239795529102,494.89999999999998,0.055843951069403125,494.89999999999998,0.061035282249518923,494.89999999999998,0.060691106533404544,494.89999999999998,0.062732466959978986,494.89999999999998,0.062613658520044413,494.89999999999998,0.023013911141629151,494.89999999999998,0.023474606444393583,494.89999999999998,0.023629146427269564,494.89999999999998,0.023689758653137001,494.89999999999998,0.024283504149606228,494.89999999999998,0.023958868458754022,494.89999999999998,0.024187838559548331,494.89999999999998,0.024357468019633274,494.89999999999998,0.025028271576680829,494.89999999999998,0.024286895043361054,494.89999999999998,0.025404703169637936,494.89999999999998,0.024867373668014548,494.89999999999998,0.025686783143867142,494.89999999999998,0.025888117460559665,494.89999999999998,0.025482990429202376,494.89999999999998,0.025747522528250386,494.89999999999998,0.031047998101099497,494.89999999999998,0.029812186872154825,494.89999999999998,0.032173605283012469,494.89999999999998,0.032918457482430927,494.89999999999998,0.03292477302204929,494.89999999999998,0.033409713215160682,494.89999999999998,0.03451463594516925,494.89999999999998,0.035039122436696248,494.89999999999998,0.041266159728050311,494.89999999999998,0.041336563159634805,494.89999999999998,0.044793664115019102,494.89999999999998,0.045135084729957684,494.89999999999998,0.049318176038249277,494.89999999999998,0.049451904410705051,494.89999999999998,0.049011808787501165,494.89999999999998,0.050840984037367649
495.60000000000002,0.027907818553275184,495.60000000000002,0.027474843806956417,495.60000000000002,0.027377525156193044,495.60000000000002,0.02855581834982155,495.60000000000002,0.029424141468087452,495.60000000000002,0.029672482049456182,495.60000000000002,0.029712028347871788,495.60000000000002,0.02898345243847647,495.60000000000002,0.028406491866093606,495.60000000000002,0.02834554055085069,495.60000000000002,0.029736569941422306,495.60000000000002,0.029499080220069009,495.60000000000002,0.031367165975772056,495.60000000000002,0.03203313750921899,495.60000000000002,0.031980621042191196,495.60000000000002,0.03221645770283902,495.60000000000002,0.039241414680874505,495.60000000000002,0.03681811245899138,495.60000000000002,0.039465764688927887,495.60000000000002,0.040009833591888977,495.60000000000002,0.042812958300484046,495.60000000000002,0.043358468333290941,495.60000000000002,0.043667845002246464,495.60000000000002,0.043722862253418454,495.60000000000002,0.051273322991107387,495.60000000000002,0.050329933962344128,495.60000000000002,0.057735603536702193,495.60000000000002,0.057393589515356523,495.60000000000002,0.063108813780592229,495.60000000000002,0.062394182921763609,495.60000000000002,0.064923832049032335,495.60000000000002,0.064129388028449585,495.60000000000002,0.023183455829370227,495.60000000000002,0.023217746242465857,495.60000000000002,0.02412336919203479,495.60000000000002,0.023186210930546021,495.60000000000002,0.024193645465103459,495.60000000000002,0.024351364410874599,495.60000000000002,0.024364165034799046,495.60000000000002,0.024777938845231134,495.60000000000002,0.024775649991946629,495.60000000000002,0.024542907521850073,495.60000000000002,0.02547506421505048,495.60000000000002,0.025047091037020082,495.60000000000002,0.025632528843790001,495.60000000000002,0.026368776650305611,495.60000000000002,0.025570305943389028,495.60000000000002,0.025568652882683552,495.60000000000002,0.030748751727236508,495.60000000000002,0.030765028017259645,495.60000000000002,0.033087451149936845,495.60000000000002,0.033439807397234726,495.60000000000002,0.033735196629451611,495.60000000000002,0.03414384171307952,495.60000000000002,0.034900350109780189,495.60000000000002,0.035167976399379464,495.60000000000002,0.0420859082932784,495.60000000000002,0.041832481371277437,495.60000000000002,0.045896552308774777,495.60000000000002,0.046411756228647967,495.60000000000002,0.050057390876800348,495.60000000000002,0.050455608962132199,495.60000000000002,0.049912938802844954,495.60000000000002,0.052342302247314842
496.39999999999998,0.027653501521663577,496.39999999999998,0.027922441782592844,496.39999999999998,0.027922611327280591,496.39999999999998,0.029412019022913963,496.39999999999998,0.030088756644032454,496.39999999999998,0.030196375134576098,496.39999999999998,0.03029271890338496,496.39999999999998,0.029397141476564685,496.39999999999998,0.029158422556225257,496.39999999999998,0.028801615760874172,496.39999999999998,0.030142629468562172,496.39999999999998,0.030406992022922446,496.39999999999998,0.03184019565456965,496.39999999999998,0.032446826547307198,496.39999999999998,0.032267151564473608,496.39999999999998,0.032363961581173759,496.39999999999998,0.039705119401846345,496.39999999999998,0.037526809253749051,496.39999999999998,0.039951510219306055,496.39999999999998,0.041446724820494565,496.39999999999998,0.044452455430940202,496.39999999999998,0.044270618753337904,496.39999999999998,0.045682883616049087,496.39999999999998,0.045083458372540554,496.39999999999998,0.052428770038062782,496.39999999999998,0.052064376117935282,496.39999999999998,0.05923183540601714,496.39999999999998,0.057891203173876554,496.39999999999998,0.065395971618219265,496.39999999999998,0.063800556106575798,496.39999999999998,0.067151649245950004,496.39999999999998,0.066406373184812184,496.39999999999998,0.022942702372777905,496.39999999999998,0.023845061587107821,496.39999999999998,0.024108957893576793,496.39999999999998,0.023580402329544014,496.39999999999998,0.024670066037655872,496.39999999999998,0.024631960869086072,496.39999999999998,0.024604070767952665,496.39999999999998,0.024808456889024527,496.39999999999998,0.024640861965192482,496.39999999999998,0.024843849342590475,496.39999999999998,0.026018454939260617,496.39999999999998,0.025843103345964416,496.39999999999998,0.025362952790281702,496.39999999999998,0.026779922518077707,496.39999999999998,0.026292566313165993,496.39999999999998,0.026507082729330382,496.39999999999998,0.031033586802641507,496.39999999999998,0.030997304239464913,496.39999999999998,0.032940794995040816,496.39999999999998,0.033350796436170657,496.39999999999998,0.03448204097895103,496.39999999999998,0.034568551155870895,496.39999999999998,0.03624144858981207,496.39999999999998,0.035474852284190804,496.39999999999998,0.043061637971228257,496.39999999999998,0.042367394861100513,496.39999999999998,0.04710201503861379,496.39999999999998,0.04793935386519501,496.39999999999998,0.052621754278884048,496.39999999999998,0.052126471859820458,496.39999999999998,0.052116172020040173,496.39999999999998,0.054296304773530694
497.10000000000002,0.027373752786890807,497.10000000000002,0.028023320871798787,497.10000000000002,0.028262548426201441,497.10000000000002,0.029334876189991775,497.10000000000002,0.030388003017895442,497.10000000000002,0.030961869399727032,497.10000000000002,0.030346973203462104,497.10000000000002,0.030305901002856829,497.10000000000002,0.029762849368022176,497.10000000000002,0.02901948068462145,497.10000000000002,0.030672456617753023,497.10000000000002,0.030992768919067847,497.10000000000002,0.032391215889728132,497.10000000000002,0.032984283207446397,497.10000000000002,0.032795283266787045,497.10000000000002,0.032642862592507815,497.10000000000002,0.040313784830836787,497.10000000000002,0.038244831006332497,497.10000000000002,0.040608495884302709,497.10000000000002,0.041957054330595177,497.10000000000002,0.044702533845358279,497.10000000000002,0.044736866644625846,497.10000000000002,0.046603511270483108,497.10000000000002,0.046722107779558007,497.10000000000002,0.053980951654332296,497.10000000000002,0.052839195340911985,497.10000000000002,0.060533938607868557,497.10000000000002,0.060547968430779142,497.10000000000002,0.067570382238498525,497.10000000000002,0.065805422039113964,497.10000000000002,0.069237048905165188,497.10000000000002,0.069079245187050178,497.10000000000002,0.023324177920195314,497.10000000000002,0.023188923645549878,497.10000000000002,0.024138628213931486,497.10000000000002,0.024433212108881604,497.10000000000002,0.025147334333646989,497.10000000000002,0.024661631189440758,497.10000000000002,0.025060145977976147,497.10000000000002,0.025280638844383408,497.10000000000002,0.023717691140442348,497.10000000000002,0.025017632647525077,497.10000000000002,0.025519145833863159,497.10000000000002,0.026155913294846692,497.10000000000002,0.025948729686427099,497.10000000000002,0.026741774963335966,497.10000000000002,0.026958029212549698,497.10000000000002,0.027112357264566008,497.10000000000002,0.031023414121377043,497.10000000000002,0.031201605588192908,497.10000000000002,0.033463840356722035,497.10000000000002,0.033695819875723738,497.10000000000002,0.035788382797995982,497.10000000000002,0.03576892754507769,497.10000000000002,0.036516110983952597,497.10000000000002,0.036117426650729471,497.10000000000002,0.043639785356425313,497.10000000000002,0.043298195196798991,497.10000000000002,0.047824275408390758,497.10000000000002,0.049101582699660064,497.10000000000002,0.053297389859532224,497.10000000000002,0.053737994116799338,497.10000000000002,0.05386841636784416,497.10000000000002,0.054904970202521136
497.89999999999998,0.027622983477870185,497.89999999999998,0.028329349033171421,497.89999999999998,0.028312564109085055,497.89999999999998,0.029428973491688069,497.89999999999998,0.030176919881657806,497.89999999999998,0.031231445453235335,497.89999999999998,0.030673346727363663,497.89999999999998,0.031176512974407232,497.89999999999998,0.030061248018446458,497.89999999999998,0.028934708340750914,497.89999999999998,0.031018327780744811,497.89999999999998,0.031236065545976282,497.89999999999998,0.032658248772920319,497.89999999999998,0.033418317608063554,497.89999999999998,0.033580275171028198,497.89999999999998,0.033455829370226252,497.89999999999998,0.04018577859159228,497.89999999999998,0.039139179234166641,497.89999999999998,0.0413044768274798,497.89999999999998,0.042842077600603573,497.89999999999998,0.045501089324618729,497.89999999999998,0.045862643371226565,497.89999999999998,0.047832710256605883,497.89999999999998,0.048055576748641533,497.89999999999998,0.055061799038681629,497.89999999999998,0.054039571730118773,497.89999999999998,0.062351457660452858,497.89999999999998,0.062273085628544549,497.89999999999998,0.068861465035646774,497.89999999999998,0.068165484092469669,497.89999999999998,0.071054567957749462,497.89999999999998,0.070783169298847953,497.89999999999998,0.022822325644481747,497.89999999999998,0.023186380475233758,497.89999999999998,0.024370904436136754,497.89999999999998,0.024373023744733525,497.89999999999998,0.025253299763485157,497.89999999999998,0.024294566940481342,497.89999999999998,0.02518815221722066,497.89999999999998,0.025227232267744971,497.89999999999998,0.023462526385392032,497.89999999999998,0.024800615447216501,497.89999999999998,0.02618715190356298,497.89999999999998,0.026125395251053299,497.89999999999998,0.026268321422819017,497.89999999999998,0.02651288963488552,497.89999999999998,0.026968201893814166,497.89999999999998,0.027175936522468913,497.89999999999998,0.031805015131863387,497.89999999999998,0.031282139314869915,497.89999999999998,0.033433322312928636,497.89999999999998,0.034119681595076418,497.89999999999998,0.036085933724981561,497.89999999999998,0.036640387240066796,497.89999999999998,0.037064588048794964,497.89999999999998,0.037330518891516833,497.89999999999998,0.044562108457736747,497.89999999999998,0.044262904470045696,497.89999999999998,0.04865758754863813,497.89999999999998,0.050318913557640954,497.89999999999998,0.054050168273102578,497.89999999999998,0.054836643693361477,497.89999999999998,0.056063172350652328,497.89999999999998,0.055600951145698234
498.60000000000002,0.027807787187507951,498.60000000000002,0.028197951900172095,498.60000000000002,0.028498215542161528,498.60000000000002,0.029544263879352002,498.60000000000002,0.03048125259615303,498.60000000000002,0.031987614760560508,498.60000000000002,0.031038715529445673,498.60000000000002,0.031887752939481019,498.60000000000002,0.030052770784059407,498.60000000000002,0.02917376635046582,498.60000000000002,0.031437950882903958,498.60000000000002,0.0317616540779736,498.60000000000002,0.032939692954570506,498.60000000000002,0.033605664488017425,498.60000000000002,0.034636538575655074,498.60000000000002,0.034066190246094107,498.60000000000002,0.041510770326288741,498.60000000000002,0.039396039436094363,498.60000000000002,0.041881776489238152,498.60000000000002,0.04345922026398108,498.60000000000002,0.046297101633563056,498.60000000000002,0.046774793791273535,498.60000000000002,0.048548188838873206,498.60000000000002,0.049450081805311845,498.60000000000002,0.056074828547934531,498.60000000000002,0.054810152335901939,498.60000000000002,0.064458050405635653,498.60000000000002,0.064223697261005575,498.60000000000002,0.071241024728092711,498.60000000000002,0.070827335690004503,498.60000000000002,0.07304078397463612,498.60000000000002,0.072765146698541075,498.60000000000002,0.023575951781490807,498.60000000000002,0.022910022634215817,498.60000000000002,0.024661673575612691,498.60000000000002,0.024368785127539993,498.60000000000002,0.025565261988928726,498.60000000000002,0.024999025118045491,498.60000000000002,0.024894839907428603,498.60000000000002,0.025781643396658276,498.60000000000002,0.02421360935208498,498.60000000000002,0.025024414435034715,498.60000000000002,0.02587773284843552,498.60000000000002,0.025787153599009863,498.60000000000002,0.027263548739859107,498.60000000000002,0.026077159787390964,498.60000000000002,0.027053821961123405,498.60000000000002,0.027138636691165879,498.60000000000002,0.032325517323228477,498.60000000000002,0.031952688554885852,498.60000000000002,0.034163212193653945,498.60000000000002,0.035311580749896154,498.60000000000002,0.037204080940633932,498.60000000000002,0.037045599043767953,498.60000000000002,0.037624085518340504,498.60000000000002,0.038438493425904739,498.60000000000002,0.045519188220035096,498.60000000000002,0.045834583725405428,498.60000000000002,0.04995969075048956,498.60000000000002,0.052369556555869223,498.60000000000002,0.055162381424684007,498.60000000000002,0.055864084501072366,498.60000000000002,0.057109263074014732,498.60000000000002,0.057128548782245291
499.39999999999998,0.028319812144485982,499.39999999999998,0.028208124581436556,499.39999999999998,0.028734730381560322,499.39999999999998,0.029762976526537983,499.39999999999998,0.031144172325220622,499.39999999999998,0.032063062146605294,499.39999999999998,0.031578715359900984,499.39999999999998,0.03195472309113874,499.39999999999998,0.030465612098708916,499.39999999999998,0.029308554377219975,499.39999999999998,0.032219551893390298,499.39999999999998,0.031527682408890922,499.39999999999998,0.033446631570916298,499.39999999999998,0.033506480845688906,499.39999999999998,0.034700965556996678,499.39999999999998,0.035100412841314647,499.39999999999998,0.042912904893907408,499.39999999999998,0.039567279570712849,499.39999999999998,0.042597255071505469,499.39999999999998,0.044483270177937149,499.39999999999998,0.047886583081135602,499.39999999999998,0.048000601883641483,499.39999999999998,0.049712960843654362,499.39999999999998,0.050307130201842958,499.39999999999998,0.057190432593270779,499.39999999999998,0.055796902418554971,499.39999999999998,0.065516856980578658,499.39999999999998,0.064827276349363791,499.39999999999998,0.073156879699566801,499.39999999999998,0.072980553224316111,499.39999999999998,0.075501725117197771,499.39999999999998,0.074864109932775522,499.39999999999998,0.023244491916957009,499.39999999999998,0.023133821622034027,499.39999999999998,0.024895645244695373,499.39999999999998,0.024200935886676333,499.39999999999998,0.025342310724549219,499.39999999999998,0.02507362478065156,499.39999999999998,0.02563490246941838,499.39999999999998,0.025729084543458545,499.39999999999998,0.024786670396649797,499.39999999999998,0.025511007688851593,499.39999999999998,0.026582191025999673,499.39999999999998,0.026031297949357008,499.39999999999998,0.027278807761755803,499.39999999999998,0.026646829938200965,499.39999999999998,0.02710383764400702,499.39999999999998,0.027231886269423463,499.39999999999998,0.032329755940421999,499.39999999999998,0.032501165619728219,499.39999999999998,0.034730339174147834,499.39999999999998,0.035911768944499545,499.39999999999998,0.037654222086586475,499.39999999999998,0.03718547341115435,499.39999999999998,0.038593033408780723,499.39999999999998,0.039185337775404151,499.39999999999998,0.046257555335147457,499.39999999999998,0.047060391817773377,499.39999999999998,0.051452531726049688,499.39999999999998,0.052754422997041452,499.39999999999998,0.056728974339411507,499.39999999999998,0.057217051109246117,499.39999999999998,0.059371836931919338,499.39999999999998,0.058680730398514791
500.10000000000002,0.028655510626213309,500.10000000000002,0.028850698947975217,500.10000000000002,0.028843238981714606,500.10000000000002,0.030514059493230931,500.10000000000002,0.031493434381967222,500.10000000000002,0.032726829599111586,500.10000000000002,0.032468824970541613,500.10000000000002,0.03222006052745352,500.10000000000002,0.03051817095190865,500.10000000000002,0.029903656231191136,500.10000000000002,0.032602722887685121,500.10000000000002,0.032641591007349757,500.10000000000002,0.033552597000754469,500.10000000000002,0.033910844925951367,500.10000000000002,0.034778956113357573,500.10000000000002,0.035712469164059915,500.10000000000002,0.043841162059289777,500.10000000000002,0.040071675016742539,500.10000000000002,0.043225418139586136,500.10000000000002,0.045563269838847772,500.10000000000002,0.049558293702262571,500.10000000000002,0.049121292269609963,500.10000000000002,0.051092206878427984,500.10000000000002,0.051370175393979478,500.10000000000002,0.058424717920025772,500.10000000000002,0.0572880479472377,500.10000000000002,0.066646872324372899,500.10000000000002,0.065807244644507198,500.10000000000002,0.075711918143824761,500.10000000000002,0.074303849512135173,500.10000000000002,0.078148317692835895,500.10000000000002,0.077746369624373743,500.10000000000002,0.023636987869077593,500.10000000000002,0.023956113357578229,500.10000000000002,0.0247099938116189,500.10000000000002,0.024512050388681195,500.10000000000002,0.02561951628900587,500.10000000000002,0.025510202351584823,500.10000000000002,0.026190161321770385,500.10000000000002,0.025544280833820779,500.10000000000002,0.025235963819163633,500.10000000000002,0.025953519323855787,500.10000000000002,0.02645503251019387,500.10000000000002,0.025961784627383168,500.10000000000002,0.027907818553275177,500.10000000000002,0.026966421674592882,500.10000000000002,0.027812534438764695,500.10000000000002,0.027598102794944176,500.10000000000002,0.032679017997168602,500.10000000000002,0.032553724472927953,500.10000000000002,0.03519404389511966,500.10000000000002,0.035958393733628344,500.10000000000002,0.03827729881403491,500.10000000000002,0.037209209667438091,500.10000000000002,0.039539940489814601,500.10000000000002,0.039239592075481292,500.10000000000002,0.047368920763290176,500.10000000000002,0.047896247128336851,500.10000000000002,0.052591872027669691,500.10000000000002,0.054075176114544397,500.10000000000002,0.058692301823453114,500.10000000000002,0.059352466451344912,500.10000000000002,0.061145274365690935,500.10000000000002,0.060495706280782963
500.89999999999998,0.028883548231225048,500.89999999999998,0.028792206030704547,500.89999999999998,0.029604494629672018,500.89999999999998,0.031062536558073298,500.89999999999998,0.031746055966701422,500.89999999999998,0.032817536007053047,500.89999999999998,0.032495104397141483,500.89999999999998,0.032933843662843437,500.89999999999998,0.03114633401998932,500.89999999999998,0.030330908844298635,500.89999999999998,0.033157134016598429,500.89999999999998,0.032930664699948292,500.89999999999998,0.034292659562744243,500.89999999999998,0.034887422327339927,500.89999999999998,0.034912896416673021,500.89999999999998,0.036202453311631612,500.89999999999998,0.044203987691055671,500.89999999999998,0.040980434543034683,500.89999999999998,0.044150284411213679,500.89999999999998,0.046626315030984286,500.89999999999998,0.050411103481600154,500.89999999999998,0.050338623127590847,500.89999999999998,0.052631672643116911,500.89999999999998,0.051938150097912063,500.89999999999998,0.059371625001059664,500.89999999999998,0.058569805786560201,500.89999999999998,0.068616133872485455,500.89999999999998,0.068043539075811912,500.89999999999998,0.077361587955545388,500.89999999999998,0.076162907013216014,500.89999999999998,0.080803387502861077,500.89999999999998,0.078582224934937217,500.89999999999998,0.023939625136695404,500.89999999999998,0.024149394301603046,500.89999999999998,0.024717623322567248,500.89999999999998,0.025002034536252896,500.89999999999998,0.025849249340895018,500.89999999999998,0.025691615167467766,500.89999999999998,0.0264775395674915,500.89999999999998,0.025870654357722338,500.89999999999998,0.02527495909734408,500.89999999999998,0.026105261819384044,500.89999999999998,0.027117952239261462,500.89999999999998,0.026954468774107142,500.89999999999998,0.028182480947415711,500.89999999999998,0.027484380695641856,500.89999999999998,0.027810838991887285,500.89999999999998,0.02815675254105101,500.89999999999998,0.03319528157134017,500.89999999999998,0.033406534252265536,500.89999999999998,0.035822206963200327,500.89999999999998,0.035932962030467176,500.89999999999998,0.0391767333825013,500.89999999999998,0.0388249705416105,500.89999999999998,0.04026304858303028,500.89999999999998,0.040089010961064056,500.89999999999998,0.048287852970846791,500.89999999999998,0.048351474614921626,500.89999999999998,0.05389821384671465,500.89999999999998,0.054460890279155329,500.89999999999998,0.06009358866763307,500.89999999999998,0.06143277976992785,500.89999999999998,0.062683044683502456,500.89999999999998,0.061716428032518679
501.60000000000002,0.029169231030068753,501.60000000000002,0.029569568423997359,501.60000000000002,0.029621449098446124,501.60000000000002,0.031953493892152629,501.60000000000002,0.031746903690140126,501.60000000000002,0.033098980188703234,501.60000000000002,0.033103769826131918,501.60000000000002,0.033898552936090127,501.60000000000002,0.03127603570611124,501.60000000000002,0.031020107999966094,501.60000000000002,0.033377542110661816,501.60000000000002,0.033389283080287886,501.60000000000002,0.034752125666522554,501.60000000000002,0.035737688936361409,501.60000000000002,0.035904732839958285,501.60000000000002,0.036392343361901613,501.60000000000002,0.04416584013631393,501.60000000000002,0.042018895755448746,501.60000000000002,0.045196375134576104,501.60000000000002,0.047685121605927271,501.60000000000002,0.05138428998923391,501.60000000000002,0.051400820596288664,501.60000000000002,0.053576884277273383,501.60000000000002,0.052650237786424567,501.60000000000002,0.06139937946644286,501.60000000000002,0.059797309325805556,501.60000000000002,0.070632867933165491,501.60000000000002,0.070434966896399734,501.60000000000002,0.079253706670735752,501.60000000000002,0.07802874630180652,501.60000000000002,0.082562413638174681,501.60000000000002,0.079959775522833426,501.60000000000002,0.024511838457821518,501.60000000000002,0.024474072378627199,501.60000000000002,0.025132160084094166,501.60000000000002,0.025215660842806645,501.60000000000002,0.026173927417919175,501.60000000000002,0.025952713986589014,501.60000000000002,0.026777633664793198,501.60000000000002,0.026093605622101845,501.60000000000002,0.025395335825640245,501.60000000000002,0.026082373286539,501.60000000000002,0.027162881581512845,501.60000000000002,0.027747937912735353,501.60000000000002,0.028473250086891649,501.60000000000002,0.027987928418232839,501.60000000000002,0.028564465128896353,501.60000000000002,0.028830692674821766,501.60000000000002,0.03404724362723905,501.60000000000002,0.033406534252265536,501.60000000000002,0.036485974415706626,501.60000000000002,0.03700957079762298,501.60000000000002,0.039952400328916692,501.60000000000002,0.039821893305528003,501.60000000000002,0.040746250943092331,501.60000000000002,0.041091867789052501,501.60000000000002,0.049489077083492282,501.60000000000002,0.048662589116926495,501.60000000000002,0.054851054991819463,501.60000000000002,0.056230089095733404,501.60000000000002,0.061797512779430831,501.60000000000002,0.062715385332689069,501.60000000000002,0.063721505895916519,501.60000000000002,0.063608546747709035
502.39999999999998,0.029663453794833979,502.39999999999998,0.02968994515229352,502.39999999999998,0.030425090918338803,502.39999999999998,0.031831421716979058,502.39999999999998,0.032264014987750396,502.39999999999998,0.033951789968040817,502.39999999999998,0.033681917211328974,502.39999999999998,0.034682697116892584,502.39999999999998,0.031685486127005932,502.39999999999998,0.03121932300806185,502.39999999999998,0.034249849529089625,502.39999999999998,0.033708874816679807,502.39999999999998,0.035657494299059865,502.39999999999998,0.036326009002822922,502.39999999999998,0.036455753075116774,502.39999999999998,0.036572060730907144,502.39999999999998,0.045819748565228073,502.39999999999998,0.042333401151208434,502.39999999999998,0.046378949331570073,502.39999999999998,0.048175105753498974,502.39999999999998,0.052444792011054314,502.39999999999998,0.052678339818417637,502.39999999999998,0.054497511931707404,502.39999999999998,0.053695480786348268,502.39999999999998,0.062230148436374123,502.39999999999998,0.061159600891805055,502.39999999999998,0.072374939599704979,502.39999999999998,0.072167713605113468,502.39999999999998,0.080692293346218733,502.39999999999998,0.079747081712062282,502.39999999999998,0.083544925103634204,502.39999999999998,0.081609445334554068,502.39999999999998,0.025195103549418032,502.39999999999998,0.023735705263514831,502.39999999999998,0.025178784873222958,502.39999999999998,0.025808219526461691,502.39999999999998,0.026422310385459846,502.39999999999998,0.026489322923289507,502.39999999999998,0.027014996227630698,502.39999999999998,0.026829429566898096,502.39999999999998,0.025995524020243639,502.39999999999998,0.026730881717148599,502.39999999999998,0.027526554936717441,502.39999999999998,0.028688063206259592,502.39999999999998,0.028878461890592812,502.39999999999998,0.028343124539050385,502.39999999999998,0.028560226511702824,502.39999999999998,0.029520739553927925,502.39999999999998,0.034027745988148825,502.39999999999998,0.034473818061595579,502.39999999999998,0.037563430906301133,502.39999999999998,0.038388816832396595,502.39999999999998,0.040990013817892051,502.39999999999998,0.040917999711774025,502.39999999999998,0.040837805074472509,502.39999999999998,0.042664394767850937,502.39999999999998,0.050166408111017864,502.39999999999998,0.049718004798114668,502.39999999999998,0.056463424972237046,502.39999999999998,0.056971847104600598,502.39999999999998,0.062788501479277392,502.39999999999998,0.064007315853276014,502.39999999999998,0.064942227647652229,502.39999999999998,0.065345532073616291
503.10000000000002,0.030043233895373975,503.10000000000002,0.030001059654298383,503.10000000000002,0.029847791256580453,503.10000000000002,0.03199164144689437,503.10000000000002,0.032518332019362002,503.10000000000002,0.033678823020777696,503.10000000000002,0.034696642167459289,503.10000000000002,0.034970075362613706,503.10000000000002,0.031577825250290348,503.10000000000002,0.030985351338979176,503.10000000000002,0.034174402143044846,503.10000000000002,0.034006425743665393,503.10000000000002,0.035752439324194869,503.10000000000002,0.036692225528343635,503.10000000000002,0.036487118842348863,503.10000000000002,0.036792468824970531,503.10000000000002,0.047371082458058884,503.10000000000002,0.043081093224146563,503.10000000000002,0.047017285080915204,503.10000000000002,0.048909234251417813,503.10000000000002,0.053391699092088192,503.10000000000002,0.053332782313098168,503.10000000000002,0.055424073650212353,503.10000000000002,0.055065401863296129,503.10000000000002,0.063187228198672452,503.10000000000002,0.06237269313259243,503.10000000000002,0.072973432347430978,503.10000000000002,0.073387587633410481,503.10000000000002,0.081650220831955778,503.10000000000002,0.08083131999016642,503.10000000000002,0.084848723752363062,503.10000000000002,0.084116163542805794,503.10000000000002,0.024523706585963392,503.10000000000002,0.023945092952875054,503.10000000000002,0.025414451989183046,503.10000000000002,0.025327560336715755,503.10000000000002,0.025995057772352347,503.10000000000002,0.02591371870840857,503.10000000000002,0.027460898756389719,503.10000000000002,0.026911658740452517,503.10000000000002,0.025930249315463328,503.10000000000002,0.026342624382221548,503.10000000000002,0.027264608394157487,503.10000000000002,0.02829217636038419,503.10000000000002,0.028675008265303524,503.10000000000002,0.028718666022396852,503.10000000000002,0.028665344218102285,503.10000000000002,0.029774208862100828,503.10000000000002,0.034176945313360969,503.10000000000002,0.034539940489814597,503.10000000000002,0.038033917414782611,503.10000000000002,0.038838110254910435,503.10000000000002,0.041518145520205482,503.10000000000002,0.041207921127811256,503.10000000000002,0.041437145545637204,503.10000000000002,0.042880564244720795,503.10000000000002,0.051106533404542104,503.10000000000002,0.050362274611530741,503.10000000000002,0.05711956291379499,503.10000000000002,0.057325347778540738,503.10000000000002,0.063871892033942834,503.10000000000002,0.064703296796453119,503.10000000000002,0.065879809770860359,503.10000000000002,0.066657807956732179
503.89999999999998,0.030462009274094419,503.89999999999998,0.030155345320142756,503.89999999999998,0.030578528860744469,503.89999999999998,0.032325644481744277,503.89999999999998,0.032950670973101732,503.89999999999998,0.034947017285080914,503.89999999999998,0.034885684494290581,503.89999999999998,0.035591456643184728,503.89999999999998,0.031467621203258654,503.89999999999998,0.030747988776141669,503.89999999999998,0.034185422547748021,503.89999999999998,0.035088968574892139,503.89999999999998,0.035916897671303703,503.89999999999998,0.037116934971135017,503.89999999999998,0.036722785958308961,503.89999999999998,0.037458779447792946,503.89999999999998,0.048522290887820757,503.89999999999998,0.043819460339258924,503.89999999999998,0.047486923865957965,503.89999999999998,0.049829014182413124,503.89999999999998,0.05426739740427082,503.89999999999998,0.054599281130523966,503.89999999999998,0.0563497876452786,503.89999999999998,0.056168290057051797,503.89999999999998,0.064130744385951538,503.89999999999998,0.063932504259810286,503.89999999999998,0.074209413121063383,503.89999999999998,0.074683756771190976,503.89999999999998,0.083103218805896772,503.89999999999998,0.082427583225248596,503.89999999999998,0.086333087493536131,503.89999999999998,0.086221060841111211,503.89999999999998,0.024371964090435135,503.89999999999998,0.024041733424887465,503.89999999999998,0.024982960758882022,503.89999999999998,0.025919271296932091,503.89999999999998,0.026090002797487345,503.89999999999998,0.026209574188516743,503.89999999999998,0.027142154743436502,503.89999999999998,0.026947263124878138,503.89999999999998,0.026253231945610068,503.89999999999998,0.027075057433262974,503.89999999999998,0.027435000805337263,503.89999999999998,0.028265049210345623,503.89999999999998,0.029409984486661069,503.89999999999998,0.028522841908055915,503.89999999999998,0.028537337978857776,503.89999999999998,0.030138729940744131,503.89999999999998,0.034624543288997396,503.89999999999998,0.035447004569229335,503.89999999999998,0.038733289251714528,503.89999999999998,0.03890423268312946,503.89999999999998,0.041881818875410086,503.89999999999998,0.041903902070988354,503.89999999999998,0.042634978764527862,503.89999999999998,0.043513813653433701,503.89999999999998,0.052025465612098712,503.89999999999998,0.051317658926951684,503.89999999999998,0.058148699168383298,503.89999999999998,0.058375677119096664,503.89999999999998,0.064986648355840379,503.89999999999998,0.0659180844841179,503.89999999999998,0.067492179751277928,503.89999999999998,0.068140476251027857
504.60000000000002,0.03071039224163509,504.60000000000002,0.030257919856226102,504.60000000000002,0.030598874223273401,504.60000000000002,0.032811390012122452,504.60000000000002,0.033409289353441333,504.60000000000002,0.034447708179683456,504.60000000000002,0.035347693768385001,504.60000000000002,0.035817798801319065,504.60000000000002,0.031333680899943206,504.60000000000002,0.030951442401430954,504.60000000000002,0.034259174486915386,504.60000000000002,0.034876189991777086,504.60000000000002,0.035995735951103308,504.60000000000002,0.037532319456100638,504.60000000000002,0.037371294388918556,504.60000000000002,0.037743614523197945,504.60000000000002,0.048293405559370312,504.60000000000002,0.044584954604409859,504.60000000000002,0.048062528080838905,504.60000000000002,0.051298966625128214,504.60000000000002,0.054573425565643464,504.60000000000002,0.055181667132914544,504.60000000000002,0.057146647677661637,504.60000000000002,0.057112653967769558,504.60000000000002,0.065625280808389086,504.60000000000002,0.064537778795045908,504.60000000000002,0.075586115985520896,504.60000000000002,0.076375812754846867,504.60000000000002,0.084101837016691675,504.60000000000002,0.084418037859328762,504.60000000000002,0.088000559497469558,504.60000000000002,0.087591829641497768,504.60000000000002,0.024403329857667234,504.60000000000002,0.024533413019336574,504.60000000000002,0.025055864974610677,504.60000000000002,0.025859082932784012,504.60000000000002,0.026212922696099615,504.60000000000002,0.025878114323982949,504.60000000000002,0.026964132821308381,504.60000000000002,0.026965065317090951,504.60000000000002,0.026304095351932389,504.60000000000002,0.026483346473046631,504.60000000000002,0.027804608224612802,504.60000000000002,0.028105677203869018,504.60000000000002,0.029206530861371784,504.60000000000002,0.028332951857785917,504.60000000000002,0.029156176089112688,504.60000000000002,0.02986576299348101,504.60000000000002,0.034856819511202668,504.60000000000002,0.035246094114256166,504.60000000000002,0.038878249959733144,504.60000000000002,0.038545645668557088,504.60000000000002,0.041960657155209684,504.60000000000002,0.042803336639454743,504.60000000000002,0.043417427498452905,504.60000000000002,0.043319684985970178,504.60000000000002,0.052790112153810943,504.60000000000002,0.051844942905826419,504.60000000000002,0.059291430363758127,504.60000000000002,0.059354797690801361,504.60000000000002,0.066263319854530642,504.60000000000002,0.066759873858752317,504.60000000000002,0.068386527979112099,504.60000000000002,0.069009392775700867
505.39999999999998,0.030507786339784508,505.39999999999998,0.030592770614514719,505.39999999999998,0.03117786933190916,505.39999999999998,0.032940243974805661,505.39999999999998,0.033514407059840795,505.39999999999998,0.035307299746530685,505.39999999999998,0.035660503717267276,505.39999999999998,0.03593139374210557,505.39999999999998,0.031957605350830344,505.39999999999998,0.031397344930189974,505.39999999999998,0.034603350203029758,505.39999999999998,0.035317006179903868,505.39999999999998,0.036131371701296169,505.39999999999998,0.037947703941066259,505.39999999999998,0.038429253240422845,505.39999999999998,0.038253944033298577,505.39999999999998,0.048268821579647854,505.39999999999998,0.044861312445427799,505.39999999999998,0.048139670913761097,505.39999999999998,0.051758432728906519,505.39999999999998,0.055005764519383188,505.39999999999998,0.056198087535922273,505.39999999999998,0.057058484440036285,505.39999999999998,0.057559404219967289,505.39999999999998,0.066923993116485683,505.39999999999998,0.065410086213473731,505.39999999999998,0.077075566067326184,505.39999999999998,0.078038198418148061,505.39999999999998,0.085141993675983157,505.39999999999998,0.085626043759483919,505.39999999999998,0.08902460941142562,505.39999999999998,0.08908043199986436,505.39999999999998,0.025032340649186611,505.39999999999998,0.024553758381865503,505.39999999999998,0.025682332595813939,505.39999999999998,0.026525393555606423,505.39999999999998,0.026605418648220198,505.39999999999998,0.026480845688902455,505.39999999999998,0.026705577172503249,505.39999999999998,0.027186321134593048,505.39999999999998,0.026891567694955203,505.39999999999998,0.027054712070734049,505.39999999999998,0.027832583098090079,505.39999999999998,0.028215033527462009,505.39999999999998,0.029549011130608753,505.39999999999998,0.028743250002119313,505.39999999999998,0.029465595144240148,505.39999999999998,0.03023028407212431,505.39999999999998,0.034892423895628286,505.39999999999998,0.035318150606546125,505.39999999999998,0.039281766316556888,505.39999999999998,0.039272992378966282,505.39999999999998,0.042195476547731064,505.39999999999998,0.043013572052253674,505.39999999999998,0.043630206081567945,505.39999999999998,0.044121631358985447,505.39999999999998,0.053032561057280672,505.39999999999998,0.05260874172409994,505.39999999999998,0.060206123954121206,505.39999999999998,0.060485660758034306,505.39999999999998,0.067654434017446155,505.39999999999998,0.068033154463687767,505.39999999999998,0.06990056204063988,505.39999999999998,0.070396268321422817
506.10000000000002,0.030646812983732192,506.10000000000002,0.030860651221145615,506.10000000000002,0.031177021608470457,506.10000000000002,0.032757983435484007,506.10000000000002,0.034091706721599141,506.10000000000002,0.034802056577062292,506.10000000000002,0.035876673194137142,506.10000000000002,0.03639848935683223,506.10000000000002,0.032434025923382764,506.10000000000002,0.032150971067199038,506.10000000000002,0.03518488848198164,506.10000000000002,0.035156786449988556,506.10000000000002,0.036434856692352684,506.10000000000002,0.038252884379000193,506.10000000000002,0.038831921873807886,506.10000000000002,0.038720191924586519,506.10000000000002,0.048841882624212685,506.10000000000002,0.045532709408882439,506.10000000000002,0.048978069394640694,506.10000000000002,0.051701635258513262,506.10000000000002,0.055906046811288274,506.10000000000002,0.056221823792206034,506.10000000000002,0.057959614455380074,506.10000000000002,0.058094317709790365,506.10000000000002,0.067289361918567686,506.10000000000002,0.066255266481862959,506.10000000000002,0.077919898612276717,506.10000000000002,0.078933394369420928,506.10000000000002,0.085714206997109271,506.10000000000002,0.086550910031111455,506.10000000000002,0.089797733187524917,506.10000000000002,0.089728092707035273,506.10000000000002,0.025073031374244468,506.10000000000002,0.024908954502683048,506.10000000000002,0.025734891449013676,506.10000000000002,0.025991327789222047,506.10000000000002,0.026088307350609935,506.10000000000002,0.026426591388825312,506.10000000000002,0.026806456261709188,506.10000000000002,0.027561014894500815,506.10000000000002,0.027161143748463505,506.10000000000002,0.026605418648220202,506.10000000000002,0.028520934530318828,506.10000000000002,0.02823876978374576,506.10000000000002,0.029283673694293973,506.10000000000002,0.029098446122936859,506.10000000000002,0.029692785025813181,506.10000000000002,0.030794867882302079,506.10000000000002,0.035229817824233019,506.10000000000002,0.036020913337232861,506.10000000000002,0.039290243550943946,506.10000000000002,0.039721438078041418,506.10000000000002,0.042977077558217405,506.10000000000002,0.0431127556945822,506.10000000000002,0.043297050770156741,506.10000000000002,0.044743012639556476,506.10000000000002,0.053453879606317242,506.10000000000002,0.052785915922789362,506.10000000000002,0.061120817544484285,506.10000000000002,0.061650432762815455,506.10000000000002,0.068634402312589535,506.10000000000002,0.069628569975331248,506.10000000000002,0.070635538261997421,506.10000000000002,0.071353348083721166
506.89999999999998,0.030512024956978037,506.89999999999998,0.031650729466019004,506.89999999999998,0.031101574222425678,506.89999999999998,0.033222535879894544,506.89999999999998,0.034201910768630842,506.89999999999998,0.035250502276137428,506.89999999999998,0.035921602536388528,506.89999999999998,0.036371362206793656,506.89999999999998,0.033208845146359453,506.89999999999998,0.032830845265040723,506.89999999999998,0.035306960657155211,506.89999999999998,0.035467053228554715,506.89999999999998,0.036518781312784514,506.89999999999998,0.038379195171367286,506.89999999999998,0.038752235870569578,506.89999999999998,0.038637962751032102,506.89999999999998,0.049684519722285804,506.89999999999998,0.04645757568050999,506.89999999999998,0.049186609360562218,506.89999999999998,0.052262828174936209,506.89999999999998,0.056086611903732521,506.89999999999998,0.057016988377711651,506.89999999999998,0.058409755601332616,506.89999999999998,0.058300314505395766,506.89999999999998,0.068595703737612646,506.89999999999998,0.067128421623729478,506.89999999999998,0.079076193382670829,506.89999999999998,0.079770945126861822,506.89999999999998,0.08747068996210676,506.89999999999998,0.086377974449615563,506.89999999999998,0.091292269609962465,506.89999999999998,0.091602409230012796,506.89999999999998,0.024987411306935225,506.89999999999998,0.025265846070378004,506.89999999999998,0.026649585039376755,506.89999999999998,0.025902316828157985,506.89999999999998,0.026287522358705694,506.89999999999998,0.026581724778108391,506.89999999999998,0.026864949178979858,506.89999999999998,0.027619507811771488,506.89999999999998,0.02721115943134712,506.89999999999998,0.027265795206971678,506.89999999999998,0.028292049201868383,506.89999999999998,0.028700779057840176,506.89999999999998,0.029571051940015088,506.89999999999998,0.029981773946067838,506.89999999999998,0.029187541856344788,506.89999999999998,0.031295872434576939,506.89999999999998,0.035916473809584362,506.89999999999998,0.036265057687580003,506.89999999999998,0.039527606113781449,506.89999999999998,0.04058442053864348,506.89999999999998,0.04316781533192611,506.89999999999998,0.043154294143078767,506.89999999999998,0.04388791400693437,506.89999999999998,0.045201631019896084,506.89999999999998,0.054246501021506757,506.89999999999998,0.05342340394869579,506.89999999999998,0.061545526987275667,506.89999999999998,0.062339631918482907,506.89999999999998,0.069399048854301773,506.89999999999998,0.070471207073404374,506.89999999999998,0.072130074684434956,506.89999999999998,0.071756016717106186
507.60000000000002,0.03113001534379424,507.60000000000002,0.03162360231598043,507.60000000000002,0.031394886532217732,507.60000000000002,0.033718454091537182,507.60000000000002,0.035157295084051771,507.60000000000002,0.035514144265574796,507.60000000000002,0.035964836431762508,507.60000000000002,0.036733340115120847,507.60000000000002,0.033077448013360128,507.60000000000002,0.033253859260954706,507.60000000000002,0.03603685053788052,507.60000000000002,0.035706111238269625,507.60000000000002,0.037047760738536654,507.60000000000002,0.03810114188347194,507.60000000000002,0.03863185914227342,507.60000000000002,0.038949924976475668,507.60000000000002,0.05065346761272603,507.60000000000002,0.047157795240880616,507.60000000000002,0.050809999745682968,507.60000000000002,0.052957961394674603,507.60000000000002,0.056789374634419257,507.60000000000002,0.057618872019192455,507.60000000000002,0.059912769258157215,507.60000000000002,0.059582920068156971,507.60000000000002,0.069826598170612833,507.60000000000002,0.067870179632596644,507.60000000000002,0.07981456049778321,507.60000000000002,0.080224477166569191,507.60000000000002,0.089033891983079441,507.60000000000002,0.08747153768554547,507.60000000000002,0.092040809406339297,507.60000000000002,0.092662063528394498,507.60000000000002,0.0251891694853471,507.60000000000002,0.025342141179861485,507.60000000000002,0.026478344904758269,507.60000000000002,0.025848062528080838,507.60000000000002,0.026744445292167882,507.60000000000002,0.027040343158447985,507.60000000000002,0.027193865873197533,507.60000000000002,0.02759831472580385,507.60000000000002,0.02728236820019837,507.60000000000002,0.02759640734806677,507.60000000000002,0.028774403838491731,507.60000000000002,0.028682976865627364,507.60000000000002,0.030116985834541338,507.60000000000002,0.03000296703203547,507.60000000000002,0.030146317065520543,507.60000000000002,0.031096657426481187,507.60000000000002,0.03698884395954663,507.60000000000002,0.036999186185498835,507.60000000000002,0.040432127022880064,507.60000000000002,0.040490323236947179,507.60000000000002,0.043808694251587364,507.60000000000002,0.04400795164585506,507.60000000000002,0.044761916872239599,507.60000000000002,0.045813687342641338,507.60000000000002,0.055006061222586757,507.60000000000002,0.054110907657485836,507.60000000000002,0.062942575214262095,507.60000000000002,0.063793477615862598,507.60000000000002,0.070033993709892092,507.60000000000002,0.071162949399387929,507.60000000000002,0.072437798292684999,507.60000000000002,0.072652908115256473
508.39999999999998,0.031480972847418257,508.39999999999998,0.031888092028856507,508.39999999999998,0.031459313513559344,508.39999999999998,0.034099081915515882,508.39999999999998,0.034602883955138476,508.39999999999998,0.035384442579452877,508.39999999999998,0.036113188033535935,508.39999999999998,0.036035663725066336,508.39999999999998,0.033185956613514415,508.39999999999998,0.033010562634046267,508.39999999999998,0.037003255258004623,508.39999999999998,0.035787492688385346,508.39999999999998,0.037089299187033214,508.39999999999998,0.038635207649856312,508.39999999999998,0.038656443121995877,508.39999999999998,0.038585403897832361,508.39999999999998,0.050515288692217053,508.39999999999998,0.047368030653679546,508.39999999999998,0.051494960284156899,508.39999999999998,0.053848071005315218,508.39999999999998,0.057358197061790558,508.39999999999998,0.058444554648491472,508.39999999999998,0.06023066554767173,508.39999999999998,0.060527283978874732,508.39999999999998,0.070882013851800998,508.39999999999998,0.068570399192967285,508.39999999999998,0.081271797088917727,508.39999999999998,0.080780583742359899,508.39999999999998,0.09022663886133786,508.39999999999998,0.088965226384544321,508.39999999999998,0.093277637903410399,508.39999999999998,0.093600493375041324,508.39999999999998,0.025674067292286565,508.39999999999998,0.025693946406924208,508.39999999999998,0.026636021464357465,508.39999999999998,0.025892144146893521,508.39999999999998,0.027002153217534307,508.39999999999998,0.02720480150555683,508.39999999999998,0.027459203309512306,508.39999999999998,0.027645787238371352,508.39999999999998,0.027020421657638415,508.39999999999998,0.027609970923086057,508.39999999999998,0.028961750718445613,508.39999999999998,0.028833871637716914,508.39999999999998,0.030111051770470403,508.39999999999998,0.029983469392945248,508.39999999999998,0.030081042360740232,508.39999999999998,0.030767740732263509,508.39999999999998,0.037345735527241596,508.39999999999998,0.036672812661597276,508.39999999999998,0.041449395149326489,508.39999999999998,0.040502191365089049,508.39999999999998,0.043918898298619058,508.39999999999998,0.044446224663665726,508.39999999999998,0.045373125471546163,508.39999999999998,0.045284707916889197,508.39999999999998,0.055895323109788668,508.39999999999998,0.054801802260030702,508.39999999999998,0.063691115010638913,508.39999999999998,0.064179191780473543,508.39999999999998,0.070100116138111096,508.39999999999998,0.07163597907818553,508.39999999999998,0.073114281596771871,508.39999999999998,0.072539313174469947
509.10000000000002,0.031677644685197903,509.10000000000002,0.031308249196782038,509.10000000000002,0.031687351118571079,509.10000000000002,0.034099081915515875,509.10000000000002,0.035250544662309369,509.10000000000002,0.036095682544526664,509.10000000000002,0.036153031035155089,509.10000000000002,0.0363942507396387,509.10000000000002,0.032990980222612182,509.10000000000002,0.033104659935742561,509.10000000000002,0.037095657112823505,509.10000000000002,0.036632672956774581,509.10000000000002,0.037940413519493399,509.10000000000002,0.038848833956410062,509.10000000000002,0.03941769876995329,509.10000000000002,0.039210176072158209,509.10000000000002,0.05121381280571026,509.10000000000002,0.047672363368174771,509.10000000000002,0.052008680688012343,509.10000000000002,0.054257521426209911,509.10000000000002,0.058159295711367125,509.10000000000002,0.058091901697990042,509.10000000000002,0.060115375160007797,509.10000000000002,0.06086128701372464,509.10000000000002,0.071620380966913366,509.10000000000002,0.069485092783330371,509.10000000000002,0.08189826471012096,509.10000000000002,0.081023880369268345,509.10000000000002,0.090625068877529386,509.10000000000002,0.090842086077837961,509.10000000000002,0.093039427617134213,509.10000000000002,0.093315658299636325,509.10000000000002,0.025585056331222499,509.10000000000002,0.025320100370455147,509.10000000000002,0.026527512864203184,509.10000000000002,0.026318549036562316,509.10000000000002,0.027306485932029528,509.10000000000002,0.027080186160067139,509.10000000000002,0.027860176496019941,509.10000000000002,0.027800920627654435,509.10000000000002,0.02754770563651315,509.10000000000002,0.027732043098259627,509.10000000000002,0.028926146334019989,509.10000000000002,0.02846002560124785,509.10000000000002,0.030171240134618482,509.10000000000002,0.02955621677983775,509.10000000000002,0.030299755007926213,509.10000000000002,0.030575307511677391,509.10000000000002,0.037848435526393866,509.10000000000002,0.037340818731297097,509.10000000000002,0.041796114035756976,509.10000000000002,0.040398769105567001,509.10000000000002,0.04440210065868111,509.10000000000002,0.044474199537143003,509.10000000000002,0.045857175555046918,509.10000000000002,0.046406246026296387,509.10000000000002,0.056238651102464336,509.10000000000002,0.055344345260802126,509.10000000000002,0.064454066105473731,509.10000000000002,0.06462594203267126,509.10000000000002,0.071119927434873637,509.10000000000002,0.072567627137322718,509.10000000000002,0.072918457482430935,509.10000000000002,0.073155608114408743
509.89999999999998,0.031850580266693795,509.89999999999998,0.031868594389766282,509.89999999999998,0.032005247408085587,509.89999999999998,0.033553148020989632,509.89999999999998,0.034730890194382982,509.89999999999998,0.036260988615074215,509.89999999999998,0.035775794104931209,509.89999999999998,0.03614671549553674,509.89999999999998,0.032797699278587354,509.89999999999998,0.033228427557793545,509.89999999999998,0.036462407704110605,509.89999999999998,0.036247806515602353,509.89999999999998,0.037877681985029193,509.89999999999998,0.039682146096657434,509.89999999999998,0.039733051889151681,509.89999999999998,0.039569610810169284,509.89999999999998,0.051409636920051204,509.89999999999998,0.047667277027542532,509.89999999999998,0.051632291481227166,509.89999999999998,0.054529640650034329,509.89999999999998,0.058463628425862335,509.89999999999998,0.058202105745021736,509.89999999999998,0.059944135025389311,509.89999999999998,0.060552715682035886,509.89999999999998,0.072731746395056085,509.89999999999998,0.070224307621881449,509.89999999999998,0.082216160999635468,509.89999999999998,0.081679170587387565,509.89999999999998,0.09087599501538618,509.89999999999998,0.092040767020167336,509.89999999999998,0.093710824580588853,509.89999999999998,0.093646270440731413,509.89999999999998,0.025380754982494508,509.89999999999998,0.025187855514017112,509.89999999999998,0.02647664945788086,509.89999999999998,0.026336351228775125,509.89999999999998,0.026603723201342789,509.89999999999998,0.026696167442333617,509.89999999999998,0.028067021015064045,509.89999999999998,0.028027262785788765,509.89999999999998,0.027005162635741719,509.89999999999998,0.027468401108822257,509.89999999999998,0.029141468087451144,509.89999999999998,0.028603290862389059,509.89999999999998,0.029541381619660405,509.89999999999998,0.02965285725185016,509.89999999999998,0.030014072209082504,509.89999999999998,0.030942371760636807,509.89999999999998,0.037652611412052922,509.89999999999998,0.037398463925129057,509.89999999999998,0.041776616396666758,509.89999999999998,0.041076100133092576,509.89999999999998,0.044168128989598425,509.89999999999998,0.044439442876156081,509.89999999999998,0.045931775217652987,509.89999999999998,0.045725524105015986,509.89999999999998,0.056846468808016082,509.89999999999998,0.055366386070208461,509.89999999999998,0.06457444283376991,509.89999999999998,0.065063367327043223,509.89999999999998,0.071370005849291734,509.89999999999998,0.073072022583352422,509.89999999999998,0.073616133872485459,509.89999999999998,0.073470113510168439
510.60000000000002,0.031382636928528433,510.60000000000002,0.031794842450598909,510.60000000000002,0.032259564439697193,510.60000000000002,0.033650636216440745,510.60000000000002,0.035655756466010519,510.60000000000002,0.036684002610988191,510.60000000000002,0.036174224121122721,510.60000000000002,0.036640938260301958,510.60000000000002,0.033411451048210035,510.60000000000002,0.033600578147385193,510.60000000000002,0.035729974653069173,510.60000000000002,0.036506362164407474,510.60000000000002,0.03789294100692589,510.60000000000002,0.039563464815238675,510.60000000000002,0.040305265210277802,510.60000000000002,0.039444147741240887,510.60000000000002,0.052158176716428042,510.60000000000002,0.048056382085908296,510.60000000000002,0.051602621160872476,510.60000000000002,0.055012843010096381,510.60000000000002,0.058787458779447785,510.60000000000002,0.058893848071005318,510.60000000000002,0.059956003153531195,510.60000000000002,0.060321287183269331,510.60000000000002,0.073906691081101691,510.60000000000002,0.071126285360663954,510.60000000000002,0.082730729126929609,510.60000000000002,0.082518416791705865,510.60000000000002,0.091102337173520509,510.60000000000002,0.091346481523867651,510.60000000000002,0.093984639251290664,510.60000000000002,0.094048939074116475,510.60000000000002,0.025016233903851205,510.60000000000002,0.025142078448327023,510.60000000000002,0.026559726354873983,510.60000000000002,0.026544043471257935,510.60000000000002,0.026870756084534975,510.60000000000002,0.026634283631308122,510.60000000000002,0.027446487457931722,510.60000000000002,0.027992506124801846,510.60000000000002,0.027187423175063369,510.60000000000002,0.027607427752769937,510.60000000000002,0.028515848189686593,510.60000000000002,0.028115002161694776,510.60000000000002,0.029642260708866341,510.60000000000002,0.029754584064494802,510.60000000000002,0.030352313861125944,510.60000000000002,0.031073768893636142,510.60000000000002,0.037442375999253999,510.60000000000002,0.037691776234921121,510.60000000000002,0.041151844222340903,510.60000000000002,0.041504200469638784,510.60000000000002,0.043791739782813248,510.60000000000002,0.04443096564176903,510.60000000000002,0.046074192755355493,510.60000000000002,0.045846748556750853,510.60000000000002,0.057589074540321972,510.60000000000002,0.056579478310995829,510.60000000000002,0.065355196120817541,510.60000000000002,0.06510490577553979,510.60000000000002,0.072078702644049392,510.60000000000002,0.073490797962072849,510.60000000000002,0.073689885811652797,510.60000000000002,0.073866000356043848
511.39999999999998,0.031697142324288122,511.39999999999998,0.031554936717445296,511.39999999999998,0.032470647575934826,511.39999999999998,0.033801530988530303,511.39999999999998,0.035453150564159944,511.39999999999998,0.03675860227359426,511.39999999999998,0.035956359197375443,511.39999999999998,0.036274721734781239,511.39999999999998,0.033224104168256156,511.39999999999998,0.033870154200893496,511.39999999999998,0.03640137161652382,511.39999999999998,0.036005357612132617,511.39999999999998,0.038021794969609113,511.39999999999998,0.039740639013928096,511.39999999999998,0.039714401973500159,511.39999999999998,0.039309359714486736,511.39999999999998,0.05215139492891839,511.39999999999998,0.048218297262701021,511.39999999999998,0.051626357417156231,511.39999999999998,0.054625433398608036,511.39999999999998,0.059011257767266005,511.39999999999998,0.059883141323974473,511.39999999999998,0.060783381229707611,511.39999999999998,0.060750235243254236,511.39999999999998,0.074564524469537069,511.39999999999998,0.072090994633910638,511.39999999999998,0.083024889160160389,511.39999999999998,0.083988369234420962,511.39999999999998,0.091279511372209937,511.39999999999998,0.091774581860413859,511.39999999999998,0.095109568254452687,511.39999999999998,0.093914998770801006,511.39999999999998,0.025266312318269285,511.39999999999998,0.025498122292583275,511.39999999999998,0.026844561430278985,511.39999999999998,0.026840746674804815,511.39999999999998,0.026421462662021136,511.39999999999998,0.027017454625602948,511.39999999999998,0.027168434170036372,511.39999999999998,0.028215457389181357,511.39999999999998,0.027234047964192164,511.39999999999998,0.02752350313233811,511.39999999999998,0.028971075676271371,511.39999999999998,0.02797004145367616,511.39999999999998,0.029528665768079825,511.39999999999998,0.029102684740130381,511.39999999999998,0.030696489577240318,511.39999999999998,0.031090723362410252,511.39999999999998,0.037711952052762295,511.39999999999998,0.037878275391436296,511.39999999999998,0.041532472046319609,511.39999999999998,0.042162881581512851,511.39999999999998,0.044005366089367004,511.39999999999998,0.0452964912726872,511.39999999999998,0.046191178589896832,511.39999999999998,0.044599747378415273,511.39999999999998,0.058484270491594825,511.39999999999998,0.057172036994650871,511.39999999999998,0.065286530522282407,511.39999999999998,0.065840729720336041,511.39999999999998,0.072445766893008814,511.39999999999998,0.073422980086976411,511.39999999999998,0.07430872392190771,511.39999999999998,0.074670489899375234
512.10000000000002,0.031753939794681385,512.10000000000002,0.031626993209735249,512.10000000000002,0.032529140493205495,512.10000000000002,0.034283037901714941,512.10000000000002,0.036164390529233745,512.10000000000002,0.03674164780482015,512.10000000000002,0.036076735925671607,512.10000000000002,0.036628222408721371,512.10000000000002,0.03380818561752414,512.10000000000002,0.034259259259259253,512.10000000000002,0.036982909895475695,512.10000000000002,0.037104007188694756,512.10000000000002,0.03855501301255479,512.10000000000002,0.03964230309503828,512.10000000000002,0.040030602816137253,512.10000000000002,0.039230521434687145,512.10000000000002,0.052230233208717988,512.10000000000002,0.04917452930156066,512.10000000000002,0.052615650670125379,512.10000000000002,0.055249357849495175,512.10000000000002,0.059689436518230284,512.10000000000002,0.060299373532378804,512.10000000000002,0.06126743131320838,512.10000000000002,0.061514034061527771,512.10000000000002,0.07528763256275274,512.10000000000002,0.073561794800064417,512.10000000000002,0.084273585785373376,512.10000000000002,0.083977348829717788,512.10000000000002,0.092178945940676313,512.10000000000002,0.091754236497884931,512.10000000000002,0.095910666904029246,512.10000000000002,0.09458554801081695,512.10000000000002,0.025489263582648792,512.10000000000002,0.026061010655883628,512.10000000000002,0.027067512694658496,512.10000000000002,0.026924671295236645,512.10000000000002,0.026705450013987431,512.10000000000002,0.027142069971092635,512.10000000000002,0.026819172113289765,512.10000000000002,0.028194264303213725,512.10000000000002,0.027935115248001494,512.10000000000002,0.027710002288853286,512.10000000000002,0.028816790010426998,512.10000000000002,0.028100590863236779,512.10000000000002,0.030283987351966298,512.10000000000002,0.029018760119698551,512.10000000000002,0.031025406271458,512.10000000000002,0.030552418978832346,512.10000000000002,0.038008655256309178,512.10000000000002,0.037924052457126385,512.10000000000002,0.041768139162279699,512.10000000000002,0.042253587989454319,512.10000000000002,0.044322414655442809,512.10000000000002,0.045198155353797384,512.10000000000002,0.04600552715682036,512.10000000000002,0.045457643498385096,512.10000000000002,0.059427786678873891,512.10000000000002,0.058601298712308104,512.10000000000002,0.065990988699846556,512.10000000000002,0.066130651136373259,512.10000000000002,0.072990005340657665,512.10000000000002,0.073921441468935173,512.10000000000002,0.074565584123835446,512.10000000000002,0.074196612497138922
512.79999999999995,0.032106592745182808,512.79999999999995,0.031767715300560349,512.79999999999995,0.032474886193128355,512.79999999999995,0.034416130481591686,512.79999999999995,0.036059272822834276,512.79999999999995,0.036935776472283681,512.79999999999995,0.036101319905394065,512.79999999999995,0.036522256978883207,512.79999999999995,0.033436035027932492,512.79999999999995,0.034290625026491356,512.79999999999995,0.037550036875969584,512.79999999999995,0.037434619329789844,512.79999999999995,0.039191653315022501,512.79999999999995,0.039822868187482513,512.79999999999995,0.039769503997016009,512.79999999999995,0.039966345379483389,512.79999999999995,0.052916041470630629,512.79999999999995,0.049810321880589682,512.79999999999995,0.053130218797419526,512.79999999999995,0.055675762739163963,512.79999999999995,0.059999703296796443,512.79999999999995,0.060362105066842996,512.79999999999995,0.062203317989539091,512.79999999999995,0.061556420233463041,512.79999999999995,0.075890363927672261,512.79999999999995,0.074436645388808356,512.79999999999995,0.085195908886684824,512.79999999999995,0.084714868221391446,512.79999999999995,0.093391190458024964,512.79999999999995,0.093280138687554581,512.79999999999995,0.0959954392478998,512.79999999999995,0.094688122546900302,512.79999999999995,0.02590295262073701,512.79999999999995,0.025752439324194874,512.79999999999995,0.027330306960657153,512.79999999999995,0.027029789001636113,512.79999999999995,0.027025889473818059,512.79999999999995,0.027569322584200133,512.79999999999995,0.027571950526860119,512.79999999999995,0.028074735298356263,512.79999999999995,0.027874079160414709,512.79999999999995,0.027793926909285116,512.79999999999995,0.029043979892000034,512.79999999999995,0.028110763544501243,512.79999999999995,0.030249230690979373,512.79999999999995,0.029240015937200648,512.79999999999995,0.030793130049252729,512.79999999999995,0.030392199248917031,512.79999999999995,0.038411323889694218,512.79999999999995,0.038153785509015541,512.79999999999995,0.042460729211701985,512.79999999999995,0.042748658477658248,512.79999999999995,0.044899714317201155,512.79999999999995,0.045555046921492336,512.79999999999995,0.046191178589896832,512.79999999999995,0.046483388859218579,512.79999999999995,0.059966938785890496,512.79999999999995,0.059381204275917032,512.79999999999995,0.066488602358366608,512.79999999999995,0.067032628875155778,512.79999999999995,0.073940303315446376,512.79999999999995,0.074253749056907667,512.79999999999995,0.075144579232471198,512.79999999999995,0.074975670337309161
513.60000000000002,0.032683892406941153,513.60000000000002,0.032739206361316685,513.60000000000002,0.032830930037384611,513.60000000000002,0.034711985961699859,513.60000000000002,0.035490450395462982,513.60000000000002,0.036372040385544618,513.60000000000002,0.036649796970236431,513.60000000000002,0.037053779574951456,513.60000000000002,0.033926866898942892,513.60000000000002,0.034243152513923854,513.60000000000002,0.037812831141968234,513.60000000000002,0.037566864186227879,513.60000000000002,0.039284055169841389,513.60000000000002,0.04021197324584827,513.60000000000002,0.040532455091850828,513.60000000000002,0.040716580622737635,513.60000000000002,0.053704424268626608,513.60000000000002,0.050557166230089101,513.60000000000002,0.053955053703279833,513.60000000000002,0.056915134406551202,513.60000000000002,0.060986453379449482,513.60000000000002,0.06082326661749872,513.60000000000002,0.061905767062553511,513.60000000000002,0.062031993082576738,513.60000000000002,0.077024617888660024,513.60000000000002,0.076360129871230809,513.60000000000002,0.086622627434025934,513.60000000000002,0.085269279350304775,513.60000000000002,0.094992540033739387,513.60000000000002,0.094188050490408015,513.60000000000002,0.096438798606342677,513.60000000000002,0.096311512932021059,513.60000000000002,0.025703737612641251,513.60000000000002,0.025857557030594339,513.60000000000002,0.027156523655722558,513.60000000000002,0.02673562896840535,513.60000000000002,0.027126768563023995,513.60000000000002,0.027439620898078214,513.60000000000002,0.027873740071039224,513.60000000000002,0.027992506124801846,513.60000000000002,0.027933419801124085,513.60000000000002,0.028133016284767255,513.60000000000002,0.02932796724396633,513.60000000000002,0.028738078889143211,513.60000000000002,0.030295855480108169,513.60000000000002,0.030609937014148509,513.60000000000002,0.030899943202529603,513.60000000000002,0.030751633986928106,513.60000000000002,0.038918262506040024,513.60000000000002,0.038436925137543126,513.60000000000002,0.042829488907538814,513.60000000000002,0.04332934903317142,513.60000000000002,0.045303230674024912,513.60000000000002,0.045690682671685197,513.60000000000002,0.046242889719657856,513.60000000000002,0.047422666429304108,513.60000000000002,0.060817205394911963,513.60000000000002,0.060625662283936496,513.60000000000002,0.067108288192060217,513.60000000000002,0.068010053999983056,513.60000000000002,0.07469223400557802,513.60000000000002,0.074524172833854666,513.60000000000002,0.07573713791612624,513.60000000000002,0.075003645210786438
514.29999999999995,0.032744080771089236,514.29999999999995,0.032804481066096999,514.29999999999995,0.03284534133584259,514.29999999999995,0.034901876011969854,514.29999999999995,0.035797326280274322,514.29999999999995,0.036650093673439972,514.29999999999995,0.036972779600383171,514.29999999999995,0.037416605206717357,514.29999999999995,0.034470257623153026,514.29999999999995,0.034383874604748947,514.29999999999995,0.037839958292006814,514.29999999999995,0.037727083916143198,514.29999999999995,0.039476488390427507,514.29999999999995,0.040300136483473636,514.29999999999995,0.040698608885837081,514.29999999999995,0.040720819239931157,514.29999999999995,0.055122665581580667,514.29999999999995,0.050737731322533342,514.29999999999995,0.053943185575137963,514.29999999999995,0.057034663411408656,514.29999999999995,0.061125480023397162,514.29999999999995,0.061253062400922327,514.29999999999995,0.062316912930325617,514.29999999999995,0.062249858006324009,514.29999999999995,0.07818854217000247,514.29999999999995,0.078030145045480379,514.29999999999995,0.087212642947364874,514.29999999999995,0.086424726397260149,514.29999999999995,0.09546811288285309,514.29999999999995,0.09530195908886685,514.29999999999995,0.096671922551986644,514.29999999999995,0.096753176843586544,514.29999999999995,0.025686783143867142,514.29999999999995,0.026107635445012416,514.29999999999995,0.026878470367827201,514.29999999999995,0.027234090350364101,514.29999999999995,0.027693895543517876,514.29999999999995,0.027309071488517588,514.29999999999995,0.028683315955002842,514.29999999999995,0.027724625518170953,514.29999999999995,0.027701143578918813,514.29999999999995,0.028495841916533152,514.29999999999995,0.029588218339648874,514.29999999999995,0.029022913964548213,514.29999999999995,0.030495918211642634,514.29999999999995,0.031188084399345561,514.29999999999995,0.030558310656731348,514.29999999999995,0.031248399922009448,514.29999999999995,0.039131888812593781,514.29999999999995,0.039522858862524692,514.29999999999995,0.042854920610699974,514.29999999999995,0.044021939082593699,514.29999999999995,0.045783889863770848,514.29999999999995,0.046492629044700459,514.29999999999995,0.046882073192441698,514.29999999999995,0.047439620898078218,514.29999999999995,0.061675101514881793,514.29999999999995,0.061765002585556492,514.29999999999995,0.068362071157905449,514.29999999999995,0.068562769682018951,514.29999999999995,0.075666268236650472,514.29999999999995,0.07512266558158065,514.29999999999995,0.076494154946890131,514.29999999999995,0.076184523960903014
515,0.033039088527758706,515,0.032768028958232658,515,0.033183582987886033,515,0.034805235539957444,515,0.035838017005332179,515,0.036265227232267744,515,0.036804930359519511,515,0.037521722913116819,515,0.034832235531480217,515,0.034857752006985238,515,0.037942532828090174,515,0.038115341251070245,515,0.039776582487729202,515,0.0404527267024406,515,0.040838483253223465,515,0.040738621432143969,515,0.055117579240948442,515,0.051420148690691163,515,0.05429159990844587,515,0.056965150089434827,515,0.061220425048532173,515,0.061570110966998132,515,0.061734526927935025,515,0.062668633385044456,515,0.079566940481337375,515,0.079064367640700906,515,0.087742470096555697,515,0.087063062146605294,515,0.095886888261573544,515,0.096159855208836659,515,0.097459457626543927,515,0.097708561159007501,515,0.025410425302849194,515,0.026381450115714251,515,0.027100573908767998,515,0.027197638242499766,515,0.02755317345269279,515,0.027270076210337144,515,0.028924917135033871,515,0.028198502920407247,515,0.027904597204208102,515,0.028436501275823773,515,0.030036664038724015,515,0.029270449208650174,515,0.030712935411951199,515,0.031019387435043195,515,0.030543051634834652,515,0.031239074964183686,515,0.040117791171808109,515,0.040089985843018573,515,0.042952408806151088,515,0.044065172977967672,515,0.04655701363987013,515,0.04682578435611167,515,0.047221162567923844,515,0.04696574349584192,515,0.062599967786509336,515,0.061873511185710793,515,0.069041945355747134,515,0.069093444554648498,515,0.076035875655925997,515,0.075889855293609004,515,0.077418173495078985,515,0.076726219238235721
515.79999999999995,0.032554190720819234,515.79999999999995,0.032872298941193423,515.79999999999995,0.03301319057670625,515.79999999999995,0.034405957800327215,515.79999999999995,0.036703542636250343,515.79999999999995,0.036877283555013012,515.79999999999995,0.036462450090282539,515.79999999999995,0.037218237922060304,515.79999999999995,0.035966489492467987,515.79999999999995,0.0351688665089901,515.79999999999995,0.037449157786763644,515.79999999999995,0.038666361486228734,515.79999999999995,0.039356959385570052,515.79999999999995,0.040870654357722337,515.79999999999995,0.040908844298636012,515.79999999999995,0.040642828683570269,515.79999999999995,0.055856794079499505,515.79999999999995,0.051731263192696025,515.79999999999995,0.05492145842340395,515.79999999999995,0.057024490730144199,515.79999999999995,0.06088133567305002,515.79999999999995,0.061524333901308043,515.79999999999995,0.062271135864635514,515.79999999999995,0.062373625628375,515.79999999999995,0.080122199333689387,515.79999999999995,0.079101667472003936,515.79999999999995,0.087750099607504045,515.79999999999995,0.087334333646991003,515.79999999999995,0.096190373252630065,515.79999999999995,0.096818536320710719,515.79999999999995,0.098106270610276117,515.79999999999995,0.098027305171960691,515.79999999999995,0.025957206920814147,515.79999999999995,0.02662728991293881,515.79999999999995,0.026799632088027599,515.79999999999995,0.027357010248976379,515.79999999999995,0.028107584581606095,515.79999999999995,0.02796097081288201,515.79999999999995,0.028575655078287261,515.79999999999995,0.028371438501903139,515.79999999999995,0.027538380678687385,515.79999999999995,0.028369531124166052,515.79999999999995,0.029814560497783207,515.79999999999995,0.02924416978205031,515.79999999999995,0.031172401515729507,515.79999999999995,0.031024473775675424,515.79999999999995,0.030464213355035057,515.79999999999995,0.03077621796665056,515.79999999999995,0.040075404999872839,515.79999999999995,0.040247662402617769,515.79999999999995,0.04302870391563457,515.79999999999995,0.044086366063935303,515.79999999999995,0.046846935055907361,515.79999999999995,0.046709646245009027,515.79999999999995,0.047056704220815003,515.79999999999995,0.047009825114654596,515.79999999999995,0.063493468290904784,515.79999999999995,0.06321545738918137,515.79999999999995,0.070213499148037942,515.79999999999995,0.069175673728202908,515.79999999999995,0.07591295575731373,515.79999999999995,0.076985113976416331,515.79999999999995,0.077522443478039743,515.79999999999995,0.077863016369539614
516.5,0.032952620737010753,516.5,0.033475878029551639,516.5,0.033470113510168445,516.5,0.034476318845739769,516.5,0.036515348032857754,516.5,0.036350847299576987,516.5,0.03633444385103804,516.5,0.037216542475182891,516.5,0.035819833337571952,516.5,0.035457092478149925,516.5,0.037965421360935218,516.5,0.038580741418919491,516.5,0.039387477429363445,516.5,0.041344531759958628,516.5,0.040421403321380431,516.5,0.04052584284902893,516.5,0.055676228987055265,516.5,0.052230572298093476,516.5,0.05601247848901774,516.5,0.057900189042326827,516.5,0.061706170578910334,516.5,0.062020252112950681,516.5,0.062500868916524677,516.5,0.062125242660834329,516.5,0.081133533396064883,516.5,0.079278841670693365,516.5,0.088546111916448372,516.5,0.088761899917770823,516.5,0.09729241372294703,516.5,0.097184752846231431,516.5,0.098252079041733442,516.5,0.098471512253842319,516.5,0.02612675160855522,516.5,0.026244118918643984,516.5,0.02686490679280791,516.5,0.026713588158999012,516.5,0.027990598747064756,516.5,0.028099997456829687,516.5,0.028445953392165338,516.5,0.02847909937861872,516.5,0.028189432279613097,516.5,0.028600111899493911,516.5,0.030145172638878292,516.5,0.02946881649330723,516.5,0.031185117367310087,516.5,0.031110093842984663,516.5,0.030572721955189338,516.5,0.030887269737120963,516.5,0.040593364020921813,516.5,0.040212905741630847,516.5,0.043382204589574709,516.5,0.044133838576502799,516.5,0.047362350906640212,516.5,0.046273068674075768,516.5,0.046882920915880401,516.5,0.047377737087052722,516.5,0.064840500835007586,516.5,0.063881768012003778,516.5,0.069669260700389091,516.5,0.069883522799521883,516.5,0.07631901528445359,516.5,0.077011393403016201,516.5,0.077850512448818715,516.5,0.077997804396293766
517.20000000000005,0.033013656824597538,517.20000000000005,0.033660681739189409,517.20000000000005,0.033938904571772496,517.20000000000005,0.034913744140111731,517.20000000000005,0.03681374668328205,517.20000000000005,0.036246577316616221,517.20000000000005,0.036118274374168174,517.20000000000005,0.03709447030000932,517.20000000000005,0.036342030975814454,517.20000000000005,0.035596119122097605,517.20000000000005,0.037848435526393873,517.20000000000005,0.038476471435958726,517.20000000000005,0.039248450785415764,517.20000000000005,0.041208896009765773,517.20000000000005,0.040269660825852163,517.20000000000005,0.040706407941473163,517.20000000000005,0.056378991717742001,517.20000000000005,0.053023193713282984,517.20000000000005,0.056171002772055639,517.20000000000005,0.05795868195959749,517.20000000000005,0.061905385587006097,517.20000000000005,0.062166908267846703,517.20000000000005,0.062650915965175524,517.20000000000005,0.06230241685952375,517.20000000000005,0.082101633563066392,517.20000000000005,0.079678967133762282,517.20000000000005,0.088907242101336867,517.20000000000005,0.089019607843137269,517.20000000000005,0.097547578477997346,517.20000000000005,0.096856683875452459,517.20000000000005,0.098194433847901483,517.20000000000005,0.099014902978052433,517.20000000000005,0.026354789213566963,517.20000000000005,0.026686630553648182,517.20000000000005,0.026934420114781747,517.20000000000005,0.026471986978967986,517.20000000000005,0.028116061815993149,517.20000000000005,0.027811771487669862,517.20000000000005,0.027832201622542664,517.20000000000005,0.02873511185710774,517.20000000000005,0.028264879665657879,517.20000000000005,0.028617914091706723,517.20000000000005,0.029563634359926417,517.20000000000005,0.029780778718750799,517.20000000000005,0.031322448564380351,517.20000000000005,0.031651789120317381,517.20000000000005,0.030762612005459336,517.20000000000005,0.030919483227791766,517.20000000000005,0.040548434678670434,517.20000000000005,0.040073879097683167,517.20000000000005,0.043673821452489353,517.20000000000005,0.043997355102871241,517.20000000000005,0.047121597450047889,517.20000000000005,0.045877181828200359,517.20000000000005,0.046348007426057318,517.20000000000005,0.047446402685587856,517.20000000000005,0.065545806736010445,517.20000000000005,0.065238973237371073,517.20000000000005,0.069956638946110219,517.20000000000005,0.06995303612149574,517.20000000000005,0.07684969015708315,517.20000000000005,0.076793528479268916,517.20000000000005,0.078372710087061204,517.20000000000005,0.077384052626671071
518,0.033374787009486026,518,0.033619143290692849,518,0.03465183998372371,518,0.035316412773496779,518,0.036721344828463162,518,0.036355933640209219,518,0.036563329179488478,518,0.037540372828768348,518,0.035636725074811595,518,0.036170027890101132,518,0.038263820011359494,518,0.038110254910438013,518,0.039666378440697501,518,0.040583276112001222,518,0.04031204699778744,518,0.040320693776862225,518,0.056459525444419019,518,0.054170163525851335,518,0.056292227223790514,518,0.058088383645719409,518,0.062511507845680422,518,0.062453438790129108,518,0.062924730635877349,518,0.062794096453972853,518,0.082751837440553394,518,0.081097208446716348,518,0.08969308172901673,518,0.090028398735196635,518,0.097845129404982925,518,0.096888049642684576,518,0.098042691352373201,518,0.098895373973194992,518,0.026587913159210937,518,0.025995735951103313,518,0.026639412358112284,518,0.026658486135483158,518,0.028104193687851272,518,0.027357391724523793,518,0.028239108873121237,518,0.02839941337538042,518,0.028854047455558099,518,0.028726422691861004,518,0.029675533853835527,518,0.02993082576740165,518,0.030783296457363749,518,0.03091511745208244,518,0.030556615209853935,518,0.031543407678678914,518,0.040978230462094048,518,0.040863109619117863,518,0.044154480642235289,518,0.043398014631706554,518,0.046756228647965879,518,0.046206098522418047,518,0.046895636767460981,518,0.047554063562303441,518,0.066595288353127668,518,0.064880386222798694,518,0.070018522757135701,518,0.070743114366369125,518,0.077198104490391051,518,0.076899493909107081,518,0.078510041284131471,518,0.077322168815645589
518.70000000000005,0.033733374024058391,518.70000000000005,0.033337699109042662,518.70000000000005,0.035251180454888405,518.70000000000005,0.035772487983520264,518.70000000000005,0.036500936734399768,518.70000000000005,0.036971380856709306,518.70000000000005,0.037166908267846702,518.70000000000005,0.037653967769554861,518.70000000000005,0.036211481566253825,518.70000000000005,0.036699855039291976,518.70000000000005,0.038651229622847838,518.70000000000005,0.037931385264871192,518.70000000000005,0.039523960902994995,518.70000000000005,0.040072098878461894,518.70000000000005,0.040822376507888065,518.70000000000005,0.040880191246407765,518.70000000000005,0.056887625780965213,518.70000000000005,0.055459550876122185,518.70000000000005,0.056072666853165823,518.70000000000005,0.058006154472164992,518.70000000000005,0.062868399413375381,518.70000000000005,0.06255770877308986,518.70000000000005,0.062832328781058461,518.70000000000005,0.062872087010333741,518.70000000000005,0.084030204386121063,518.70000000000005,0.082479845375244776,518.70000000000005,0.090312767562710339,518.70000000000005,0.09056670311877453,518.70000000000005,0.097623873587480828,518.70000000000005,0.097660325695345135,518.70000000000005,0.098522502818680455,518.70000000000005,0.098696158965099229,518.70000000000005,0.026533658859133794,518.70000000000005,0.026210209981095769,518.70000000000005,0.026998847096123359,518.70000000000005,0.027065393386061735,518.70000000000005,0.028366140230411226,518.70000000000005,0.027754974017276605,518.70000000000005,0.02786187194289735,518.70000000000005,0.028383306630045017,518.70000000000005,0.028566669209836984,518.70000000000005,0.028829844951383063,518.70000000000005,0.029539050380203966,518.70000000000005,0.030219899460000178,518.70000000000005,0.030738367115112363,518.70000000000005,0.031241490975983999,518.70000000000005,0.030710053152259605,518.70000000000005,0.031413705992556988,518.70000000000005,0.041465671439349615,518.70000000000005,0.040954663750498041,518.70000000000005,0.044773318752490195,518.70000000000005,0.043882064715207315,518.70000000000005,0.046467154955367358,518.70000000000005,0.04648839042750693,518.70000000000005,0.046938022939396251,518.70000000000005,0.047439620898078211,518.70000000000005,0.066496952434237866,518.70000000000005,0.065232191449861407,518.70000000000005,0.070998491052279109,518.70000000000005,0.071062706102761039,518.70000000000005,0.07756686418622788,518.70000000000005,0.077413214312962525,518.70000000000005,0.078855912447123241,518.70000000000005,0.076785559878945087
519.39999999999998,0.034021599993218216,519.39999999999998,0.033774276679975929,519.39999999999998,0.035035858701457243,519.39999999999998,0.035932707713435576,519.39999999999998,0.036222035723065704,519.39999999999998,0.037962369556555867,519.39999999999998,0.037879843679797909,519.39999999999998,0.037714156133702943,519.39999999999998,0.036617541093393699,519.39999999999998,0.037723904953248046,519.39999999999998,0.038813144799640563,519.39999999999998,0.038064477844747924,519.39999999999998,0.039497681476395138,519.39999999999998,0.04061972821986555,519.39999999999998,0.040985139408119493,519.39999999999998,0.040487695294287189,519.39999999999998,0.057503072997465307,519.39999999999998,0.055715563354611204,519.39999999999998,0.056582996363266448,519.39999999999998,0.058900502699999149,519.39999999999998,0.063483846629875468,519.39999999999998,0.062648415181031342,519.39999999999998,0.063398608038113646,519.39999999999998,0.063304425964073485,519.39999999999998,0.084673626476098426,519.39999999999998,0.083943863753888931,519.39999999999998,0.090697634003882574,519.39999999999998,0.091779795359561905,519.39999999999998,0.09870302552495272,519.39999999999998,0.09845125166365723,519.39999999999998,0.098847180895704601,519.39999999999998,0.098425735188152216,519.39999999999998,0.027329671168078124,519.39999999999998,0.026171214702915321,519.39999999999998,0.026955613200749382,519.39999999999998,0.027479930147588649,519.39999999999998,0.028436501275823773,519.39999999999998,0.027978773005094822,519.39999999999998,0.028072107355696277,519.39999999999998,0.028062867170214393,519.39999999999998,0.029556810186244842,519.39999999999998,0.029387646974051187,519.39999999999998,0.030437637225231646,519.39999999999998,0.030411484957147586,519.39999999999998,0.030656137941557946,519.39999999999998,0.031455965005976451,519.39999999999998,0.031240728024889163,519.39999999999998,0.031581555233420655,519.39999999999998,0.042249815620152079,519.39999999999998,0.041809168976713038,519.39999999999998,0.044785186880632065,519.39999999999998,0.04446275527072048,519.39999999999998,0.046929164229461778,519.39999999999998,0.046837652484253534,519.39999999999998,0.047468697812025798,519.39999999999998,0.04776768986885719,519.39999999999998,0.067394691555826836,519.39999999999998,0.065965472224341529,519.39999999999998,0.071997956986512721,519.39999999999998,0.07251739952357944,519.39999999999998,0.07743801022354467,519.39999999999998,0.077732806049354453,519.39999999999998,0.077599586310961921,519.39999999999998,0.077422200181412812
520.20000000000005,0.034345430346803665,520.20000000000005,0.034514339241965702,520.20000000000005,0.034795952968303623,520.20000000000005,0.036228563193543742,520.20000000000005,0.036395819028000299,520.20000000000005,0.037485948984003453,520.20000000000005,0.037902732212642953,520.20000000000005,0.037165679068860577,520.20000000000005,0.037417792019531548,520.20000000000005,0.037665412035977383,520.20000000000005,0.038513898425777571,520.20000000000005,0.038298449513830601,520.20000000000005,0.039651967142239515,520.20000000000005,0.040562083026033584,520.20000000000005,0.040653679543585695,520.20000000000005,0.04118452396090299,520.20000000000005,0.057907437077727761,520.20000000000005,0.05581729016725584,520.20000000000005,0.05709078270305095,520.20000000000005,0.058905589040631381,520.20000000000005,0.063343124539050374,520.20000000000005,0.063016327153429474,520.20000000000005,0.063302815289539932,520.20000000000005,0.062796639624288969,520.20000000000005,0.086081695107788028,520.20000000000005,0.084933157006858079,520.20000000000005,0.091330035689156777,520.20000000000005,0.09206632588184431,520.20000000000005,0.09903024677229301,520.20000000000005,0.098207955036748812,520.20000000000005,0.09882090146910473,520.20000000000005,0.098357917313055793,520.20000000000005,0.026950738790976828,520.20000000000005,0.027059628866678537,520.20000000000005,0.027661766825190951,520.20000000000005,0.02698570738282343,520.20000000000005,0.028079609708128818,520.20000000000005,0.027712587845341335,520.20000000000005,0.027583818655001993,520.20000000000005,0.028446038164509208,520.20000000000005,0.029458474267355018,520.20000000000005,0.029597882386850113,520.20000000000005,0.03036388528606428,520.20000000000005,0.030695472309113885,520.20000000000005,0.030996922763917498,520.20000000000005,0.03200528979425752,520.20000000000005,0.031302611835914658,520.20000000000005,0.031669718471046014,520.20000000000005,0.042460051032951009,520.20000000000005,0.041696421759365214,520.20000000000005,0.044315548095589297,520.20000000000005,0.045407119181438249,520.20000000000005,0.047318269287827536,520.20000000000005,0.046880886379627514,520.20000000000005,0.047018556666073255,520.20000000000005,0.047111551927299239,520.20000000000005,0.068066088519281476,520.20000000000005,0.067326916066902345,520.20000000000005,0.072974534387901288,520.20000000000005,0.072539440332985775,520.20000000000005,0.077853394708510298,520.20000000000005,0.077913371141798707,520.20000000000005,0.077955630155218156,520.20000000000005,0.076812687028983667
520.89999999999998,0.034665022083195579,520.89999999999998,0.034788153912667534,520.89999999999998,0.034133880962674737,520.89999999999998,0.035722472300636646,520.89999999999998,0.036526368437560928,520.89999999999998,0.037758915931266575,520.89999999999998,0.037473784152658035,520.89999999999998,0.036562099980502367,520.89999999999998,0.037774683587226507,520.89999999999998,0.037473826538829969,520.89999999999998,0.037869628612361504,520.89999999999998,0.038845231131795561,520.89999999999998,0.040241134932139745,520.89999999999998,0.040713825521561837,520.89999999999998,0.040114527436569083,520.89999999999998,0.040490238464603312,520.89999999999998,0.058107499809262234,520.89999999999998,0.055472266727702758,520.89999999999998,0.057311190797114345,520.89999999999998,0.058899654976560446,520.89999999999998,0.062696311555318199,520.89999999999998,0.063055322431609911,520.89999999999998,0.063062909556386326,520.89999999999998,0.062705933216347501,520.89999999999998,0.086439434398921697,520.89999999999998,0.085110331205547507,520.89999999999998,0.091247806515602353,520.89999999999998,0.09170604342039454,520.89999999999998,0.098885286064274394,520.89999999999998,0.098046887583394776,520.89999999999998,0.098196129294778875,520.89999999999998,0.098003568915676936,520.89999999999998,0.027495824962064375,520.89999999999998,0.027260539321651702,520.89999999999998,0.027439663284250144,520.89999999999998,0.027254435712893026,520.89999999999998,0.027987207853309933,520.89999999999998,0.027273467104091963,520.89999999999998,0.02759738223002128,520.89999999999998,0.028456210845773672,520.89999999999998,0.029760263811534123,520.89999999999998,0.029395276484999535,520.89999999999998,0.030251138068716463,520.89999999999998,0.030270762866322496,520.89999999999998,0.030609513152429154,520.89999999999998,0.031443249154395878,520.89999999999998,0.031278875579630896,520.89999999999998,0.031669718471046007,520.89999999999998,0.042683002297330519,520.89999999999998,0.042450895619812988,520.89999999999998,0.044318091265905406,520.89999999999998,0.045027339080898253,520.89999999999998,0.047312335223756601,520.89999999999998,0.047005501725117194,520.89999999999998,0.046993972686350804,520.89999999999998,0.046715665081423843,520.89999999999998,0.068941786831464125,520.89999999999998,0.068226350635368735,520.89999999999998,0.072855005383043833,520.89999999999998,0.072814102727126323,520.89999999999998,0.077945796563329187,520.89999999999998,0.077874375863618256,520.89999999999998,0.076881564558378482,520.89999999999998,0.077091588040317724
521.60000000000002,0.035255885319973215,521.60000000000002,0.034621152395242577,521.60000000000002,0.034762891754194114,521.60000000000002,0.03533760585946441,521.60000000000002,0.036342412451361855,521.60000000000002,0.037175682205437294,521.60000000000002,0.03722879207887219,521.60000000000002,0.036022947873485756,521.60000000000002,0.03759581394165968,521.60000000000002,0.03643027898578368,521.60000000000002,0.038358765036494498,521.60000000000002,0.03830777447165637,521.60000000000002,0.040187728355501308,521.60000000000002,0.040246729906835199,521.60000000000002,0.040000084772343861,521.60000000000002,0.040463111314564738,521.60000000000002,0.057819273840102416,521.60000000000002,0.055864762679823342,521.60000000000002,0.057627391639751446,521.60000000000002,0.059021727151734024,521.60000000000002,0.062188525215533676,521.60000000000002,0.063224019395912281,521.60000000000002,0.063208717987843652,521.60000000000002,0.061750548900926551,521.60000000000002,0.087080313318582944,521.60000000000002,0.08563083339691259,521.60000000000002,0.09176661326009003,521.60000000000002,0.09171791154853641,521.60000000000002,0.097625569034358234,521.60000000000002,0.098024846773988455,521.60000000000002,0.097852801302103207,521.60000000000002,0.096931198765714668,521.60000000000002,0.027063486008324644,521.60000000000002,0.026962988394666123,521.60000000000002,0.027154828208845145,521.60000000000002,0.027439239422530799,521.60000000000002,0.027940583064181138,521.60000000000002,0.027220908250892229,521.60000000000002,0.027477005501725115,521.60000000000002,0.028259539007994033,521.60000000000002,0.028973576460415557,521.60000000000002,0.029458008019463727,521.60000000000002,0.029890007883827983,521.60000000000002,0.030301280910115889,521.60000000000002,0.031150360706323169,521.60000000000002,0.030797283894102391,521.60000000000002,0.030670210150640458,521.60000000000002,0.031452701270737439,521.60000000000002,0.042137916126242972,521.60000000000002,0.042701821757669782,521.60000000000002,0.044798750455651348,521.60000000000002,0.044943414460466416,521.60000000000002,0.046875757652823334,521.60000000000002,0.047548044725888632,521.60000000000002,0.046594694946720583,521.60000000000002,0.046565618032772996,521.60000000000002,0.068782414824987509,521.60000000000002,0.06851203343421243,521.60000000000002,0.072299746530691822,521.60000000000002,0.072547917567372819,521.60000000000002,0.077604164017530911,521.60000000000002,0.077848096437018385,521.60000000000002,0.076943448369403977,521.60000000000002,0.076756737282029128
522.29999999999995,0.03532031230131482,522.29999999999995,0.034324449191695708,522.29999999999995,0.035091808448411789,522.29999999999995,0.034934937226079363,522.29999999999995,0.036191517679272305,522.29999999999995,0.037895399404898146,522.29999999999995,0.03721692395073032,522.29999999999995,0.035842382781041522,522.29999999999995,0.037703474818375257,522.29999999999995,0.036570153353170057,522.29999999999995,0.038575782236803066,522.29999999999995,0.038773174639505609,522.29999999999995,0.039898654662902773,522.29999999999995,0.04044001085086002,522.29999999999995,0.039964480387918236,522.29999999999995,0.039639971855581831,522.29999999999995,0.057844705543263569,522.29999999999995,0.056496316641658835,522.29999999999995,0.057929181183930555,522.29999999999995,0.059284521417732682,522.29999999999995,0.06205967125285046,522.29999999999995,0.062721319396759997,522.29999999999995,0.06262887515576919,522.29999999999995,0.061860752947958259,522.29999999999995,0.087323609945491362,522.29999999999995,0.085350236938701127,522.29999999999995,0.091664038724006677,522.29999999999995,0.091724693336046048,522.29999999999995,0.097561989776455318,522.29999999999995,0.098532633113772958,522.29999999999995,0.097494214287530842,522.29999999999995,0.095977509897171145,522.29999999999995,0.027427159363529241,522.29999999999995,0.02720119868094233,522.29999999999995,0.026981892627349253,522.29999999999995,0.027486711935098298,522.29999999999995,0.027964319320464889,522.29999999999995,0.027302289701007943,522.29999999999995,0.027764383747446233,522.29999999999995,0.027697498368132376,522.29999999999995,0.029299102260878413,522.29999999999995,0.028940896721853463,522.29999999999995,0.029903571458847266,522.29999999999995,0.030185990522451956,522.29999999999995,0.031199528665768077,522.29999999999995,0.031035494180378594,522.29999999999995,0.030835516221188002,522.29999999999995,0.030931351355933639,522.29999999999995,0.042795749514678329,522.29999999999995,0.043344396124208442,522.29999999999995,0.045297211837610096,522.29999999999995,0.044447496248823784,522.29999999999995,0.046608724769631148,522.29999999999995,0.047129269347168185,522.29999999999995,0.046505683985656521,522.29999999999995,0.047188694760221431,522.29999999999995,0.068979086662767142,522.29999999999995,0.068729050634521005,522.29999999999995,0.071954723091138748,522.29999999999995,0.07301755635241558,522.29999999999995,0.077222688470113501,522.29999999999995,0.077206369793918428,522.29999999999995,0.075919398455447915,522.29999999999995,0.076375261734611719
523.10000000000002,0.035275382959063427,523.10000000000002,0.034309190169799011,523.10000000000002,0.035029076913947597,523.10000000000002,0.034957825758924407,523.10000000000002,0.035713401659842492,523.10000000000002,0.037075650839670057,523.10000000000002,0.036798148572009866,523.10000000000002,0.035610954282274954,523.10000000000002,0.036969346320456412,523.10000000000002,0.036265820638674832,523.10000000000002,0.038491857616371243,523.10000000000002,0.038049218822851227,523.10000000000002,0.039093317396132685,523.10000000000002,0.040401863296118279,523.10000000000002,0.03972372693132592,523.10000000000002,0.039745089561981292,523.10000000000002,0.058034595593533578,523.10000000000002,0.056496316641658835,523.10000000000002,0.058681111874062206,523.10000000000002,0.058638556157439195,523.10000000000002,0.061662936683536354,523.10000000000002,0.062283046378949339,523.10000000000002,0.061712486118528698,523.10000000000002,0.061307189542483653,523.10000000000002,0.087110831362376337,523.10000000000002,0.086070801861600682,523.10000000000002,0.091462280545594826,523.10000000000002,0.091309308851080434,523.10000000000002,0.097127107652399472,523.10000000000002,0.097467892474759038,523.10000000000002,0.0965066164814391,523.10000000000002,0.094966175834795663,523.10000000000002,0.027099938116188976,523.10000000000002,0.026897713689885812,523.10000000000002,0.027181955358883719,523.10000000000002,0.027197638242499773,523.10000000000002,0.027555716623008909,523.10000000000002,0.027459118537168436,523.10000000000002,0.027697413595788516,523.10000000000002,0.027531344574146129,523.10000000000002,0.029129557573137344,523.10000000000002,0.029174868390936144,523.10000000000002,0.03054360265506981,523.10000000000002,0.029881657807956735,523.10000000000002,0.031091020065613793,523.10000000000002,0.030554834990632659,523.10000000000002,0.030225155345320144,523.10000000000002,0.030601586938277258,523.10000000000002,0.042890694539813333,523.10000000000002,0.043358807422666429,523.10000000000002,0.045065783338843535,523.10000000000002,0.044191483770334772,523.10000000000002,0.045856794079499504,523.10000000000002,0.047008044895433324,523.10000000000002,0.045769860040860262,523.10000000000002,0.047039495435009286,523.10000000000002,0.069260530844417315,523.10000000000002,0.068634953332824711,523.10000000000002,0.071925900494222761,523.10000000000002,0.072907352305383893,523.10000000000002,0.076103693531022434,523.10000000000002,0.077208065240795834,523.10000000000002,0.075559963717436826,523.10000000000002,0.075669108110170136
523.79999999999995,0.035071081610335439,523.79999999999995,0.034924637386299091,523.79999999999995,0.034611149258665853,523.79999999999995,0.035099395573188204,523.79999999999995,0.036041470630621464,523.79999999999995,0.037120580181921443,523.79999999999995,0.036391241321431296,523.79999999999995,0.036079745343879019,523.79999999999995,0.036980366725159579,523.79999999999995,0.036606605461034392,523.79999999999995,0.037826394716987531,523.79999999999995,0.038372201452997974,523.79999999999995,0.03926710070106728,523.79999999999995,0.040336588591337964,523.79999999999995,0.039566050371726717,523.79999999999995,0.03952976780855013,523.79999999999995,0.058548315997389022,523.79999999999995,0.056748938226393035,523.79999999999995,0.058773513728881094,523.79999999999995,0.05842238668056933,523.79999999999995,0.061542559955240196,523.79999999999995,0.06204059747547961,523.79999999999995,0.060395123894780571,523.79999999999995,0.061309732712799769,523.79999999999995,0.087712715003857161,523.79999999999995,0.086314946211947824,523.79999999999995,0.091030789315293806,523.79999999999995,0.09122368878377117,523.79999999999995,0.097331409001127481,523.79999999999995,0.096472665157718934,523.79999999999995,0.095696192874036787,523.79999999999995,0.094777133507964351,523.79999999999995,0.026734569314106966,523.79999999999995,0.02715966023244577,523.79999999999995,0.027214168849554521,523.79999999999995,0.026883980570178788,523.79999999999995,0.027800708696794758,523.79999999999995,0.02714630858828616,523.79999999999995,0.027509218992395924,523.79999999999995,0.027004908318710105,523.79999999999995,0.028985444588557431,523.79999999999995,0.028909530954621371,523.79999999999995,0.030482566567483028,523.79999999999995,0.029906241787679193,523.79999999999995,0.03104778617023982,523.79999999999995,0.030953265006824181,523.79999999999995,0.030301450454803626,523.79999999999995,0.030194679687698685,523.79999999999995,0.043479014606274846,523.79999999999995,0.043471554640014239,523.79999999999995,0.044785186880632065,523.79999999999995,0.04379135830726584,523.79999999999995,0.045420216508566251,523.79999999999995,0.046500258555648807,523.79999999999995,0.04577748955180861,523.79999999999995,0.04629519425582599,523.79999999999995,0.070663513135474684,523.79999999999995,0.06869429397353409,523.79999999999995,0.072365868958910826,523.79999999999995,0.072281732407619342,523.79999999999995,0.076363096903266273,523.79999999999995,0.076541754617973426,523.79999999999995,0.075493841289217808,523.79999999999995,0.075187601196985504
524.5,0.034859998474097806,524.5,0.034675406695319724,524.5,0.034361918567686479,524.5,0.034805235539957444,524.5,0.035370073667166824,524.5,0.036660266354704436,524.5,0.03574612378457652,524.5,0.035963607232776376,524.5,0.036832862846824861,524.5,0.036420106304519202,524.5,0.038084950365792666,524.5,0.037740647491162488,524.5,0.039145028525893709,524.5,0.040537499046311133,524.5,0.039111670608580652,524.5,0.0392076329018421,524.5,0.058388096267473703,524.5,0.055973271279977629,524.5,0.058893042733738556,524.5,0.058358807422666428,524.5,0.061312826903351048,524.5,0.062091460881801917,524.5,0.059480430304417485,524.5,0.060545933894526248,524.5,0.087995854632384726,524.5,0.086780346379797063,524.5,0.090591668574044409,524.5,0.090916812898959851,524.5,0.096137814399430324,524.5,0.09528500462009272,524.5,0.093719301814975911,524.5,0.094254088146283152,524.5,0.026515856666920981,524.5,0.026590837805074475,524.5,0.027042928714936038,524.5,0.027533336724227093,524.5,0.027878699253155646,524.5,0.027373498469859196,524.5,0.027092986783991593,524.5,0.026805693310614342,524.5,0.028798945432042256,524.5,0.029522435000805342,524.5,0.030353712604799812,524.5,0.029626493052906423,524.5,0.031110517704704018,524.5,0.030019921500809579,524.5,0.02994794978086349,524.5,0.029988682892093284,524.5,0.04327979959817909,524.5,0.04292053440485577,524.5,0.044784339157193362,524.5,0.043855785288607445,524.5,0.045253214991141287,524.5,0.045891593126658359,524.5,0.045404491238778266,524.5,0.045912023261531168,524.5,0.070545679577494649,524.5,0.068968956367674625,524.5,0.071604613310953441,524.5,0.071668828361435358,524.5,0.075849376499410828,524.5,0.076050075023524316,524.5,0.07449013673779066,524.5,0.074525529191356618
525.29999999999995,0.034982070649271377,525.29999999999995,0.035086552563091809,525.29999999999995,0.034641667302459246,525.29999999999995,0.035217229131168253,525.29999999999995,0.035757483278655175,525.29999999999995,0.036446640048150687,525.29999999999995,0.035958054644252856,525.29999999999995,0.036020404703169639,525.29999999999995,0.037470350872731283,525.29999999999995,0.037151691632121932,525.29999999999995,0.038385044463094369,525.29999999999995,0.037784729109975171,525.29999999999995,0.039788450615871072,525.29999999999995,0.040386604274221576,525.29999999999995,0.039533836881055925,525.29999999999995,0.038889736612327593,525.29999999999995,0.058481345845731295,525.29999999999995,0.05703462102523673,525.29999999999995,0.058484440036282566,525.29999999999995,0.058897959529683033,525.29999999999995,0.061378101608131362,525.29999999999995,0.061801539465764686,525.29999999999995,0.059371073980824494,525.29999999999995,0.060091554131380183,525.29999999999995,0.089184362893449637,525.29999999999995,0.087470393258903226,525.29999999999995,0.090433144291006518,525.29999999999995,0.091158414078990863,525.29999999999995,0.095914015411612111,525.29999999999995,0.095919949475683053,525.29999999999995,0.093430228122377362,525.29999999999995,0.093984512092774863,525.29999999999995,0.026286971338470536,525.29999999999995,0.026621355848867868,525.29999999999995,0.026996303925807243,525.29999999999995,0.027852928460619011,525.29999999999995,0.028259327077134352,525.29999999999995,0.027461661707484552,525.29999999999995,0.027496503140815344,525.29999999999995,0.027208361943999393,525.29999999999995,0.028939667522867338,525.29999999999995,0.029527521341437567,525.29999999999995,0.030005298271491909,525.29999999999995,0.029613777201325842,525.29999999999995,0.031180031026677855,525.29999999999995,0.03038189940913677,525.29999999999995,0.030237023473462018,525.29999999999995,0.029937819485770963,525.29999999999995,0.043553614268880922,525.29999999999995,0.043068038283190495,525.29999999999995,0.044733475750871041,525.29999999999995,0.043991421038800306,525.29999999999995,0.045638081432313515,525.29999999999995,0.045844120614090864,525.29999999999995,0.045579122267151564,525.29999999999995,0.04545425260463027,525.29999999999995,0.071422225613115981,525.29999999999995,0.070376177275925503,525.29999999999995,0.072098836075718639,525.29999999999995,0.071154260234141203,525.29999999999995,0.076074023210667738,525.29999999999995,0.075742351415274287,525.29999999999995,0.074206997109263081,525.29999999999995,0.074217805583106575
526,0.034788789705246556,526,0.03493311462068615,526,0.034589956172698222,526,0.034880682926002222,526,0.035431957478192312,526,0.036837440553393858,526,0.035667285504776922,526,0.03554313640717853,526,0.037883192187380794,526,0.037319540872985592,526,0.038474903147597134,526,0.037443944287615612,526,0.039536676754575589,526,0.040188236989564523,526,0.039635563693700561,526,0.037674948924662811,526,0.058324517009570795,526,0.057169409051990888,526,0.058564126039520867,526,0.058754694268541824,526,0.061159388960945367,526,0.061444647898069728,526,0.05905317769130998,526,0.059484584149267147,526,0.089378491560913154,526,0.088457143341556257,526,0.090575561828709017,526,0.091071098564804207,526,0.095634266676839344,526,0.095330781685782809,526,0.092593525088375178,526,0.093178327102566058,526,0.026748132889126253,526,0.026545908462823092,526,0.027285377618405771,526,0.028086900129701688,526,0.02799992370489051,526,0.027348066766698036,526,0.027259140577977847,526,0.027374515737985643,526,0.029804345430346806,526,0.029999703296796458,526,0.030201970109271555,526,0.029704483609267317,526,0.030467095614726648,526,0.029335808685774359,526,0.029645312513245679,526,0.030108211896950739,526,0.044204665869806641,526,0.042926468468926705,526,0.04475043021964515,526,0.044401719183133695,526,0.045616888346345884,526,0.045015894814475731,526,0.045251053296372593,526,0.045756042148809371,526,0.071098395259530531,526,0.071420572552410508,526,0.071773310275255797,526,0.071215296321727989,526,0.075427210226935548,526,0.075883073506099352,526,0.073442350567550843,526,0.073715105583954291
526.70000000000005,0.035580563396997368,526.70000000000005,0.035177258971033291,526.70000000000005,0.035157930876630814,526.70000000000005,0.035390164712664138,526.70000000000005,0.035665929147274997,526.70000000000005,0.036458508176292558,526.70000000000005,0.035794444020582725,526.70000000000005,0.035505836575875485,526.70000000000005,0.037653459135491646,526.70000000000005,0.037556903435823095,526.70000000000005,0.038247713266024087,526.70000000000005,0.037637225231640439,526.70000000000005,0.039576519756194736,526.70000000000005,0.039396463297813718,526.70000000000005,0.03910573654450971,526.70000000000005,0.037531683663521602,526.70000000000005,0.059035756974644589,526.70000000000005,0.057545798258776072,526.70000000000005,0.058324220306367254,526.70000000000005,0.058474945533769057,526.70000000000005,0.060990691996643011,526.70000000000005,0.060976704559904372,526.70000000000005,0.059491450709120659,526.70000000000005,0.059243830692674831,526.70000000000005,0.090196544679263843,526.70000000000005,0.089192119562913799,526.70000000000005,0.09060607987250241,526.70000000000005,0.090994803455320725,526.70000000000005,0.094749243406830955,526.70000000000005,0.094540703440909424,526.70000000000005,0.092345142120834514,526.70000000000005,0.092729033680052211,526.70000000000005,0.026810864423590448,526.70000000000005,0.026751905258428493,526.70000000000005,0.02717602129481278,526.70000000000005,0.027351923908344143,526.70000000000005,0.027968557937658418,526.70000000000005,0.027096292905402542,526.70000000000005,0.02737358324220307,526.70000000000005,0.027755991285403053,526.70000000000005,0.030320609004518367,526.70000000000005,0.03015822757983436,526.70000000000005,0.030383382925154502,526.70000000000005,0.029936759831472589,526.70000000000005,0.029874536931071605,526.70000000000005,0.029878351686545783,526.70000000000005,0.029338436628434338,526.70000000000005,0.030037003128099492,526.70000000000005,0.04458614141722405,526.70000000000005,0.04383014165458661,526.70000000000005,0.044552910658426793,526.70000000000005,0.044458516653526958,526.70000000000005,0.046129761026762625,526.70000000000005,0.045342268338377296,526.70000000000005,0.045240880615108128,526.70000000000005,0.045753498978493262,526.70000000000005,0.071774878563617403,526.70000000000005,0.071641828369912605,526.70000000000005,0.072197171994608483,526.70000000000005,0.071640853487958095,526.70000000000005,0.075115248001491997,526.70000000000005,0.076406118867780565,526.70000000000005,0.074107813466934555,526.70000000000005,0.073224273712943891
527.5,0.035299966938785891,527.5,0.034958546323847303,527.5,0.034968888549799508,527.5,0.035220620024923072,527.5,0.035114908912116508,527.5,0.036654332290633501,527.5,0.03605215194594915,527.5,0.035083670303400219,527.5,0.038173113603418025,527.5,0.037539948967048986,527.5,0.038145986453379445,527.5,0.038294210896637086,527.5,0.039080601544552097,527.5,0.039731314056102335,527.5,0.038445359985758244,527.5,0.037515576918186209,527.5,0.05858476810525335,527.5,0.057225358798945435,527.5,0.058437815247153774,527.5,0.058627535752736021,527.5,0.060124318642286137,527.5,0.060566406415570984,527.5,0.05860557971567356,527.5,0.059041224790824243,527.5,0.09005582258843875,527.5,0.08948543187270587,527.5,0.090623034341276526,527.5,0.090423437857633335,527.5,0.093875240541525726,527.5,0.093720954875681342,527.5,0.09118376100980817,527.5,0.092028814119681598,527.5,0.027043140645795716,527.5,0.026837525325737736,527.5,0.026645346422183226,527.5,0.026757669777811691,527.5,0.027497223705738236,527.5,0.026824173681578127,527.5,0.026894619499334544,527.5,0.027689021133745328,527.5,0.030141739358951532,527.5,0.030372701609826816,527.5,0.029827276349363784,527.5,0.030146147520832813,527.5,0.029955918381187316,527.5,0.02952739418292177,527.5,0.02925875062519603,527.5,0.030332858608207662,527.5,0.044997287284996142,527.5,0.043738587523206432,527.5,0.04423247119859617,527.5,0.043945643973110217,527.5,0.045902571145189593,527.5,0.044754795995354472,527.5,0.044823800683265094,527.5,0.045933216347498793,527.5,0.072264862711189121,527.5,0.071468892788416699,527.5,0.071831803192526467,527.5,0.07192484083992437,527.5,0.074727838390003631,527.5,0.075118426964387142,527.5,0.073731424260149378,527.5,0.071826377762518753
528.20000000000005,0.035417800496765933,528.20000000000005,0.035070445817756417,528.20000000000005,0.035437679611403573,528.20000000000005,0.035171452065478163,528.20000000000005,0.035575222739333515,528.20000000000005,0.035736247806515603,528.20000000000005,0.036112340310097232,528.20000000000005,0.035343073675644057,528.20000000000005,0.038445232827242444,528.20000000000005,0.037757813890796264,528.20000000000005,0.038581716300874008,528.20000000000005,0.038241652043437345,528.20000000000005,0.039052626671074821,528.20000000000005,0.040323025016318681,528.20000000000005,0.03800115290387663,528.20000000000005,0.038660851283877147,528.20000000000005,0.058982350398006152,528.20000000000005,0.057439832828937901,528.20000000000005,0.058419165331502251,528.20000000000005,0.058251146545950844,528.20000000000005,0.059632639047837027,528.20000000000005,0.059915354814645265,528.20000000000005,0.058431796410738965,528.20000000000005,0.058408823105550053,528.20000000000005,0.090272839788747325,528.20000000000005,0.09021362630655376,528.20000000000005,0.089963505505963742,528.20000000000005,0.090046200927409462,528.20000000000005,0.092324754372133624,528.20000000000005,0.093403906309605544,528.20000000000005,0.090242787992845214,528.20000000000005,0.091466773479819949,528.20000000000005,0.027031272517653842,528.20000000000005,0.026879063774234293,528.20000000000005,0.026531751481396706,528.20000000000005,0.026942473487449457,528.20000000000005,0.027405669574358058,528.20000000000005,0.027675288014038301,528.20000000000005,0.026880208200876551,528.20000000000005,0.027833981841763944,528.20000000000005,0.029986605969668456,528.20000000000005,0.030571068894483869,528.20000000000005,0.030042598102794939,528.20000000000005,0.029934216661156469,528.20000000000005,0.030534065766384375,528.20000000000005,0.030070784907131901,528.20000000000005,0.029611403575697463,528.20000000000005,0.030279452031569225,528.20000000000005,0.044676000101726815,528.20000000000005,0.044483736425828438,528.20000000000005,0.044279095987724969,528.20000000000005,0.043570102489763743,528.20000000000005,0.046233183286284681,528.20000000000005,0.045386349957189966,528.20000000000005,0.044433000178021917,528.20000000000005,0.045277926129379566,528.20000000000005,0.073218551579732644,528.20000000000005,0.071844434271763194,528.20000000000005,0.071016293244491921,528.20000000000005,0.072274102896670994,528.20000000000005,0.074136127429787299,528.20000000000005,0.07473101735289879,528.20000000000005,0.072075820384357808,528.20000000000005,0.070707382823427686
528.89999999999998,0.034990547883658442,528.89999999999998,0.035707086120224128,528.89999999999998,0.035304587031526842,528.89999999999998,0.035047684443427173,528.89999999999998,0.035757483278655175,528.89999999999998,0.035319167874672562,528.89999999999998,0.036029263413104105,528.89999999999998,0.035372743995998747,528.89999999999998,0.039212422539270785,528.89999999999998,0.038189305121097292,528.89999999999998,0.038443537380365031,528.89999999999998,0.038354399260785155,528.89999999999998,0.039331527682408891,528.89999999999998,0.040645159923026718,528.89999999999998,0.03809948882276646,528.89999999999998,0.038770207607470131,528.89999999999998,0.058435568780041205,528.89999999999998,0.058398608038113663,528.89999999999998,0.058366606478302524,528.89999999999998,0.058400345871162988,528.89999999999998,0.058905292337427834,528.89999999999998,0.05965849461271755,528.89999999999998,0.057685799784678242,528.89999999999998,0.057169451438162822,528.89999999999998,0.090097361036935317,528.89999999999998,0.090099183642328537,528.89999999999998,0.089939769249679988,528.89999999999998,0.089764756745759261,528.89999999999998,0.092763027389944297,528.89999999999998,0.092994455888710859,528.89999999999998,0.089551893390300355,528.89999999999998,0.090215533684290847,528.89999999999998,0.027171146885040225,528.89999999999998,0.027341073048328713,528.89999999999998,0.026640260081550994,528.89999999999998,0.026716979052753827,528.89999999999998,0.027221713588158995,528.89999999999998,0.027925366428456385,528.89999999999998,0.027059077846443378,528.89999999999998,0.027694107474377561,528.89999999999998,0.029385570051626359,528.89999999999998,0.030483753380297216,528.89999999999998,0.030140934021684766,528.89999999999998,0.030057984283207453,528.89999999999998,0.031145274365690929,528.89999999999998,0.029710502445682126,528.89999999999998,0.029786034604070772,528.89999999999998,0.030059891660944537,528.89999999999998,0.044641243440739886,528.89999999999998,0.044427786678873891,528.89999999999998,0.044357086544085864,528.89999999999998,0.043759992540033731,528.89999999999998,0.045511770639946422,528.89999999999998,0.045504183515170014,528.89999999999998,0.044317709790357998,528.89999999999998,0.044678585658214871,528.89999999999998,0.07370938345074303,528.89999999999998,0.071716428032518667,528.89999999999998,0.070717046870628908,528.89999999999998,0.07085077524308471,528.89999999999998,0.073919957952917434,528.89999999999998,0.074400405211803702,528.89999999999998,0.070921221060841103,528.89999999999998,0.069701982825123118
529.60000000000002,0.035361850749811387,529.60000000000002,0.035863067232945925,529.60000000000002,0.035757271347795501,529.60000000000002,0.034578045658384411,529.60000000000002,0.036412773496774409,529.60000000000002,0.035339513237201491,529.60000000000002,0.035927536600459463,529.60000000000002,0.036056856811033974,529.60000000000002,0.03940146486610209,529.60000000000002,0.038176589269516711,529.60000000000002,0.038779235862092351,529.60000000000002,0.037700804489543334,529.60000000000002,0.039256928019802823,529.60000000000002,0.040345913549163726,529.60000000000002,0.038032518671108739,529.60000000000002,0.038551494960284149,529.60000000000002,0.05870938345074303,529.60000000000002,0.058995405338962234,529.60000000000002,0.058325068029805957,529.60000000000002,0.057530581623051295,529.60000000000002,0.058849342590473273,529.60000000000002,0.059365182302925493,529.60000000000002,0.057871451217754714,529.60000000000002,0.056490424963759826,529.60000000000002,0.090876418877105541,529.60000000000002,0.090176326475250715,529.60000000000002,0.089292956265947812,529.60000000000002,0.089761365852004435,529.60000000000002,0.092875774607292114,529.60000000000002,0.092937658418317609,529.60000000000002,0.088625331671795426,529.60000000000002,0.089718767749209491,529.60000000000002,0.027568729177793034,529.60000000000002,0.027267321109161344,529.60000000000002,0.026989522138297601,529.60000000000002,0.026883132846740081,529.60000000000002,0.027365826572738911,529.60000000000002,0.028026245517662318,529.60000000000002,0.026898858116528066,529.60000000000002,0.02747115620999805,529.60000000000002,0.029661080169205597,529.60000000000002,0.030770283902579625,529.60000000000002,0.030528343633173114,529.60000000000002,0.030377576019599371,529.60000000000002,0.030858743843408525,529.60000000000002,0.030083500758712484,529.60000000000002,0.029757212007154785,529.60000000000002,0.029844569907513375,529.60000000000002,0.044353017471580068,529.60000000000002,0.045099183642328532,529.60000000000002,0.044516458550562472,529.60000000000002,0.044556852572416775,529.60000000000002,0.045443105041411289,529.60000000000002,0.045916177106380816,529.60000000000002,0.044360943685731971,529.60000000000002,0.044006340971321521,529.60000000000002,0.073658520044420722,529.60000000000002,0.072197934945703326,529.60000000000002,0.071007816010104849,529.60000000000002,0.07087620694624587,529.60000000000002,0.073965735018607523,529.60000000000002,0.074558081771402884,529.60000000000002,0.069902257487517272,529.60000000000002,0.070107194628824282
530.39999999999998,0.035712808253435396,530.39999999999998,0.035859676339191092,530.39999999999998,0.035589422106931841,530.39999999999998,0.035239269940574587,530.39999999999998,0.03546925730949535,530.39999999999998,0.035253893169892248,530.39999999999998,0.036466688707476075,530.39999999999998,0.035454125446114461,530.39999999999998,0.03906491866093606,530.39999999999998,0.038758975271907289,530.39999999999998,0.038280774480133603,530.39999999999998,0.037985639564948326,530.39999999999998,0.039480727007621036,530.39999999999998,0.039215898205369477,530.39999999999998,0.037647652229936504,530.39999999999998,0.038030145045480357,530.39999999999998,0.058795851241490983,530.39999999999998,0.059366708205115172,530.39999999999998,0.058617532616159304,530.39999999999998,0.05790103676576553,530.39999999999998,0.058323754058475959,530.39999999999998,0.059345684663835267,530.39999999999998,0.057027118672804182,530.39999999999998,0.055897866280104784,530.39999999999998,0.091073938438323884,530.39999999999998,0.09006951332197384,530.39999999999998,0.089073395895323107,530.39999999999998,0.08979951340674619,530.39999999999998,0.092852038351008373,530.39999999999998,0.092526512550545503,530.39999999999998,0.088058204691301531,530.39999999999998,0.088588752405415264,530.39999999999998,0.027210142163220669,530.39999999999998,0.027536049439230947,530.39999999999998,0.026976806286717021,530.39999999999998,0.026471139255529279,530.39999999999998,0.027303095038274709,530.39999999999998,0.027417580088671872,530.39999999999998,0.027461746479828426,530.39999999999998,0.027287200223798987,530.39999999999998,0.029472037842374305,530.39999999999998,0.030414240058323373,530.39999999999998,0.030363037562625567,530.39999999999998,0.030361469274263968,530.39999999999998,0.030839246204318303,530.39999999999998,0.030304756576214582,530.39999999999998,0.029692785025813181,530.39999999999998,0.030279452031569225,530.39999999999998,0.044520018989005025,530.39999999999998,0.044508320405550895,530.39999999999998,0.044130744385951534,530.39999999999998,0.044801844646202627,530.39999999999998,0.044862414485898117,530.39999999999998,0.045503335791731311,530.39999999999998,0.04396081822266304,530.39999999999998,0.043506184142485353,530.39999999999998,0.073842476030619775,530.39999999999998,0.072370022803760523,530.39999999999998,0.071123106397768796,530.39999999999998,0.070771089239846402,530.39999999999998,0.07344438510380373,530.39999999999998,0.073877359850122504,530.39999999999998,0.070442257317972587,530.39999999999998,0.069395954663750481
531.10000000000002,0.035573781609487723,531.10000000000002,0.035687588481133917,531.10000000000002,0.035020599679560546,531.10000000000002,0.035163822554529815,531.10000000000002,0.035357357815586236,531.10000000000002,0.035206420657324752,531.10000000000002,0.036309012147876872,531.10000000000002,0.035399023422598611,531.10000000000002,0.039224290667412669,531.10000000000002,0.038290184210303231,531.10000000000002,0.038189220348753418,531.10000000000002,0.037656722870730658,531.10000000000002,0.039256080296364113,531.10000000000002,0.038610623670133855,531.10000000000002,0.037545925417291855,531.10000000000002,0.037190051117723347,531.10000000000002,0.058768724091452403,531.10000000000002,0.059533709722540129,531.10000000000002,0.058921865330654535,531.10000000000002,0.05792985936268151,531.10000000000002,0.058141493519154305,531.10000000000002,0.058958275052346923,531.10000000000002,0.056187872468485875,531.10000000000002,0.055615574375015901,531.10000000000002,0.091975068453667666,531.10000000000002,0.090737519391673668,531.10000000000002,0.088338419673965579,531.10000000000002,0.089534175970431423,531.10000000000002,0.092059416935818858,531.10000000000002,0.091713545772827074,531.10000000000002,0.087399523579427457,531.10000000000002,0.088529411764705884,531.10000000000002,0.027434788874477589,531.10000000000002,0.027249518916948538,531.10000000000002,0.026780134448937374,531.10000000000002,0.026881437399862672,531.10000000000002,0.027264947483532968,531.10000000000002,0.027178522078956959,531.10000000000002,0.027194713596636239,531.10000000000002,0.026978628892110237,531.10000000000002,0.029758568364656717,531.10000000000002,0.030246390817459713,531.10000000000002,0.029894246501021505,531.10000000000002,0.030036791197239818,531.10000000000002,0.030585776896145396,531.10000000000002,0.030272543085543776,531.10000000000002,0.029752125666522553,531.10000000000002,0.030185354729872927,531.10000000000002,0.044635309376668951,531.10000000000002,0.044724489882420761,531.10000000000002,0.044146851131286927,531.10000000000002,0.044075345659232136,531.10000000000002,0.044559777218280305,531.10000000000002,0.045404999872841488,531.10000000000002,0.043369954985885403,531.10000000000002,0.043200155981112723,531.10000000000002,0.074443511948661875,531.10000000000002,0.073294041351949349,531.10000000000002,0.071286717021438933,531.10000000000002,0.071462831565829957,531.10000000000002,0.073181590837805066,531.10000000000002,0.072765146698541061,531.10000000000002,0.06957588396361572,531.10000000000002,0.069978340666141059
531.79999999999995,0.036052745352356246,531.79999999999995,0.03622165424751829,531.79999999999995,0.035155387706314691,531.79999999999995,0.035620745487991996,531.79999999999995,0.035092868102710166,531.79999999999995,0.034674898061256496,531.79999999999995,0.03581394165967295,531.79999999999995,0.034547061366699723,531.79999999999995,0.039127650195400258,531.79999999999995,0.038597060095114558,531.79999999999995,0.038498639403880874,531.79999999999995,0.037742342938039901,531.79999999999995,0.039601103735917194,531.79999999999995,0.03849194238871511,531.79999999999995,0.037379771623305608,531.79999999999995,0.037137492264523619,531.79999999999995,0.059454532353365036,531.79999999999995,0.059770224561938923,531.79999999999995,0.059623780337902568,531.79999999999995,0.058520722599459146,531.79999999999995,0.057903283232878099,531.79999999999995,0.058775166789586566,531.79999999999995,0.055635156786449987,531.79999999999995,0.05588769359884032,531.79999999999995,0.092587124776412941,531.79999999999995,0.091801412307248892,531.79999999999995,0.088651229622847855,531.79999999999995,0.089757127234810913,531.79999999999995,0.091384629078609392,531.79999999999995,0.090347015589634039,531.79999999999995,0.086354280579503756,531.79999999999995,0.086788187821605078,531.79999999999995,0.027801005399998305,531.79999999999995,0.027718309978552604,531.79999999999995,0.027009019777387819,531.79999999999995,0.027148470283054858,531.79999999999995,0.027458228427557789,531.79999999999995,0.027159024439866741,531.79999999999995,0.026918355755618295,531.79999999999995,0.026670057560421487,531.79999999999995,0.030414706306214664,531.79999999999995,0.029947992167035427,531.79999999999995,0.030307935539109723,531.79999999999995,0.029714656290531782,531.79999999999995,0.030735823944796244,531.79999999999995,0.030333579173130561,531.79999999999995,0.029717369005535631,531.79999999999995,0.029999703296796451,531.79999999999995,0.045049846138195876,531.79999999999995,0.044930486678026162,531.79999999999995,0.044208734942312422,531.79999999999995,0.044005832337258292,531.79999999999995,0.044723387841950436,531.79999999999995,0.045225282503835951,531.79999999999995,0.04330044166391156,531.79999999999995,0.0432120241092546,531.79999999999995,0.075429414307876211,531.79999999999995,0.073448327017793719,531.79999999999995,0.071158710782194406,531.79999999999995,0.071744275747480143,531.79999999999995,0.072380492188228507,531.79999999999995,0.073086433881810395,531.79999999999995,0.068918898298619052,531.79999999999995,0.069835075404999863
532.60000000000002,0.035980688860066293,532.60000000000002,0.036353051380517622,532.60000000000002,0.034495011147563218,532.60000000000002,0.035204513279587665,532.60000000000002,0.035089477208955354,532.60000000000002,0.034836813238049213,532.60000000000002,0.035107788035231381,532.60000000000002,0.034533497791680433,532.60000000000002,0.03948454176309521,532.60000000000002,0.038358002085399655,532.60000000000002,0.038511355255461462,532.60000000000002,0.037593143612827749,532.60000000000002,0.038758466637844068,532.60000000000002,0.038389367852631757,532.60000000000002,0.03681010147249561,532.60000000000002,0.03714936039266549,532.60000000000002,0.05912900655290218,532.60000000000002,0.060245797411052626,532.60000000000002,0.059400829073523058,532.60000000000002,0.057942575214262097,532.60000000000002,0.057475182896331897,532.60000000000002,0.058609012995600319,532.60000000000002,0.055248594898400345,532.60000000000002,0.055739341997066885,532.60000000000002,0.094094377050431055,532.60000000000002,0.092670328831921889,532.60000000000002,0.089110695726626166,532.60000000000002,0.089342590473283995,532.60000000000002,0.09107012368284971,532.60000000000002,0.089887549485855742,532.60000000000002,0.084975034544730155,532.60000000000002,0.086198172308266166,532.60000000000002,0.02835626425235031,532.60000000000002,0.027614039995591842,532.60000000000002,0.026625001059654298,532.60000000000002,0.027340903503640979,532.60000000000002,0.027278511058552255,532.60000000000002,0.026874189364461738,532.60000000000002,0.026485169078439855,532.60000000000002,0.026182616583165907,532.60000000000002,0.030387579156176091,532.60000000000002,0.029831006332494088,532.60000000000002,0.029924764544814898,532.60000000000002,0.030040182090994638,532.60000000000002,0.0305544111289133,532.60000000000002,0.030028398735196631,532.60000000000002,0.029649551130439204,532.60000000000002,0.029146893517458864,532.60000000000002,0.045716156761018284,532.60000000000002,0.045272119223824417,532.60000000000002,0.044647007960123095,532.60000000000002,0.043857480735484858,532.60000000000002,0.044576731687054401,532.60000000000002,0.044774293634444698,532.60000000000002,0.043041886015106431,532.60000000000002,0.042962793418275226,532.60000000000002,0.075946525605486467,532.60000000000002,0.073734857540076137,532.60000000000002,0.071459652602934812,532.60000000000002,0.071427227181404346,532.60000000000002,0.072565295897866269,532.60000000000002,0.072844832701779369,532.60000000000002,0.068317862380576966,532.60000000000002,0.069584149267143083
533.29999999999995,0.036510516009257143,533.29999999999995,0.036581936708968067,533.29999999999995,0.035106219746869775,533.29999999999995,0.034921373651060086,533.29999999999995,0.034835160177343741,533.29999999999995,0.035196247976060288,533.29999999999995,0.034876359536464827,533.29999999999995,0.034043513644108743,533.29999999999995,0.039441307867721237,533.29999999999995,0.038512287751244031,533.29999999999995,0.038856378695014543,533.29999999999995,0.038022091672812661,533.29999999999995,0.038193035104227592,533.29999999999995,0.038884438340835686,533.29999999999995,0.036921153242966014,533.29999999999995,0.037830082313945891,533.29999999999995,0.05981735798513093,533.29999999999995,0.060476378186380485,533.29999999999995,0.059395742732890819,533.29999999999995,0.057892559531378486,533.29999999999995,0.057159829777133506,533.29999999999995,0.058325873367072727,533.29999999999995,0.055125674999788071,533.29999999999995,0.056107253969465004,533.29999999999995,0.094831896442104727,533.29999999999995,0.093303578240634788,533.29999999999995,0.089182752218916111,533.29999999999995,0.089685070742520953,533.29999999999995,0.090520798894568641,533.29999999999995,0.090608114408755269,533.29999999999995,0.084125615659147376,533.29999999999995,0.084174656460076464,533.29999999999995,0.028138399328603035,533.29999999999995,0.027684401041004385,533.29999999999995,0.026535142375151526,533.29999999999995,0.027762222052677539,533.29999999999995,0.027989751023626053,533.29999999999995,0.02705136356315116,533.29999999999995,0.026598764019226371,533.29999999999995,0.026297906970829836,533.29999999999995,0.030537626204826942,533.29999999999995,0.029958164848299895,533.29999999999995,0.030307935539109723,533.29999999999995,0.029705331332706024,533.29999999999995,0.030267880606630895,533.29999999999995,0.030321711044988684,533.29999999999995,0.029762298347787021,533.29999999999995,0.029388494697489893,533.29999999999995,0.046340928935344125,533.29999999999995,0.045619685833693621,533.29999999999995,0.044368106948789024,533.29999999999995,0.044140620364012444,533.29999999999995,0.044940405042259005,533.29999999999995,0.044412315726117521,533.29999999999995,0.042723142002153221,533.29999999999995,0.042848350754050003,533.29999999999995,0.075992302671176556,533.29999999999995,0.074366411501911617,533.29999999999995,0.071178208421284639,533.29999999999995,0.071836677602299032,533.29999999999995,0.071998168917372388,533.29999999999995,0.073403482447886192,533.29999999999995,0.06834159863686072,533.29999999999995,0.068703364614328216
534,0.036143451760297721,534,0.03655735272924561,534,0.034926502377864245,534,0.034754372133635122,534,0.034614752083280347,534,0.035925290133346895,534,0.034154099166687858,534,0.034123199647347044,534,0.039687995388384495,534,0.038776777464120102,534,0.038125641090850523,534,0.038108559463560614,534,0.037664903401914161,534,0.038770843400049167,534,0.036397260157846098,534,0.03759780609174062,534,0.059253621898391874,534,0.06093075794952655,534,0.058942210693183457,534,0.05815450607393844,534,0.056983503301882787,534,0.058083424463602991,534,0.054594152403719814,534,0.055137458355586082,534,0.095349007739714997,534,0.093282385154667136,534,0.088980994040504247,534,0.089082339377601447,534,0.090042682875138808,534,0.089868051846765495,534,0.083669540449123878,534,0.084000025431703165,534,0.027890016361062361,534,0.028156582996363269,534,0.026588548951789963,534,0.027488407381975704,534,0.027510787280757527,534,0.026965743495841916,534,0.026968371438501903,534,0.026385222485016492,534,0.030244313895034885,534,0.030192136517382576,534,0.029462755270720477,534,0.029950323406491869,534,0.030604426811796922,534,0.030111475632189758,534,0.029532565295897869,534,0.029190127412832841,534,0.046761399760941985,534,0.045488288700694289,534,0.044799598179090058,534,0.043687088324305082,534,0.044401252935242393,534,0.04411985113976416,534,0.042431525139238577,534,0.042672024278799292,534,0.07596348007426057,534,0.074522392614633406,534,0.070538177225062088,534,0.071899409136763237,534,0.071930351042275964,534,0.072373498469859174,534,0.068535727304324237,534,0.067534353992353538
534.79999999999995,0.036827564575332948,534.79999999999995,0.036607368412129235,534.79999999999995,0.036010740655968397,534.79999999999995,0.034572959317752179,534.79999999999995,0.034679179064621951,534.79999999999995,0.035940549155243591,534.79999999999995,0.034241414680874514,534.79999999999995,0.034063011283198975,534.79999999999995,0.04004234378576333,534.79999999999995,0.039023464984783367,534.79999999999995,0.038557980044590254,534.79999999999995,0.038121275315141187,534.79999999999995,0.037866661580326033,534.79999999999995,0.038865788425184157,534.79999999999995,0.037223790510583832,534.79999999999995,0.03744352042589625,534.79999999999995,0.059611361189525529,534.79999999999995,0.061525012080058998,534.79999999999995,0.059427956223561632,534.79999999999995,0.058811491738935094,534.79999999999995,0.056769029271890335,534.79999999999995,0.057815543856972094,534.79999999999995,0.054577197934945705,534.79999999999995,0.055375668641862288,534.79999999999995,0.096069572662614539,534.79999999999995,0.093594347380110729,534.79999999999995,0.08885214007782101,534.79999999999995,0.089482464840670378,534.79999999999995,0.089818883887320608,534.79999999999995,0.089709527563727604,534.79999999999995,0.083902664394767845,534.79999999999995,0.083914405364393915,534.79999999999995,0.027628069818502406,534.79999999999995,0.028373600196671834,534.79999999999995,0.026744530064511749,534.79999999999995,0.027958046167018476,534.79999999999995,0.028280520163101994,534.79999999999995,0.027171740291447317,534.79999999999995,0.026875969583683022,534.79999999999995,0.027044751320329258,534.79999999999995,0.030935208497579754,534.79999999999995,0.030920330951230472,534.79999999999995,0.029635690852216373,534.79999999999995,0.029612929477887139,534.79999999999995,0.030517959021048976,534.79999999999995,0.029762213575443151,534.79999999999995,0.029601230894433003,534.79999999999995,0.029464789806973375,534.79999999999995,0.0464460466417436,534.79999999999995,0.0462978645846579,534.79999999999995,0.044865720607309076,534.79999999999995,0.043751515305646686,534.79999999999995,0.044163890372404903,534.79999999999995,0.044790400379780104,534.79999999999995,0.042321321092206876,534.79999999999995,0.042958554801081704,534.79999999999995,0.076233903851207582,534.79999999999995,0.075502360909776814,534.79999999999995,0.070873875706789408,534.79999999999995,0.07170273729898359,534.79999999999995,0.071289472122614717,534.79999999999995,0.072359934894839897,534.79999999999995,0.067751583123521794,534.79999999999995,0.067626755847172426
535.5,0.036678365250120804,535.5,0.036530225579207036,535.5,0.036584649423971931,535.5,0.034803540093080031,535.5,0.034502852589371247,535.5,0.035973610369353093,535.5,0.034253282809016385,535.5,0.034220687842798164,535.5,0.040111857107737174,535.5,0.039446478980697336,535.5,0.038133270601798878,535.5,0.037713520341123914,535.5,0.037980256521112553,535.5,0.038455490280850768,535.5,0.036888939752295208,535.5,0.036895891084492587,535.5,0.059575756805099904,535.5,0.061941244288463336,535.5,0.059649212041063729,535.5,0.058792841823283565,535.5,0.056404508193247022,535.5,0.058409797987504557,535.5,0.054309317328314809,535.5,0.054570331375092193,535.5,0.096647720047811608,535.5,0.094782007917736916,535.5,0.089315844798792843,535.5,0.088955180861795644,535.5,0.089836686079533407,535.5,0.088919449318854218,535.5,0.083457609589447548,535.5,0.084459491535481462,535.5,0.027928163915804102,535.5,0.028405813687342643,535.5,0.026696209828505544,535.5,0.027486711935098298,535.5,0.027423471766570871,535.5,0.02671227418766902,535.5,0.026418198926782131,535.5,0.026931156379542739,535.5,0.031336181684087389,535.5,0.031203470579758062,535.5,0.029739113111738422,535.5,0.030326712613277049,535.5,0.030567126980493881,535.5,0.029325636004509895,535.5,0.029554606105304203,535.5,0.028973957935962972,535.5,0.046357035680679531,535.5,0.046260564753354876,535.5,0.044760602900909614,535.5,0.043786271966633608,535.5,0.044371582614887717,535.5,0.044631876096742205,535.5,0.042747725981875671,535.5,0.042718649067928084,535.5,0.076756101489450071,535.5,0.075587980977086036,535.5,0.071354534896535343,535.5,0.071636614870764573,535.5,0.071393742105575489,535.5,0.071641065418817748,535.5,0.06717597890864084,535.5,0.067212219085645508
536.20000000000005,0.036979307070861202,536.20000000000005,0.036553114112052081,536.20000000000005,0.036927977416647599,536.20000000000005,0.035240965387451993,536.20000000000005,0.034870764561769366,536.20000000000005,0.03577524308469604,536.20000000000005,0.034893314005238929,536.20000000000005,0.03361117469036902,536.20000000000005,0.040561998253689724,536.20000000000005,0.039397311021252421,536.20000000000005,0.038048498257928332,536.20000000000005,0.037844917474123239,536.20000000000005,0.038145562591660097,536.20000000000005,0.037773072912692968,536.20000000000005,0.036647338572264175,536.20000000000005,0.036452531726049682,536.20000000000005,0.060096258996464987,536.20000000000005,0.062660961487924188,536.20000000000005,0.059958631096191185,536.20000000000005,0.058220628502157451,536.20000000000005,0.056316344955621669,536.20000000000005,0.058486093096988032,536.20000000000005,0.054279647007960126,536.20000000000005,0.0546966421674593,536.20000000000005,0.097109729321906021,536.20000000000005,0.095856921238015314,536.20000000000005,0.089562532319456087,536.20000000000005,0.089719827403507882,536.20000000000005,0.089906199401507236,536.20000000000005,0.088609182540288045,536.20000000000005,0.082864203182353782,536.20000000000005,0.083664326949975845,536.20000000000005,0.028132465264532093,536.20000000000005,0.028183710146401836,536.20000000000005,0.026643650975305813,536.20000000000005,0.027674058815052183,536.20000000000005,0.028104193687851272,536.20000000000005,0.026411332366928615,536.20000000000005,0.026067241423158111,536.20000000000005,0.026988801573374702,536.20000000000005,0.031258191127726494,536.20000000000005,0.030768588455702212,536.20000000000005,0.030065486635639987,536.20000000000005,0.030197858650593837,536.20000000000005,0.03010850860015428,536.20000000000005,0.029529089629799173,536.20000000000005,0.029779252816561123,536.20000000000005,0.028766265693480161,536.20000000000005,0.046349406169731183,536.20000000000005,0.046681035578952722,536.20000000000005,0.044384213694124437,536.20000000000005,0.044157574832786553,536.20000000000005,0.044179149394301599,536.20000000000005,0.044539474241923317,536.20000000000005,0.042304366623432767,536.20000000000005,0.042613531361528623,536.20000000000005,0.077541093393691252,536.20000000000005,0.077018090418181986,536.20000000000005,0.071708883293914186,536.20000000000005,0.071465374736146087,536.20000000000005,0.07126234497257615,536.20000000000005,0.072231080932156688,536.20000000000005,0.066292651085509871,536.20000000000005,0.067001983672846557
537,0.036918270983274423,537,0.036779456270186417,537,0.036966972694828043,537,0.035286742453142082,537,0.034759712791298962,537,0.035266609021472828,537,0.03490179123962598,537,0.033435695938557004,537,0.040807838050914272,537,0.039521078643303405,537,0.037886583081135614,537,0.037593991336266452,537,0.038460067987419785,537,0.038202020972677879,537,0.035953900799403207,537,0.036205844205386438,537,0.060946525605486468,537,0.062248967896713372,537,0.059991692310300694,537,0.05810957673168704,537,0.056351101616608598,537,0.058353000517111286,537,0.05412027500148351,537,0.054148165102616927,537,0.097284360350279334,537,0.096316387341793611,537,0.089406551206734325,537,0.089493485245373552,537,0.090034205640751763,537,0.088231945610064186,537,0.082396259844188427,537,0.083200622229004026,537,0.028697049074709862,537,0.028052313013402511,537,0.026680950806608848,537,0.027053525257919857,537,0.027036909878521222,537,0.026537643159295719,537,0.026129125234183599,537,0.026895551995117114,537,0.031350592982545382,537,0.030504098742826138,537,0.030585988827005077,537,0.030501343641650355,537,0.029845714334155622,537,0.029451946796876988,537,0.029581733255342774,537,0.028940896721853463,537,0.046806329103193378,537,0.046543704381882454,537,0.043903554504378502,537,0.044100777362393297,537,0.044503827471325752,537,0.044165628205454256,537,0.042712969320888743,537,0.04244059578003273,537,0.078219272144655544,537,0.07714440121054908,537,0.071396073345031896,537,0.072190178276239164,537,0.071713333841967403,537,0.072022540966235157,537,0.066067156650814252,537,0.066667980637996657
537.70000000000005,0.037381975704246249,537.70000000000005,0.0371880589676424,537.70000000000005,0.036110772021735633,537.70000000000005,0.034961216652679226,537.70000000000005,0.034920780244652984,537.70000000000005,0.035154709527563721,537.70000000000005,0.034819562066071563,537.70000000000005,0.033372964404092806,537.70000000000005,0.04102485525122284,537.70000000000005,0.040069555708145778,537.70000000000005,0.038127336537727929,537.70000000000005,0.038097539058857439,537.70000000000005,0.037976865627357741,537.70000000000005,0.03808333969125912,537.70000000000005,0.035535973144121463,537.70000000000005,0.036175326161593038,537.70000000000005,0.061038927460305342,537.70000000000005,0.062544823376821546,537.70000000000005,0.060535930757949531,537.70000000000005,0.058156201520815846,537.70000000000005,0.056812263167264301,537.70000000000005,0.05815717640277035,537.70000000000005,0.053685392877427664,537.70000000000005,0.054268541830913085,537.70000000000005,0.097433559675491471,537.70000000000005,0.096903011961377725,537.70000000000005,0.090005891677899019,537.70000000000005,0.089376499410832214,537.70000000000005,0.089489119469664202,537.70000000000005,0.087437628747997251,537.70000000000005,0.081481566253825355,537.70000000000005,0.082093495418054829,537.70000000000005,0.028976797809482632,537.70000000000005,0.028132846740079518,537.70000000000005,0.027416774751405099,537.70000000000005,0.027507905021065933,537.70000000000005,0.027280206505429665,537.70000000000005,0.026820782787823301,537.70000000000005,0.026108779871654674,537.70000000000005,0.026796368352788588,537.70000000000005,0.030963183371057031,537.70000000000005,0.030296406500343331,537.70000000000005,0.030275722048438914,537.70000000000005,0.030290260505412721,537.70000000000005,0.029650737943253389,537.70000000000005,0.029697786594101543,537.70000000000005,0.02934267524562786,537.70000000000005,0.029230818137890694,537.70000000000005,0.047076752880140377,537.70000000000005,0.046768351093139378,537.70000000000005,0.043928986207539655,537.70000000000005,0.043978705187219726,537.70000000000005,0.043758678568703746,537.70000000000005,0.0439825199426939,537.70000000000005,0.041866093605622094,537.70000000000005,0.041614913150733707,537.70000000000005,0.078791485465781644,537.70000000000005,0.078445656688961821,537.70000000000005,0.070966277561608296,537.70000000000005,0.071604401380093746,537.70000000000005,0.071366614955536908,537.70000000000005,0.071798741978416958,537.70000000000005,0.065305053279418129,537.70000000000005,0.065910963607232767
538.39999999999998,0.037505743326297233,538.39999999999998,0.03722959741613896,538.39999999999998,0.036063299509168131,538.39999999999998,0.034511923230165394,538.39999999999998,0.033912837076032314,538.39999999999998,0.034729152361333636,538.39999999999998,0.034541508778176203,538.39999999999998,0.03381717148597442,538.39999999999998,0.041128277510744903,538.39999999999998,0.040114485050397157,538.39999999999998,0.038322312928630156,538.39999999999998,0.038310317641972479,538.39999999999998,0.037867509303764743,538.39999999999998,0.03879797055008774,538.39999999999998,0.035930164543119446,538.39999999999998,0.0362499258241991,538.39999999999998,0.061777294575417703,538.39999999999998,0.062449030628247845,538.39999999999998,0.060586794164271859,538.39999999999998,0.058871680103083163,538.39999999999998,0.056952985258089402,538.39999999999998,0.058013063418190444,538.39999999999998,0.053322567245661777,538.39999999999998,0.054116799335384838,538.39999999999998,0.098464391376957186,538.39999999999998,0.097759212634470141,538.39999999999998,0.090012673465408657,538.39999999999998,0.089274772598187585,538.39999999999998,0.088891474445376928,538.39999999999998,0.088499826216695054,538.39999999999998,0.080726244669938885,538.39999999999998,0.081404296262387363,538.39999999999998,0.028977645532921339,538.39999999999998,0.027807320939616662,538.39999999999998,0.027184498529199828,538.39999999999998,0.027668124750981245,538.39999999999998,0.026708840907742257,538.39999999999998,0.026967438942719326,538.39999999999998,0.026410569415833782,538.39999999999998,0.026681925688563365,538.39999999999998,0.031339572577842208,538.39999999999998,0.030731288624399177,538.39999999999998,0.030651263531785392,538.39999999999998,0.030333494400786695,538.39999999999998,0.029743987521510976,538.39999999999998,0.028844976814763956,538.39999999999998,0.028778939158888801,538.39999999999998,0.02954362808677297,538.39999999999998,0.047484507854157657,538.39999999999998,0.047057424785737899,538.39999999999998,0.043929833930978365,538.39999999999998,0.044323728626772807,538.39999999999998,0.044296135228842945,538.39999999999998,0.043994388070835784,538.39999999999998,0.041721980621042189,538.39999999999998,0.040865525630918172,538.39999999999998,0.079210260844502098,538.39999999999998,0.078376991090426687,538.39999999999998,0.071416418707560853,538.39999999999998,0.071446724820494564,538.39999999999998,0.071115688817680101,538.39999999999998,0.071730076379881824,538.39999999999998,0.065168569805786558,538.39999999999998,0.066116112679399458
539.10000000000002,0.037237014996227634,539.10000000000002,0.037659393199562574,539.10000000000002,0.036571933572391344,539.10000000000002,0.03489170333070539,539.10000000000002,0.034067970465315393,539.10000000000002,0.034860549494332968,539.10000000000002,0.034529640650034325,539.10000000000002,0.033949416342412449,539.10000000000002,0.040911260310436327,539.10000000000002,0.040276400227189882,539.10000000000002,0.037864542271729265,539.10000000000002,0.038637538889312754,539.10000000000002,0.037803082322423132,539.10000000000002,0.038272382018090412,539.10000000000002,0.03602595729169316,539.10000000000002,0.036043929028593706,539.10000000000002,0.060594720378423735,539.10000000000002,0.062772860981833281,539.10000000000002,0.060425726710917831,539.10000000000002,0.058830141654586603,539.10000000000002,0.056800395039122431,539.10000000000002,0.057854539135152545,539.10000000000002,0.052652865729084543,539.10000000000002,0.053292812152963227,539.10000000000002,0.098939964226070889,539.10000000000002,0.098809541975026075,539.10000000000002,0.090072861829556733,539.10000000000002,0.08864830497698431,539.10000000000002,0.088196341225638547,539.10000000000002,0.088104787094258369,539.10000000000002,0.079727626459143983,539.10000000000002,0.079683417681815485,539.10000000000002,0.028485965938472229,539.10000000000002,0.027792909641158672,539.10000000000002,0.027273509490263893,539.10000000000002,0.02770203368852946,539.10000000000002,0.026956376151844222,539.10000000000002,0.026687690207946559,539.10000000000002,0.026128277510744896,539.10000000000002,0.026578503429041309,539.10000000000002,0.031083560099353192,539.10000000000002,0.031004255571662302,539.10000000000002,0.029960368929240526,539.10000000000002,0.030352144316438207,539.10000000000002,0.029437111636699639,539.10000000000002,0.029540957757941053,539.10000000000002,0.028227918923730323,539.10000000000002,0.028825606334189541,539.10000000000002,0.047470944279138373,539.10000000000002,0.047293939625136693,539.10000000000002,0.044736018921187157,539.10000000000002,0.044049913956070975,539.10000000000002,0.04371459694989107,539.10000000000002,0.043852818256571981,539.10000000000002,0.041152310470232191,539.10000000000002,0.040421318549036557,539.10000000000002,0.078938989344116389,539.10000000000002,0.07924421216822225,539.10000000000002,0.071327407746496763,539.10000000000002,0.07110170138094149,539.10000000000002,0.071406457957156041,539.10000000000002,0.071351991726219241,539.10000000000002,0.064876952942871921,539.10000000000002,0.064798750455651338
539.89999999999998,0.03725142629468562,539.89999999999998,0.03746441680866034,539.89999999999998,0.037177208107626966,539.89999999999998,0.035084136551291507,539.89999999999998,0.033707688003865609,539.89999999999998,0.034838508684926627,539.89999999999998,0.034513533904698933,539.89999999999998,0.0337357900358587,539.89999999999998,0.041068089146596813,539.89999999999998,0.040211973245848263,539.89999999999998,0.038089188982986188,539.89999999999998,0.038138229783915296,539.89999999999998,0.038140476251027858,539.89999999999998,0.038328331765044972,539.89999999999998,0.036262472131091954,539.89999999999998,0.035925247747174961,539.89999999999998,0.061105897611963063,539.89999999999998,0.063359485601417409,539.89999999999998,0.060130718954248361,539.89999999999998,0.058676703712180929,539.89999999999998,0.05703097581445029,539.89999999999998,0.057488322609631826,539.89999999999998,0.052597763705568699,539.89999999999998,0.053052058696370898,539.89999999999998,0.10046756186261793,539.89999999999998,0.09961148834804133,539.89999999999998,0.089488780380288735,539.89999999999998,0.089108618804201317,539.89999999999998,0.087970846790942928,539.89999999999998,0.08899320125802157,539.89999999999998,0.079179149394301596,539.89999999999998,0.078658520044420699,539.89999999999998,0.028317268974169866,539.89999999999998,0.027865813856887328,539.89999999999998,0.027249773233980142,539.89999999999998,0.027647779388452316,539.89999999999998,0.027124225392707882,539.89999999999998,0.026437611793528482,539.89999999999998,0.026602154912981194,539.89999999999998,0.026212286903520593,539.89999999999998,0.031181048294804312,539.89999999999998,0.031143282215609986,539.89999999999998,0.030658893042733743,539.89999999999998,0.030180904181819727,539.89999999999998,0.02998135008434848,539.89999999999998,0.029087425718233684,539.89999999999998,0.027955799699905901,539.89999999999998,0.02863147766672601,539.89999999999998,0.047949908022006896,539.89999999999998,0.048009418207404016,539.89999999999998,0.044974229207463363,539.89999999999998,0.044735722217983602,539.89999999999998,0.043747658164000579,539.89999999999998,0.044020667497435641,539.89999999999998,0.041463424972237067,539.89999999999998,0.040979120571704677,539.89999999999998,0.079677356459228743,539.89999999999998,0.079873222959741627,539.89999999999998,0.071640217695379052,539.89999999999998,0.072213066809084209,539.89999999999998,0.071354746827395024,539.89999999999998,0.071614785992217891,539.89999999999998,0.065033781779032407,539.89999999999998,0.06487504556513482
540.60000000000002,0.037399777896459062,540.60000000000002,0.037919644295245115,540.60000000000002,0.037647694616108444,540.60000000000002,0.035098547849749508,540.60000000000002,0.033982350398006157,540.60000000000002,0.034973296711680778,540.60000000000002,0.034605935759517814,540.60000000000002,0.033192399311648572,540.60000000000002,0.040944321524545829,540.60000000000002,0.040513762790027372,540.60000000000002,0.038004416639115655,540.60000000000002,0.037894085433568155,540.60000000000002,0.038137933080711742,540.60000000000002,0.037955333452014614,540.60000000000002,0.035643634020837034,540.60000000000002,0.035720098675008256,540.60000000000002,0.060754092384900343,540.60000000000002,0.064329281215296324,540.60000000000002,0.060446919796885469,540.60000000000002,0.058821664420199544,540.60000000000002,0.056769876995329038,540.60000000000002,0.057484083992438303,540.60000000000002,0.05244263031628562,540.60000000000002,0.051972906758898971,540.60000000000002,0.10137971228266489,540.60000000000002,0.10050668429931418,540.60000000000002,0.090673050024160123,540.60000000000002,0.089518069225096003,540.60000000000002,0.088034426048845815,540.60000000000002,0.088067487262955324,540.60000000000002,0.079510609258835407,540.60000000000002,0.078826369285284373,540.60000000000002,0.02795190017208786,540.60000000000002,0.028342234429439742,540.60000000000002,0.027279443554334832,540.60000000000002,0.027507057297627226,540.60000000000002,0.02713355035053364,540.60000000000002,0.026678365250120802,540.60000000000002,0.026532641591007353,540.60000000000002,0.025913888253096311,540.60000000000002,0.031146291633817387,540.60000000000002,0.031589184744369003,540.60000000000002,0.030118045488839722,540.60000000000002,0.030584420538643478,540.60000000000002,0.02980078499190424,540.60000000000002,0.029735086425404577,540.60000000000002,0.027731152988648984,540.60000000000002,0.028389876486694984,540.60000000000002,0.047925324042284438,540.60000000000002,0.048267973856209151,540.60000000000002,0.045017463102837336,540.60000000000002,0.044637386299093793,540.60000000000002,0.043191551588209857,540.60000000000002,0.043635801056263399,540.60000000000002,0.041077710807626122,540.60000000000002,0.041063892915575224,540.60000000000002,0.08037927146647679,540.60000000000002,0.081147351288115788,540.60000000000002,0.071476607071708914,540.60000000000002,0.072285971024812865,540.60000000000002,0.072010884768952982,540.60000000000002,0.070960343497537368,540.60000000000002,0.065307596449734245,540.60000000000002,0.063959504251333038
541.29999999999995,0.037720217356289686,541.29999999999995,0.03738473080542204,541.29999999999995,0.037149233234149696,541.29999999999995,0.034806083263396147,541.29999999999995,0.034352805540720385,541.29999999999995,0.035366640387240064,541.29999999999995,0.034534726990666571,541.29999999999995,0.032896543831540399,541.29999999999995,0.041369878690775928,541.29999999999995,0.040891847443689969,541.29999999999995,0.038296881225469002,541.29999999999995,0.037777947322465519,541.29999999999995,0.037157964785568348,541.29999999999995,0.038214736824258445,541.29999999999995,0.035027339080898244,541.29999999999995,0.035335232233836028,541.29999999999995,0.061941752922526551,541.29999999999995,0.065465230623161508,541.29999999999995,0.061167484719785017,541.29999999999995,0.058864898315573518,541.29999999999995,0.057303095038274708,541.29999999999995,0.056874570840009152,541.29999999999995,0.052313776353602397,541.29999999999995,0.05179403711333215,541.29999999999995,0.10248938226393021,541.29999999999995,0.10141629154904502,541.29999999999995,0.090830726583759319,541.29999999999995,0.090442935496723553,541.29999999999995,0.088161584564651632,541.29999999999995,0.087847079168891937,541.29999999999995,0.079168976713037131,541.29999999999995,0.079123920212269952,541.29999999999995,0.028609733560523213,541.29999999999995,0.028768639319108537,541.29999999999995,0.027043776438374745,541.29999999999995,0.027778328798012935,541.29999999999995,0.027556564346447609,541.29999999999995,0.026772462551817099,541.29999999999995,0.026727617981909587,541.29999999999995,0.025858786229580464,541.29999999999995,0.031422649474835328,541.29999999999995,0.031475589803582484,541.29999999999995,0.030079050210659274,541.29999999999995,0.030180056458381024,541.29999999999995,0.030137331197070266,541.29999999999995,0.029295965684155205,541.29999999999995,0.028082958215711707,541.29999999999995,0.028700143265261144,541.29999999999995,0.049009562320388597,541.29999999999995,0.049050422590134195,541.29999999999995,0.044418970355111352,541.29999999999995,0.044667904342887171,541.29999999999995,0.043624738265388291,541.29999999999995,0.043560353670218634,541.29999999999995,0.040584335766299606,541.29999999999995,0.040563736086739063,541.29999999999995,0.082052677534481158,541.29999999999995,0.081986597492434088,541.29999999999995,0.071782635233081565,541.29999999999995,0.072735264447326697,541.29999999999995,0.070877478531403915,541.29999999999995,0.071328255469935486,541.29999999999995,0.065128726804167411,541.29999999999995,0.064515610827123732
542.10000000000002,0.038183074353822816,542.10000000000002,0.03738049218822851,542.10000000000002,0.037481540822122197,542.10000000000002,0.03518671108737486,542.10000000000002,0.034070513635631502,542.10000000000002,0.034968210371048546,542.10000000000002,0.034423675220196168,542.10000000000002,0.032738867271941197,542.10000000000002,0.041641997914600347,542.10000000000002,0.041190246094114258,542.10000000000002,0.038758890499563416,542.10000000000002,0.037514305333028151,542.10000000000002,0.037546222120495409,542.10000000000002,0.038245254868051838,542.10000000000002,0.034696726939803156,542.10000000000002,0.035167382992972361,542.10000000000002,0.061857828302094721,542.10000000000002,0.066176470588235295,542.10000000000002,0.061304815916855285,542.10000000000002,0.059039529343946823,542.10000000000002,0.056612200435729849,542.10000000000002,0.056131965107703262,542.10000000000002,0.051801751396624372,542.10000000000002,0.051044649593516622,542.10000000000002,0.10306159558505633,542.10000000000002,0.10153582055390248,542.10000000000002,0.090589973127167003,542.10000000000002,0.090826106491018369,542.10000000000002,0.088164975458406444,542.10000000000002,0.087353704127565421,542.10000000000002,0.078834125954748535,542.10000000000002,0.078683104024143177,542.10000000000002,0.028194349075557588,542.10000000000002,0.028922924984952914,542.10000000000002,0.027137873740071039,542.10000000000002,0.027327339928621693,542.10000000000002,0.026702906843671315,542.10000000000002,0.027015759178725538,542.10000000000002,0.026238481557776597,542.10000000000002,0.026450497189796803,542.10000000000002,0.03156761018285395,542.10000000000002,0.031899451522935163,542.10000000000002,0.029967150716750168,542.10000000000002,0.030464891533786023,542.10000000000002,0.029426091231996472,542.10000000000002,0.029411256071819134,542.10000000000002,0.027811686715325992,542.10000000000002,0.028433958105507664,542.10000000000002,0.049059578003272215,542.10000000000002,0.048983452438476467,542.10000000000002,0.045077651466985412,542.10000000000002,0.044740808558615841,542.10000000000002,0.043555224943414454,542.10000000000002,0.043573917245237917,542.10000000000002,0.04031815060654613,542.10000000000002,0.040096640472012404,542.10000000000002,0.082794435543348338,542.10000000000002,0.082307884675703422,542.10000000000002,0.071615633715656601,542.10000000000002,0.072224087213787369,542.10000000000002,0.070040775497401717,542.10000000000002,0.070785712469164055,542.10000000000002,0.064615006400311967,542.10000000000002,0.063654323813399111
542.79999999999995,0.038467909429227808,542.79999999999995,0.03725502911930012,542.79999999999995,0.037184837618575314,542.79999999999995,0.035908971457151814,542.79999999999995,0.034415537075184591,542.79999999999995,0.034837660961487923,542.79999999999995,0.034343989216957867,542.79999999999995,0.032749887676644371,542.79999999999995,0.042209124895094235,542.79999999999995,0.041836211354407744,542.79999999999995,0.039070852725006995,542.79999999999995,0.037846612921000652,542.79999999999995,0.037180853318413393,542.79999999999995,0.038174046099200595,542.79999999999995,0.034962064376117936,542.79999999999995,0.035401354662055046,542.79999999999995,0.062189288166628512,542.79999999999995,0.066919924043979895,542.79999999999995,0.061877029237981405,542.79999999999995,0.058712308096606568,542.79999999999995,0.056722404482761536,542.79999999999995,0.055600442511634998,542.79999999999995,0.051760212948127798,542.79999999999995,0.050792875732221132,542.79999999999995,0.10390423268312945,542.79999999999995,0.10181472156523654,542.79999999999995,0.090020302976357006,542.79999999999995,0.090864254045760123,542.79999999999995,0.088197188949077243,542.79999999999995,0.087378288107287885,542.79999999999995,0.078416198299466777,542.79999999999995,0.07785742139484414,542.79999999999995,0.028626688029297322,542.79999999999995,0.029112815035222912,542.79999999999995,0.027667700889261883,542.79999999999995,0.027730008562006737,542.79999999999995,0.026462153387078993,542.79999999999995,0.027175131185202143,542.79999999999995,0.026146079702957712,542.79999999999995,0.026406415570984124,542.79999999999995,0.031597280503208633,542.79999999999995,0.032141052702966195,542.79999999999995,0.030184167917058739,542.79999999999995,0.030191076863084188,542.79999999999995,0.029755007926214154,542.79999999999995,0.02907979620728534,542.79999999999995,0.028196553156498227,542.79999999999995,0.028308495036579267,542.79999999999995,0.049919169570119451,542.79999999999995,0.049787941981807853,542.79999999999995,0.045583742359892508,542.79999999999995,0.044670447513203287,542.79999999999995,0.043604392902859369,542.79999999999995,0.044168171375770379,542.79999999999995,0.040219814687656306,542.79999999999995,0.040219560370624685,542.79999999999995,0.083357323906648698,542.79999999999995,0.083347193611556167,542.79999999999995,0.071845366767545757,542.79999999999995,0.072168985190271512,542.79999999999995,0.069071827606961497,542.79999999999995,0.070634817697074498,542.79999999999995,0.063566372506633453,542.79999999999995,0.063717055347863302
543.5,0.038717140120207189,543.5,0.038048498257928332,543.5,0.037308605240626291,543.5,0.035981875672880484,543.5,0.033775505878962046,543.5,0.034270533980994035,543.5,0.033904020752269774,543.5,0.0320106728380933,543.5,0.042510914439273337,543.5,0.041919288251400857,543.5,0.039521841594398234,543.5,0.037888151369497212,543.5,0.037801386875545712,543.5,0.037693386909454653,543.5,0.03494595763078253,543.5,0.035176707950798129,543.5,0.06254617973432347,543.5,0.06728953146325542,543.5,0.062263591126031047,543.5,0.058190958181802768,543.5,0.055961148834804124,543.5,0.055893754821427048,543.5,0.051355001144426635,543.5,0.050208794282953134,543.5,0.10378809457202681,543.5,0.10169434483694038,543.5,0.090322940243974817,543.5,0.090623500589167807,543.5,0.087754677314073048,543.5,0.087095996202199003,543.5,0.077675288014038307,543.5,0.077208912964234544,543.5,0.028151962903622322,543.5,0.028373600196671841,543.5,0.027814357044157911,543.5,0.027734247179200262,543.5,0.025872137873740063,543.5,0.026836889533158704,543.5,0.026220679365563777,543.5,0.026134296347159709,543.5,0.031493010520247874,543.5,0.032942151352542755,543.5,0.030551232166018159,543.5,0.030425896255605576,543.5,0.029720251265227229,543.5,0.028789027067809402,543.5,0.027526851639920996,543.5,0.028121148156625381,543.5,0.049576689300882479,543.5,0.049999025118045499,543.5,0.045923679458813357,543.5,0.04543085543772199,543.5,0.043434848215118296,543.5,0.043829082000288226,543.5,0.040254571348643228,543.5,0.040359434738011075,543.5,0.083699804175885656,543.5,0.084336486864525328,543.5,0.072045429499080202,543.5,0.072380916049947869,543.5,0.069120147842967702,543.5,0.0703991505811144,543.5,0.063210328662377191,543.5,0.062780320948093896
544.29999999999995,0.038870578062612848,544.29999999999995,0.038574086789925646,544.29999999999995,0.037088197146562911,544.29999999999995,0.036304858303027224,544.29999999999995,0.034679179064621958,544.29999999999995,0.034518916948534699,544.29999999999995,0.034288887193442009,544.29999999999995,0.032033561370938345,544.29999999999995,0.043091604994786509,544.29999999999995,0.042525410510075197,544.29999999999995,0.039036943787458776,544.29999999999995,0.038523943948526228,544.29999999999995,0.037519094970456829,544.29999999999995,0.037572162457719792,544.29999999999995,0.034757763027389942,544.29999999999995,0.035267414358739597,544.29999999999995,0.06303955477565,544.29999999999995,0.06737345608368725,544.29999999999995,0.062893449640989127,544.29999999999995,0.058845400676483299,544.29999999999995,0.056541839390317303,544.29999999999995,0.056199782982799679,544.29999999999995,0.051825487652908113,544.29999999999995,0.050552122275628809,544.29999999999995,0.10527500148351601,544.29999999999995,0.10396285275891592,544.29999999999995,0.091300365368802094,544.29999999999995,0.090888838025482574,544.29999999999995,0.087791977145376093,544.29999999999995,0.086800140722090829,544.29999999999995,0.077349762213575465,544.29999999999995,0.077925239269940577,544.29999999999995,0.029064113323669281,544.29999999999995,0.029116205928977734,544.29999999999995,0.027509176606223981,544.29999999999995,0.02847346201775133,544.29999999999995,0.026863126573586627,544.29999999999995,0.026781787509642861,544.29999999999995,0.026843756093012216,544.29999999999995,0.026450497189796803,544.29999999999995,0.032135584886786535,544.29999999999995,0.033277849834270075,544.29999999999995,0.029991734696472625,544.29999999999995,0.03058950687927571,544.29999999999995,0.030059340640709371,544.29999999999995,0.029380738028025741,544.29999999999995,0.027932911167060856,544.29999999999995,0.028523816790010429,544.29999999999995,0.050627018641438419,544.29999999999995,0.050555979417274903,544.29999999999995,0.045884684180632906,544.29999999999995,0.045688563363088429,544.29999999999995,0.043056763561455706,544.29999999999995,0.043789238998669072,544.29999999999995,0.04013249917346965,544.29999999999995,0.040478963742868523,544.29999999999995,0.084974780227698513,544.29999999999995,0.085606376575705939,544.29999999999995,0.072897391554979096,544.29999999999995,0.073115892271305424,544.29999999999995,0.070091638903724052,544.29999999999995,0.070459338945262504,544.29999999999995,0.062821223604011447,544.29999999999995,0.063582267321109165
545,0.039307155633546115,545,0.038534243788306506,545,0.037475606758051255,545,0.035478327950289504,545,0.034312114815662535,545,0.034816467875520278,545,0.034195637615184418,545,0.032011520561532003,545,0.042646550189466198,545,0.042796682010460912,545,0.03944215559115994,545,0.038033112077515828,545,0.038029424480557461,545,0.037600985054635772,545,0.034436475844120608,545,0.03469943965480702,545,0.063693149546891814,545,0.067323440400803652,545,0.062734925357951235,545,0.05924806930986834,545,0.056563032476284934,545,0.056274382645405754,545,0.051571170621296507,545,0.050142671854734117,545,0.1055242321744954,545,0.10448759356747454,545,0.091294431304731166,545,0.091053296372591408,545,0.08739609029950067,545,0.086672134482846316,545,0.076958113984893578,545,0.07781164432915405,545,0.029121758517501248,545,0.028841543534837196,545,0.027031908310232864,545,0.028317480905029547,545,0.02735565389147444,545,0.026461348049812237,545,0.026749658791315922,545,0.026613260090028231,545,0.032295804616701847,545,0.032859074455549635,545,0.030687715639649723,545,0.030214813119367939,545,0.02936420742097098,545,0.029508744267270248,545,0.027983774573383181,545,0.028767961140357571,545,0.051328085925247749,545,0.050855225791137895,545,0.045548985698905586,545,0.045778422047591194,545,0.04312712460686826,545,0.043535769690496176,545,0.040435984164526172,545,0.039994065935929066,545,0.086066648016751027,545,0.085975983994981464,545,0.073085586158371685,545,0.073950899858430202,545,0.069621152395242566,545,0.070166026635470446,545,0.062522824953587158,545,0.063460195145935594
545.70000000000005,0.039770012631079238,545.70000000000005,0.03910645710943262,545.70000000000005,0.038275009960750409,545.70000000000005,0.035610572806727539,545.70000000000005,0.034674940447428429,545.70000000000005,0.035028398735196621,545.70000000000005,0.034385527665454427,545.70000000000005,0.033124581436552128,545.70000000000005,0.043647711570577223,545.70000000000005,0.043353636309690337,545.70000000000005,0.038586802641506233,545.70000000000005,0.038690945465951192,545.70000000000005,0.038547383501606441,545.70000000000005,0.037531471732661935,545.70000000000005,0.034390698778430519,545.70000000000005,0.035418309130829155,545.70000000000005,0.063556666073260243,545.70000000000005,0.068098259623780355,545.70000000000005,0.063082491967820412,545.70000000000005,0.059743987521510972,545.70000000000005,0.057265795206971677,545.70000000000005,0.056412561565914732,545.70000000000005,0.051636445326076821,545.70000000000005,0.050157930876630813,545.70000000000005,0.10781393318243856,545.70000000000005,0.10629324449191696,545.70000000000005,0.091513991675355844,545.70000000000005,0.091671286759407625,545.70000000000005,0.087192636674211413,545.70000000000005,0.087341835999423537,545.70000000000005,0.077029322753744828,545.70000000000005,0.0779438891855921,545.70000000000005,0.029293846375558433,545.70000000000005,0.029888481981638314,545.70000000000005,0.027648203250171664,545.70000000000005,0.02824966302993312,545.70000000000005,0.027568432474589486,545.70000000000005,0.027027627306867408,545.70000000000005,0.02640548307520155,545.70000000000005,0.027234641370599253,545.70000000000005,0.032672193823487024,545.70000000000005,0.032533548655086772,545.70000000000005,0.030942880394700029,545.70000000000005,0.030649695243423789,545.70000000000005,0.029336232547493703,545.70000000000005,0.030154709527563727,545.70000000000005,0.028280477776930053,545.70000000000005,0.028513644108745961,545.70000000000005,0.051871476649457883,545.70000000000005,0.051025618202317678,545.70000000000005,0.045792282325814025,545.70000000000005,0.045866585285216553,545.70000000000005,0.043189856141332444,545.70000000000005,0.043728202911082294,545.70000000000005,0.040357145884726574,545.70000000000005,0.03996270016869697,545.70000000000005,0.087519645990691994,545.70000000000005,0.08662449242559106,545.70000000000005,0.073389071149428206,545.70000000000005,0.074459533921653415,545.70000000000005,0.070313742444664845,545.70000000000005,0.070662792570551775,545.70000000000005,0.06224985800632403,545.70000000000005,0.063603460407076789
546.5,0.039800530674872631,546.5,0.038980146317065513,546.5,0.038603926654968083,546.5,0.035350321711044984,546.5,0.034327373837559232,546.5,0.034974144435119481,546.5,0.033996422607088669,546.5,0.033333121402473652,546.5,0.043648559294015926,546.5,0.04321630511262007,546.5,0.038735154243279668,546.5,0.03855954833295186,546.5,0.038315955002839873,546.5,0.037690843739138537,546.5,0.034445800801946369,546.5,0.035189423802378703,546.5,0.063719428973491685,546.5,0.068853581207666811,546.5,0.063039258072446439,546.5,0.059012402193908256,546.5,0.056688495545213317,546.5,0.056042954146639193,546.5,0.051115095411273029,546.5,0.049539092766375893,546.5,0.10814539304697236,546.5,0.10681883302391426,546.5,0.091392767223620969,546.5,0.09131185202139655,546.5,0.086751820486084624,546.5,0.086793358934581163,546.5,0.076941159516119489,546.5,0.077573434042877865,546.5,0.029430329849189998,546.5,0.029195891932216035,546.5,0.027481201732746711,546.5,0.028113179556301559,546.5,0.026973330620618328,546.5,0.027001347880267545,546.5,0.025732390664869497,546.5,0.026666666666666668,546.5,0.032609462289022825,546.5,0.032883658435272092,546.5,0.031059866229241374,546.5,0.030268219696006377,546.5,0.029567661046260265,546.5,0.030151318633808911,546.5,0.027872722802912777,546.5,0.028455998914914002,546.5,0.052302967879758903,546.5,0.051513906903011962,546.5,0.045739723472614305,546.5,0.045810635538262,546.5,0.043578961199698202,546.5,0.043462865474767513,546.5,0.040800505243169471,546.5,0.039806719055975173,546.5,0.087985893881979957,546.5,0.087216203385807406,546.5,0.073275476208641679,546.5,0.074601103735917204,546.5,0.069540618668565563,546.5,0.070783169298847926,546.5,0.062147283470240677,546.5,0.062491247255495368
547.20000000000005,0.039717453777879504,547.20000000000005,0.039677822707120031,547.20000000000005,0.039238871510558396,547.20000000000005,0.035672456617753021,547.20000000000005,0.033992523079270615,547.20000000000005,0.034535023693870112,547.20000000000005,0.034059154141552854,547.20000000000005,0.033441630002627939,547.20000000000005,0.044414053559166868,547.20000000000005,0.043436713206683457,547.20000000000005,0.03869870213541534,547.20000000000005,0.03849935996880377,547.20000000000005,0.03832697540754304,547.20000000000005,0.037475521985707388,547.20000000000005,0.034346617159617843,547.20000000000005,0.035593787882641156,547.20000000000005,0.063893212278426273,547.20000000000005,0.069821681374668335,547.20000000000005,0.063663182523333597,547.20000000000005,0.058993752278256741,547.20000000000005,0.057133550350533642,547.20000000000005,0.055886125310478707,547.20000000000005,0.050994718682976857,547.20000000000005,0.049902766121580497,547.20000000000005,0.10983321041343472,547.20000000000005,0.10840153268397716,547.20000000000005,0.091380899095479098,547.20000000000005,0.091624661970278826,547.20000000000005,0.086772165848613553,547.20000000000005,0.086266922679145139,547.20000000000005,0.076801285148733092,547.20000000000005,0.077243669625221473,547.20000000000005,0.029189576392597678,547.20000000000005,0.029410365962208491,547.20000000000005,0.027588014886023585,547.20000000000005,0.027752897094851781,547.20000000000005,0.026724099929638954,547.20000000000005,0.026891143833235844,547.20000000000005,0.025717131642972801,547.20000000000005,0.026323338673991,547.20000000000005,0.03333426582911591,547.20000000000005,0.033183752532573781,547.20000000000005,0.030569034358230975,547.20000000000005,0.03084297618744861,547.20000000000005,0.030296703203546872,547.20000000000005,0.03015894814475726,547.20000000000005,0.027899849952951351,547.20000000000005,0.028059264345599889,547.20000000000005,0.052190220662411094,547.20000000000005,0.05179026474402991,547.20000000000005,0.045894856861897385,547.20000000000005,0.046048845824538193,547.20000000000005,0.043681535735781547,547.20000000000005,0.043214482507226849,547.20000000000005,0.040552122275628801,547.20000000000005,0.03998982731873553,547.20000000000005,0.088897196578588189,547.20000000000005,0.087574790400379771,547.20000000000005,0.073434848215118295,547.20000000000005,0.07418148063375804,547.20000000000005,0.070658765884217919,547.20000000000005,0.071347753109025691,547.20000000000005,0.062832244008714608,547.20000000000005,0.062012283512626838
547.89999999999998,0.039771708077956637,547.89999999999998,0.039192924900180566,547.89999999999998,0.039017615693056298,547.89999999999998,0.035784356111662127,547.89999999999998,0.033597483956833915,547.89999999999998,0.034646923187779219,547.89999999999998,0.033915041156972948,547.89999999999998,0.032419275535549283,547.89999999999998,0.043838449344285928,547.89999999999998,0.043739350474301275,547.89999999999998,0.039034400617142667,547.89999999999998,0.038434085264023456,547.89999999999998,0.037779346066139377,547.89999999999998,0.037812068190873405,547.89999999999998,0.034256758475115077,547.89999999999998,0.035037681306850442,547.89999999999998,0.064218738078889143,547.89999999999998,0.0701336436001119,547.89999999999998,0.063745411696888007,547.89999999999998,0.059422700338241645,547.89999999999998,0.056500300941820743,547.89999999999998,0.055609767469460759,547.89999999999998,0.05103964802522825,547.89999999999998,0.050381729864449026,547.89999999999998,0.11077672660071379,547.89999999999998,0.10914159524596694,547.89999999999998,0.09251006671583463,547.89999999999998,0.092018005645838105,547.89999999999998,0.087159575460101876,547.89999999999998,0.086401710705899304,547.89999999999998,0.076829260022210369,547.89999999999998,0.076669760857217939,547.89999999999998,0.029565117875944152,547.89999999999998,0.029367979790273224,547.89999999999998,0.027463399540533895,547.89999999999998,0.027643540771258787,547.89999999999998,0.026646957096716765,547.89999999999998,0.026820782787823301,547.89999999999998,0.025490789484838471,547.89999999999998,0.025938472232818768,547.89999999999998,0.033133355374142741,547.89999999999998,0.033030314590168107,547.89999999999998,0.030151106702949231,547.89999999999998,0.030375032849283251,547.89999999999998,0.030409450420894685,547.89999999999998,0.02973678187228199,547.89999999999998,0.028228766647169029,547.89999999999998,0.027996532811135694,547.89999999999998,0.052736154556937337,547.89999999999998,0.052567627137322721,547.89999999999998,0.04619325551232166,547.89999999999998,0.045980180226003073,547.89999999999998,0.043789196612497139,547.89999999999998,0.043320447937065021,547.89999999999998,0.04059535617100278,547.89999999999998,0.039736358010562634,547.89999999999998,0.089583852563939526,547.89999999999998,0.088288573535769674,547.89999999999998,0.073499275196459907,547.89999999999998,0.074247603061977058,547.89999999999998,0.070312046997787453,547.89999999999998,0.071449479921670334,547.89999999999998,0.062615226808406046,547.89999999999998,0.062014826682942954
548.60000000000002,0.040167594923832046,548.60000000000002,0.040238167900104267,548.60000000000002,0.039636453803311211,548.60000000000002,0.035936098607190388,548.60000000000002,0.034099336232547482,548.60000000000002,0.034832574620855691,548.60000000000002,0.033980315861753263,548.60000000000002,0.031930986834854999,548.60000000000002,0.044294524554309413,548.60000000000002,0.044290370709459757,548.60000000000002,0.038960648677975294,548.60000000000002,0.038329815281062697,548.60000000000002,0.038508388223425984,548.60000000000002,0.037842586234666797,548.60000000000002,0.034404262353449802,548.60000000000002,0.035041919924043978,548.60000000000002,0.064996948195620657,548.60000000000002,0.070808431457321366,548.60000000000002,0.06475589803582478,548.60000000000002,0.06029924637386299,548.60000000000002,0.056497757771504613,548.60000000000002,0.056648228681874815,548.60000000000002,0.050593745496469222,548.60000000000002,0.050524995125590229,548.60000000000002,0.11278244025669065,548.60000000000002,0.1098316421250731,548.60000000000002,0.09409361409933624,548.60000000000002,0.093419292490018055,548.60000000000002,0.087840297381382285,548.60000000000002,0.087616498393564071,548.60000000000002,0.076654628993837057,548.60000000000002,0.076128913303323928,548.60000000000002,0.029119215347185132,548.60000000000002,0.029518874562362782,548.60000000000002,0.027993226689724739,548.60000000000002,0.027642693047820081,548.60000000000002,0.026510473623085198,548.60000000000002,0.027353153107330268,548.60000000000002,0.025765451878979006,548.60000000000002,0.026075803429889036,548.60000000000002,0.033587735137288806,548.60000000000002,0.032836185922704576,548.60000000000002,0.030647872638030565,548.60000000000002,0.03079889456863593,548.60000000000002,0.030387409611488347,548.60000000000002,0.029459576307825336,548.60000000000002,0.028562769682018936,548.60000000000002,0.027693047820079177,548.60000000000002,0.052665793511524804,548.60000000000002,0.052892305214346867,548.60000000000002,0.046372125157888494,548.60000000000002,0.04596576892754508,548.60000000000002,0.044484329832235527,548.60000000000002,0.044177496333596127,548.60000000000002,0.040363927672236219,548.60000000000002,0.039495604553970311,548.60000000000002,0.090463789493315697,548.60000000000002,0.08920241940269405,548.60000000000002,0.07403249323940557,548.60000000000002,0.074662987546942686,548.60000000000002,0.070830006018836406,548.60000000000002,0.072197171994608469,548.60000000000002,0.062729669472631255,548.60000000000002,0.062865093291964436
549.39999999999998,0.040761001330925792,549.39999999999998,0.040584886786534762,549.39999999999998,0.039396548070157598,549.39999999999998,0.035915753244661459,549.39999999999998,0.034645270127073739,549.39999999999998,0.035042810033654614,549.39999999999998,0.033965056839856567,549.39999999999998,0.031329950916812899,549.39999999999998,0.04429367683087071,549.39999999999998,0.044976178971372398,549.39999999999998,0.038431669252223154,549.39999999999998,0.038884226409976012,549.39999999999998,0.03847108839212296,549.39999999999998,0.038514830921560148,549.39999999999998,0.034646711256919531,549.39999999999998,0.034689266973542549,549.39999999999998,0.064662097437332033,549.39999999999998,0.070823690479218063,549.39999999999998,0.064916965489178802,549.39999999999998,0.060587472343022808,549.39999999999998,0.055844163000262792,549.39999999999998,0.057577333570695888,549.39999999999998,0.050119020370794229,549.39999999999998,0.050864084501072375,549.39999999999998,0.1135038529030289,549.39999999999998,0.11168985190271526,549.39999999999998,0.09527279740257541,549.39999999999998,0.094157659605130437,549.39999999999998,0.088684629926332831,549.39999999999998,0.088599857582462291,549.39999999999998,0.076862321236319878,549.39999999999998,0.076361189525529186,549.39999999999998,0.029844018887278213,549.39999999999998,0.029929172706696171,549.39999999999998,0.02811614658833702,549.39999999999998,0.027709663199477801,549.39999999999998,0.026195968227325513,549.39999999999998,0.027098836075718662,549.39999999999998,0.025283097242355657,549.39999999999998,0.02639369971940354,549.39999999999998,0.033186761950781171,549.39999999999998,0.032753109025711456,549.39999999999998,0.030496130142502308,549.39999999999998,0.030807371803022988,549.39999999999998,0.030462009274094416,549.39999999999998,0.02973678187228199,549.39999999999998,0.028330493459813668,549.39999999999998,0.027927019489161854,549.39999999999998,0.053643218636352075,549.39999999999998,0.053073718030229824,549.39999999999998,0.046792595983486354,549.39999999999998,0.046285360663937007,549.39999999999998,0.04439701431804887,549.39999999999998,0.044213100718021758,549.39999999999998,0.040257114518959337,549.39999999999998,0.039383705060061211,549.39999999999998,0.091546332324542443,549.39999999999998,0.090791900850266588,549.39999999999998,0.075051456812729414,549.39999999999998,0.07568279884370524,549.39999999999998,0.070633334181056773,549.39999999999998,0.071941159516119457,549.39999999999998,0.061960784313725495,549.39999999999998,0.06256330374778532
550.10000000000002,0.041039902342259856,550.10000000000002,0.041379203648601676,550.10000000000002,0.039526249756279518,550.10000000000002,0.035757228961623561,550.10000000000002,0.0344485982892941,550.10000000000002,0.034980078499190416,550.10000000000002,0.033685308105083793,550.10000000000002,0.031824173681578125,550.10000000000002,0.044550537032798425,550.10000000000002,0.044971092630740166,550.10000000000002,0.038884353568491813,550.10000000000002,0.038860490153692258,550.10000000000002,0.038399879623271703,550.10000000000002,0.038798818273526436,550.10000000000002,0.035064638912201282,550.10000000000002,0.03487830930037384,550.10000000000002,0.065998109576731676,550.10000000000002,0.071618007341284998,550.10000000000002,0.066123275942456539,550.10000000000002,0.060766341988589635,550.10000000000002,0.05643841713079524,550.10000000000002,0.058286878088892269,550.10000000000002,0.050130040775497396,550.10000000000002,0.050494477081796836,550.10000000000002,0.11431342878699251,550.10000000000002,0.11383798309639462,550.10000000000002,0.095497444113832305,550.10000000000002,0.095219009350389544,550.10000000000002,0.088805006654628982,550.10000000000002,0.088789747632732285,550.10000000000002,0.076715665081423842,550.10000000000002,0.076092461195459593,550.10000000000002,0.030019497639090221,550.10000000000002,0.029725719081406882,550.10000000000002,0.027682959911158579,550.10000000000002,0.027820714969948205,550.10000000000002,0.02633329942439578,550.10000000000002,0.02675550808304299,550.10000000000002,0.025706111238269633,550.10000000000002,0.025896933784322205,550.10000000000002,0.033940388087790235,550.10000000000002,0.033202402448225296,550.10000000000002,0.030747056280359099,550.10000000000002,0.031309224078736556,550.10000000000002,0.030350957503624015,550.10000000000002,0.029657943592482389,550.10000000000002,0.027860854674770903,550.10000000000002,0.02840598323203038,550.10000000000002,0.054436687774980286,550.10000000000002,0.053335664572789779,550.10000000000002,0.046999440502530458,550.10000000000002,0.046412519179742803,550.10000000000002,0.04439701431804887,550.10000000000002,0.044281766316556892,550.10000000000002,0.040001102040470325,550.10000000000002,0.039679560540169377,550.10000000000002,0.092680586285530206,550.10000000000002,0.092054161050498864,550.10000000000002,0.07604922730008562,550.10000000000002,0.076683960224816258,550.10000000000002,0.07068674075769521,550.10000000000002,0.071675822079804663,550.10000000000002,0.06239820960809745,550.10000000000002,0.062536176597746754
550.79999999999995,0.04181896018243008,550.79999999999995,0.041552986953536271,550.79999999999995,0.039579656332917955,550.79999999999995,0.035936946330629098,550.79999999999995,0.034207844832701777,550.79999999999995,0.034951255902274436,550.79999999999995,0.033779405406780087,550.79999999999995,0.031875884811339149,550.79999999999995,0.045776345125166373,550.79999999999995,0.045373761264125206,550.79999999999995,0.039254808711206061,550.79999999999995,0.039428464857624856,550.79999999999995,0.038582987886032059,550.79999999999995,0.038712350482778497,550.79999999999995,0.035069725252833514,550.79999999999995,0.035083458372540531,550.79999999999995,0.066650856624534807,550.79999999999995,0.072944694522858858,550.79999999999995,0.067044751320329263,550.79999999999995,0.061233437603316287,550.79999999999995,0.056891949170502609,550.79999999999995,0.057918966116494157,550.79999999999995,0.051000652747047806,550.79999999999995,0.050513126997448358,550.79999999999995,0.11603261192068699,550.79999999999995,0.1160344345260802,550.79999999999995,0.095082059628866678,550.79999999999995,0.0957827454371286,550.79999999999995,0.089562023685392872,550.79999999999995,0.088899103956325276,550.79999999999995,0.076986936581809579,550.79999999999995,0.076246746861303977,550.79999999999995,0.030339089375482138,550.79999999999995,0.030241982655578446,550.79999999999995,0.027526131074998093,550.79999999999995,0.02807927061875334,550.79999999999995,0.026406203640124443,550.79999999999995,0.0262350058916779,550.79999999999995,0.025382280884684184,550.79999999999995,0.025857938506141757,550.79999999999995,0.03396327662063528,550.79999999999995,0.032857379008672215,550.79999999999995,0.030920839585293694,550.79999999999995,0.031448250722684236,550.79999999999995,0.030378932377101292,550.79999999999995,0.029603689292405245,550.79999999999995,0.027584496833752956,550.79999999999995,0.028380551528869223,550.79999999999995,0.055247111382382606,550.79999999999995,0.054096072497308488,550.79999999999995,0.047113883166755681,550.79999999999995,0.046588845654993521,550.79999999999995,0.044146088180192097,550.79999999999995,0.044106287564744877,550.79999999999995,0.039775607605774699,550.79999999999995,0.040391648228681874,550.79999999999995,0.0945811822351076,550.79999999999995,0.093015479429990736,550.79999999999995,0.076430702847503029,550.79999999999995,0.077356204911709608,550.79999999999995,0.07110466841297694,550.79999999999995,0.071613938268779181,550.79999999999995,0.062384646033078167,550.79999999999995,0.062219128031670949
551.60000000000002,0.04226825360494392,551.60000000000002,0.042055686952688555,551.60000000000002,0.040117960716495857,551.60000000000002,0.036182786127853653,551.60000000000002,0.034317201156294767,551.60000000000002,0.035233547807363319,551.60000000000002,0.033666658189432278,551.60000000000002,0.032269228486898428,551.60000000000002,0.046291760975899224,551.60000000000002,0.045739977789645919,551.60000000000002,0.039810067563558066,551.60000000000002,0.040047302967879762,551.60000000000002,0.038672846570534825,551.60000000000002,0.039010749133202773,551.60000000000002,0.034955282588608291,551.60000000000002,0.035276739316565359,551.60000000000002,0.067618109068097634,551.60000000000002,0.073839042750693015,551.60000000000002,0.068143400896891401,551.60000000000002,0.061358052948805981,551.60000000000002,0.05770237277790493,551.60000000000002,0.057759594110017541,551.60000000000002,0.051399082763239311,551.60000000000002,0.050179123962598444,551.60000000000002,0.11815361596432779,551.60000000000002,0.11688215796478554,551.60000000000002,0.095961996558242835,551.60000000000002,0.096025194340598322,551.60000000000002,0.089322965675677976,551.60000000000002,0.089144096030111142,551.60000000000002,0.076340971321516085,551.60000000000002,0.075688097115197139,551.60000000000002,0.030423013995913968,551.60000000000002,0.030093631053805012,551.60000000000002,0.027564278629739834,551.60000000000002,0.02882272407449794,551.60000000000002,0.027094555072353192,551.60000000000002,0.026947093580190401,551.60000000000002,0.025618795724082977,551.60000000000002,0.025491721980621045,551.60000000000002,0.034911879148546571,551.60000000000002,0.033098132465264531,551.60000000000002,0.031419300967252435,551.60000000000002,0.031522850385290312,551.60000000000002,0.030035604384425624,551.60000000000002,0.029694395700346723,551.60000000000002,0.027598060408772242,551.60000000000002,0.028458542085230118,551.60000000000002,0.055435305985775202,551.60000000000002,0.055131990539406428,551.60000000000002,0.047547917567372817,551.60000000000002,0.046983884777430214,551.60000000000002,0.044493654790061288,551.60000000000002,0.044590337648245638,551.60000000000002,0.039679814857200991,551.60000000000002,0.040799403202699147,551.60000000000002,0.09623848155777659,551.60000000000002,0.09445491382891244,551.60000000000002,0.076766401329230349,551.60000000000002,0.077809736951416963,551.60000000000002,0.07134711731644669,551.60000000000002,0.072206496952434238,551.60000000000002,0.062253248900078842,551.60000000000002,0.062292032247399605
552.29999999999995,0.043053245509185087,552.29999999999995,0.042525325737731323,552.29999999999995,0.040477395454506931,552.29999999999995,0.036954214457075522,552.29999999999995,0.035366682773411998,552.29999999999995,0.0354522604545493,552.29999999999995,0.034654255995524019,552.29999999999995,0.031964895772403211,552.29999999999995,0.046908903639276731,552.29999999999995,0.046125691954256851,552.29999999999995,0.040472987292625655,552.29999999999995,0.040537287115451459,552.29999999999995,0.039206064613480501,552.29999999999995,0.039070089773912159,552.29999999999995,0.034762849368022174,552.29999999999995,0.035234353144630082,552.29999999999995,0.067884294227851111,552.29999999999995,0.074610471079914878,552.29999999999995,0.068394327034748195,552.29999999999995,0.062659308427218688,552.29999999999995,0.057706611395098459,552.29999999999995,0.057823173367920443,552.29999999999995,0.051538957130625708,552.29999999999995,0.050799657519730763,552.29999999999995,0.12137835592516295,552.29999999999995,0.11811813873841795,552.29999999999995,0.096834303976670658,552.29999999999995,0.096743216093181761,552.29999999999995,0.090031662470435633,552.29999999999995,0.089383154039826038,552.29999999999995,0.076034943160143448,552.29999999999995,0.076156888176801205,552.29999999999995,0.030619685833693611,552.29999999999995,0.030994761069148804,552.29999999999995,0.028167009994659341,552.29999999999995,0.028569254766325037,552.29999999999995,0.027023346303501939,552.29999999999995,0.027343828149504507,552.29999999999995,0.025667963683527889,552.29999999999995,0.025748582182548767,552.29999999999995,0.034868645253172598,552.29999999999995,0.03363643684884244,552.29999999999995,0.031938107711740119,552.29999999999995,0.031594906877580264,552.29999999999995,0.030384018717733524,552.29999999999995,0.030262370404279312,552.29999999999995,0.028127039834524387,552.29999999999995,0.028189813755160519,552.29999999999995,0.055789654383154037,552.29999999999995,0.05596275950933767,552.29999999999995,0.047768325661436212,552.29999999999995,0.047817196917677579,552.29999999999995,0.044949730000084773,552.29999999999995,0.0454389088103897,552.29999999999995,0.040360536778481386,552.29999999999995,0.041135949407865177,552.29999999999995,0.098223849851224523,552.29999999999995,0.095559497469545521,552.29999999999995,0.077649729152361346,552.29999999999995,0.077910616040622924,552.29999999999995,0.072108372964404074,552.29999999999995,0.07313390639437789,552.29999999999995,0.062549952103625725,552.29999999999995,0.062446317913243975
553,0.042696353941490135,553,0.042887303646058514,553,0.040765621423666749,553,0.037155972635487401,553,0.035696447191068389,553,0.035538728245297246,553,0.035102701694599156,553,0.031535947712418293,553,0.046975026067495748,553,0.046613132931512438,553,0.040570475488076768,553,0.040768715614218021,553,0.039565499351491562,553,0.040053448962810372,553,0.034881530649440926,553,0.034739282656426167,553,0.068786271966633603,553,0.075197095699499006,553,0.069273416240685629,553,0.06307384518874562,553,0.057487898747912464,553,0.058152937785576821,553,0.051480464213355039,553,0.051187914854657825,553,0.12293053754143247,553,0.11995769860040857,553,0.098035528089316148,553,0.097894424522943627,553,0.089787518120088491,553,0.090276654544221499,553,0.075647533548655096,553,0.076277264905097356,553,0.030831616693369954,553,0.030692971524969699,553,0.027859286386409297,553,0.028184388325152805,553,0.027593016454311944,553,0.027516763731000399,553,0.025756974644591951,553,0.025581580665123813,553,0.035322177292879973,553,0.034549434992328112,553,0.0313175741546078,553,0.031620338580741418,553,0.03012037672829616,553,0.03015640497444114,553,0.028153319261124254,553,0.027964319320464892,553,0.056520391987318064,553,0.056781660351127056,553,0.047953977094512684,553,0.048658138568873299,553,0.044817485143646738,553,0.045064215050481929,553,0.040190144367301617,553,0.040879089205937455,553,0.099006298585149588,553,0.096969261548112529,553,0.078914532522909711,553,0.078607444707238711,553,0.072725515627781595,553,0.073032179581733248,553,0.062606749574018988,553,0.062548044725888624
553.79999999999995,0.042778583115044552,553.79999999999995,0.04297292371336775,553.79999999999995,0.041148792417961558,553.79999999999995,0.037781592533251945,553.79999999999995,0.035655756466010533,553.79999999999995,0.035557378160948769,553.79999999999995,0.03564439697193187,553.79999999999995,0.031307910107406557,553.79999999999995,0.047618448157473119,553.79999999999995,0.046517340182938724,553.79999999999995,0.040937539737036191,553.79999999999995,0.04075599976263744,553.79999999999995,0.039666378440697508,553.79999999999995,0.039479540194806845,553.79999999999995,0.034936632672956769,553.79999999999995,0.035334384510397325,553.79999999999995,0.070708061002178635,553.79999999999995,0.076576341734272607,553.79999999999995,0.070349177284402736,553.79999999999995,0.063803735069470915,553.79999999999995,0.057554021176131488,553.79999999999995,0.058885370836618253,553.79999999999995,0.051563541110348159,553.79999999999995,0.051571933572391343,553.79999999999995,0.12493201258021581,553.79999999999995,0.1227314496918525,553.79999999999995,0.098814585929486373,553.79999999999995,0.099648364317625027,553.79999999999995,0.090658130091638908,553.79999999999995,0.091047235150004666,553.79999999999995,0.076153624441562207,553.79999999999995,0.076764705882352943,553.79999999999995,0.031013029509252901,553.79999999999995,0.03077520069852412,553.79999999999995,0.028011876605376261,553.79999999999995,0.027635911260310442,553.79999999999995,0.027213236353771948,553.79999999999995,0.027623576884277273,553.79999999999995,0.025923128438578202,553.79999999999995,0.026112255537753364,553.79999999999995,0.034770309334282781,553.79999999999995,0.035460737688936372,553.79999999999995,0.030937794054067803,553.79999999999995,0.031314310419368795,553.79999999999995,0.030111051770470403,553.79999999999995,0.029973296711680784,553.79999999999995,0.02839068182396175,553.79999999999995,0.027894805998491052,553.79999999999995,0.057279952188398056,553.79999999999995,0.057536981935013512,553.79999999999995,0.048274416554343308,553.79999999999995,0.048802251553453198,553.79999999999995,0.044952273170400896,553.79999999999995,0.045006569856649963,553.79999999999995,0.040035010978018537,553.79999999999995,0.040566279257055173,553.79999999999995,0.10049998728414841,553.79999999999995,0.098839339453896544,553.79999999999995,0.07929939896408196,553.79999999999995,0.080227444198604655,553.79999999999995,0.073253647330095012,553.79999999999995,0.074191865245882185,553.79999999999995,0.063157769809177464,553.79999999999995,0.062374261420954036
554.5,0.042505616167781424,554.5,0.043236565702805117,554.5,0.041724396632842498,554.5,0.037925705517831865,554.5,0.035242915151361014,554.5,0.03525982723396319,554.5,0.035830048405008343,554.5,0.031206183294761918,554.5,0.048883251528021504,554.5,0.047141264633825876,554.5,0.040453489653535422,554.5,0.040746674804811679,554.5,0.039697744207929604,554.5,0.039620262285631938,554.5,0.034758610750828645,554.5,0.035445436280867729,554.5,0.071310792367098155,554.5,0.077979324025329977,554.5,0.07158261488771904,554.5,0.064420030009409726,554.5,0.05876372252316403,554.5,0.059697489890897987,554.5,0.051434687147664943,554.5,0.051189610301535238,554.5,0.12611882539440328,554.5,0.12491857616371232,554.5,0.099589405152463062,554.5,0.10022735942626078,554.5,0.091074362300043232,554.5,0.092568898722480766,554.5,0.077037799988131886,554.5,0.077614972491374418,554.5,0.031389418716038078,554.5,0.030412375066758222,554.5,0.027639726015784613,554.5,0.028208124581436553,554.5,0.027584539219924892,554.5,0.027369259852665667,554.5,0.025731542941430791,554.5,0.026206352839449658,554.5,0.035305222824105864,554.5,0.035893924366114806,554.5,0.030850478539881151,554.5,0.031427905360155307,554.5,0.030463704720971829,554.5,0.029813076981765472,554.5,0.028249959733136664,554.5,0.027787992845214174,554.5,0.058149716436509756,554.5,0.057793842136941241,554.5,0.048737273551876438,554.5,0.049337165043276288,554.5,0.044904800657833394,554.5,0.044558124157574833,554.5,0.040145215025050224,554.5,0.040379780100539997,554.5,0.10172325220620025,554.5,0.10078656019260276,554.5,0.080365835049973286,554.5,0.08142782058781145,554.5,0.074114086620380965,554.5,0.074003670642489597,554.5,0.062822071327450144,554.5,0.062559912854030508
555.20000000000005,0.043548315997389002,555.20000000000005,0.043524791671964935,555.20000000000005,0.042461068301077466,555.20000000000005,0.037903664708425523,555.20000000000005,0.035427718860998783,555.20000000000005,0.035632825546993541,555.20000000000005,0.035663046887583393,555.20000000000005,0.031815696447191066,555.20000000000005,0.049336783567728866,555.20000000000005,0.0476838076345973,555.20000000000005,0.040756974644591944,555.20000000000005,0.041195120503886809,555.20000000000005,0.039882547917567374,555.20000000000005,0.039384595169671854,555.20000000000005,0.034845926265015294,555.20000000000005,0.035617524138924911,555.20000000000005,0.072534905012588691,555.20000000000005,0.07929753397251682,555.20000000000005,0.072465942710850009,555.20000000000005,0.065463577562456035,555.20000000000005,0.06013703449386671,555.20000000000005,0.060045904224205894,555.20000000000005,0.051576256961928739,555.20000000000005,0.051287946220425047,555.20000000000005,0.12891970363588584,555.20000000000005,0.1272286225341844,555.20000000000005,0.10054987580851625,555.20000000000005,0.10117257106041724,555.20000000000005,0.092052635148309206,555.20000000000005,0.09338271322363792,555.20000000000005,0.077518459177877821,555.20000000000005,0.078165992726532893,555.20000000000005,0.031742919389978218,555.20000000000005,0.030520035943473803,555.20000000000005,0.028285691276078093,555.20000000000005,0.028886303332400842,555.20000000000005,0.027468401108822253,555.20000000000005,0.027387909768317186,555.20000000000005,0.026120647999796548,555.20000000000005,0.026102930579927602,555.20000000000005,0.035626510007375191,555.20000000000005,0.036318633808906188,555.20000000000005,0.031710917830167093,555.20000000000005,0.031674592880818558,555.20000000000005,0.03071123996507379,555.20000000000005,0.030749811381534892,555.20000000000005,0.028039724320337731,555.20000000000005,0.028210159117689444,555.20000000000005,0.059313640717852209,555.20000000000005,0.059095097615353961,555.20000000000005,0.049837618575315989,555.20000000000005,0.049260022210354096,555.20000000000005,0.045654188177648915,555.20000000000005,0.045638123818485456,555.20000000000005,0.040731839644634345,555.20000000000005,0.040385714164610932,555.20000000000005,0.10323389537397319,555.20000000000005,0.10292282325814027,555.20000000000005,0.081437357476496872,555.20000000000005,0.08258920169883778,555.20000000000005,0.075227995218839799,555.20000000000005,0.075506684299314189,555.20000000000005,0.062689826471012108,555.20000000000005,0.06288543865449335
556,0.043777201325839454,556,0.044101243610284578,556,0.042773030526521025,556,0.037934182752218909,556,0.035966023244576685,556,0.035732009189322067,556,0.035761382806473216,556,0.032047972669396331,556,0.05014635945169249,556,0.048729050634521001,556,0.040747649686766182,556,0.041818197231335244,556,0.040292846061900763,556,0.039952569873604432,556,0.034828971796241191,556,0.035413222790196923,556,0.072589159312665838,556,0.080856497376295952,556,0.073423870196587054,556,0.065924739113111752,556,0.060378635673897736,556,0.060232403380721063,556,0.051918737231165697,556,0.051515136101998094,556,0.13106020531861684,556,0.12890881038969842,556,0.10203678272000544,556,0.10223392080567636,556,0.092599416766274187,556,0.093337783881386527,556,0.078149165416274605,556,0.078540686486440664,556,0.031987063740325353,556,0.03117786933190916,556,0.028501860752947958,556,0.029305926434559992,556,0.027381085594635601,556,0.027082729330383259,556,0.02633596975322771,556,0.026101235133050193,556,0.036475928892957962,556,0.036266922679145164,556,0.032289065215364149,556,0.032402787314666469,556,0.031187660537626203,556,0.030858319981689177,556,0.027881200037299828,556,0.028379703805430517,556,0.059885854038978323,556,0.059651204191144683,556,0.050375922958893898,556,0.049372769427701906,556,0.045783042140332138,556,0.04630697761162398,556,0.041310834753270104,556,0.040801946373015263,556,0.10516331392046657,556,0.10399773657841864,556,0.082728440273645121,556,0.083132592423047921,556,0.076102845807583724,556,0.075827123759144813,556,0.063002636419894384,556,0.063804370862049958
556.70000000000005,0.04501318209947186,556.70000000000005,0.044517475818688916,556.70000000000005,0.043004459025287586,556.70000000000005,0.038276663021455881,556.70000000000005,0.036869696430236597,556.70000000000005,0.036135525546145825,556.70000000000005,0.035380754982494503,556.70000000000005,0.032565931690445311,556.70000000000005,0.050643125386773818,556.70000000000005,0.049792943550096225,556.70000000000005,0.041656409213058333,556.70000000000005,0.042476878343209311,556.70000000000005,0.040954070344090938,556.70000000000005,0.039696557395115413,556.70000000000005,0.035278265218755038,556.70000000000005,0.035525970007544733,556.70000000000005,0.074101497927316184,556.70000000000005,0.08251888303959716,556.70000000000005,0.074478438154336524,556.70000000000005,0.066716512804862543,556.70000000000005,0.060588871086696666,556.70000000000005,0.060236641997914599,556.70000000000005,0.052492645999169231,556.70000000000005,0.052389138967303309,556.70000000000005,0.13275819536634367,556.70000000000005,0.1306746183125217,556.70000000000005,0.10320494561854142,556.70000000000005,0.10361147139357256,556.70000000000005,0.093763341047616633,556.70000000000005,0.093748082025719937,556.70000000000005,0.077793969295457066,556.70000000000005,0.078234658325068027,556.70000000000005,0.031577613319430667,556.70000000000005,0.031789077931215715,556.70000000000005,0.028518815221722067,556.70000000000005,0.029611106872493919,556.70000000000005,0.027528589472970332,556.70000000000005,0.027817705551740804,556.70000000000005,0.026413112586149898,556.70000000000005,0.026524249128964165,556.70000000000005,0.0368472317591109,556.70000000000005,0.036349999576138291,556.70000000000005,0.032342471792002586,556.70000000000005,0.032761374329238833,556.70000000000005,0.031029983978027007,556.70000000000005,0.031093987097649267,556.70000000000005,0.028261827861278534,556.70000000000005,0.028654366199571051,556.70000000000005,0.060747141052702958,556.70000000000005,0.061899366750591288,556.70000000000005,0.050961699855039296,556.70000000000005,0.049596568415520126,556.70000000000005,0.046362037248967883,556.70000000000005,0.047060603748633051,556.70000000000005,0.041176046726515945,556.70000000000005,0.041032527148343115,556.70000000000005,0.10620007968600323,556.70000000000005,0.10554567957749462,556.70000000000005,0.083116697608572182,556.70000000000005,0.083831964259979838,556.70000000000005,0.076536880208200875,556.70000000000005,0.076925773335706951,556.70000000000005,0.063557895272246381,556.70000000000005,0.064032408467061708
557.39999999999998,0.04523698108729008,557.39999999999998,0.044992200944363903,557.39999999999998,0.042615353966921829,557.39999999999998,0.03860388426879615,557.39999999999998,0.036127090697930707,557.39999999999998,0.035522621499961854,557.39999999999998,0.035625747056280355,557.39999999999998,0.032099683799157362,557.39999999999998,0.050946610377830333,557.39999999999998,0.050661012351330512,557.39999999999998,0.042010757610437169,557.39999999999998,0.042306485932029528,557.39999999999998,0.040532751795054375,557.39999999999998,0.039568551155870907,557.39999999999998,0.035020557293388606,557.39999999999998,0.03539881149173893,557.39999999999998,0.074870383086221945,557.39999999999998,0.084613607656638098,557.39999999999998,0.07481583208294125,557.39999999999998,0.066780939786204155,557.39999999999998,0.06082623364953417,557.39999999999998,0.060941947898917458,557.39999999999998,0.052663886133787717,557.39999999999998,0.052261980451497506,557.39999999999998,0.13345926265015301,557.39999999999998,0.13205386434729532,557.39999999999998,0.10434004730296788,557.39999999999998,0.10416164390529234,557.39999999999998,0.094444910692335723,557.39999999999998,0.093897281350932074,557.39999999999998,0.078677297118588049,557.39999999999998,0.078722947025762324,557.39999999999998,0.031459779761450625,557.39999999999998,0.032597806091740629,557.39999999999998,0.028979129048939074,557.39999999999998,0.029055000296703208,557.39999999999998,0.027528589472970332,557.39999999999998,0.027613404203012809,557.39999999999998,0.02612658206386749,557.39999999999998,0.02665903715571832,557.39999999999998,0.036876054356026887,557.39999999999998,0.036529716945143821,557.39999999999998,0.03243487364682146,557.39999999999998,0.032768156116748472,557.39999999999998,0.031267346540864507,557.39999999999998,0.030683688953315875,557.39999999999998,0.028393224994277867,557.39999999999998,0.028487364682146098,557.39999999999998,0.061851724693336052,557.39999999999998,0.061948534710036196,557.39999999999998,0.051004086026974552,557.39999999999998,0.050631638734179356,557.39999999999998,0.046072115832930652,557.39999999999998,0.047037715215788006,557.39999999999998,0.041363393606469831,557.39999999999998,0.041013029509252896,557.39999999999998,0.10936971762332255,557.39999999999998,0.10660363842899891,557.39999999999998,0.083577859159227899,557.39999999999998,0.0849840204131804,557.39999999999998,0.076786110899180235,557.39999999999998,0.077664140450819319,557.39999999999998,0.064677737934776172,557.39999999999998,0.063843366140230409
558.10000000000002,0.046118613463543651,558.10000000000002,0.045525418987309579,558.10000000000002,0.043194349075557595,558.10000000000002,0.038906521536413961,558.10000000000002,0.036145740613582215,558.10000000000002,0.035765918126870279,558.10000000000002,0.035417207090358831,558.10000000000002,0.03227601027440808,558.10000000000002,0.051663784406975069,558.10000000000002,0.051319693463204571,558.10000000000002,0.042298135856158284,558.10000000000002,0.04242601493688699,558.10000000000002,0.041110899180251424,558.10000000000002,0.039421895000974878,558.10000000000002,0.034871357968176461,558.10000000000002,0.035317430041623216,558.10000000000002,0.076102972966099539,558.10000000000002,0.086111534972830459,558.10000000000002,0.075638123818485462,558.10000000000002,0.067950798131617543,558.10000000000002,0.061193297898493593,558.10000000000002,0.061214067122741876,558.10000000000002,0.052476539253833825,558.10000000000002,0.051877114010325277,558.10000000000002,0.13509536888685433,558.10000000000002,0.13370353415901595,558.10000000000002,0.10613298237582972,558.10000000000002,0.10543068589303427,558.10000000000002,0.095376558751472912,558.10000000000002,0.095053576121326172,558.10000000000002,0.078805303357832548,558.10000000000002,0.078332146520519161,558.10000000000002,0.031612369980417589,558.10000000000002,0.032763112162288173,558.10000000000002,0.029092723989725591,558.10000000000002,0.029352551223688784,558.10000000000002,0.027351415274280914,558.10000000000002,0.027718521909412278,558.10000000000002,0.026150318320151241,558.10000000000002,0.026224155031662474,558.10000000000002,0.036534421810228632,558.10000000000002,0.036968837686393197,558.10000000000002,0.03250608241567271,558.10000000000002,0.032613870450904102,558.10000000000002,0.031371616523825259,558.10000000000002,0.030461585412375071,558.10000000000002,0.02890864084501072,558.10000000000002,0.028247458948992481,558.10000000000002,0.062869840543221187,558.10000000000002,0.062950543814585924,558.10000000000002,0.050886252468994517,558.10000000000002,0.051238608716292391,558.10000000000002,0.046540906894534724,558.10000000000002,0.046768139162279704,558.10000000000002,0.041359154989276295,558.10000000000002,0.040770580605783167,558.10000000000002,0.10979612251299135,558.10000000000002,0.10868819036477539,558.10000000000002,0.084543416155913292,558.10000000000002,0.086210676228987052,558.10000000000002,0.07726677008892617,558.10000000000002,0.077988818527843465,558.10000000000002,0.064128413146495089,558.10000000000002,0.064207887218873716
558.89999999999998,0.046420403007722759,558.89999999999998,0.045946737536346142,558.89999999999998,0.044094631367462681,558.89999999999998,0.039115909225774188,558.89999999999998,0.035520968439256374,558.89999999999998,0.035622652865729076,558.89999999999998,0.035641853801615761,558.89999999999998,0.032075947542873615,558.89999999999998,0.052002026059018512,558.89999999999998,0.051948704254723949,558.89999999999998,0.042398167221925513,558.89999999999998,0.042198825055313957,558.89999999999998,0.040953222620652235,558.89999999999998,0.040137373583242195,558.89999999999998,0.034792519688376863,558.89999999999998,0.034897806939464066,558.89999999999998,0.076716724735722205,558.89999999999998,0.086841424853555768,558.89999999999998,0.076696082669989743,558.89999999999998,0.067944864067546601,558.89999999999998,0.061100048320236001,558.89999999999998,0.061816798487661383,558.89999999999998,0.051897544145198066,558.89999999999998,0.051687223960055276,558.89999999999998,0.13651615337012452,558.89999999999998,0.13599238744352043,558.89999999999998,0.10771483431245392,558.89999999999998,0.10626993209735257,558.89999999999998,0.095387579156176086,558.89999999999998,0.095419792646846885,558.89999999999998,0.079263074014733439,558.89999999999998,0.078819587497774721,558.89999999999998,0.032510956825445261,558.89999999999998,0.032602892432372861,558.89999999999998,0.028984215389571306,558.89999999999998,0.029356789840882309,558.89999999999998,0.027170850181836674,558.89999999999998,0.027181065249273079,558.89999999999998,0.026300365368802089,558.89999999999998,0.026157184880004746,558.89999999999998,0.036464060764816085,558.89999999999998,0.037307927061875343,558.89999999999998,0.03283076049269687,558.89999999999998,0.032390071463085889,558.89999999999998,0.031139340301619994,558.89999999999998,0.030530251010910205,558.89999999999998,0.028595830896128445,558.89999999999998,0.028222874969270024,558.89999999999998,0.064438976628264782,558.89999999999998,0.062689444995464666,558.89999999999998,0.051216864610089605,558.89999999999998,0.051940523723540431,558.89999999999998,0.046577359002399045,558.89999999999998,0.046671498690267287,558.89999999999998,0.040524147402151524,558.89999999999998,0.040935038952892001,558.89999999999998,0.11202309198647034,558.89999999999998,0.1098453328586082,558.89999999999998,0.085638674838720619,558.89999999999998,0.087064333731763352,558.89999999999998,0.078222154404347113,558.89999999999998,0.078887405372871158,558.89999999999998,0.064006340971321518,558.89999999999998,0.064571560574078313
559.60000000000002,0.047021438925764852,559.60000000000002,0.046560489305968823,559.60000000000002,0.045082229173554422,559.60000000000002,0.03985173317057044,559.60000000000002,0.036974814136636065,559.60000000000002,0.036725541059484751,559.60000000000002,0.035450268304468353,559.60000000000002,0.032396387002704238,559.60000000000002,0.053386358434424352,559.60000000000002,0.052917652145164168,559.60000000000002,0.042328653899951676,559.60000000000002,0.04322372269270873,559.60000000000002,0.041206691928825138,559.60000000000002,0.040812161440451668,559.60000000000002,0.034930698608885834,559.60000000000002,0.035709925993743792,559.60000000000002,0.07763904783703364,559.60000000000002,0.08784343395810551,559.60000000000002,0.077498876766443722,559.60000000000002,0.069359714486745841,559.60000000000002,0.061332324542441266,559.60000000000002,0.062923925298610572,559.60000000000002,0.052245110755067263,559.60000000000002,0.05217212176699474,559.60000000000002,0.13966459822147623,559.60000000000002,0.13803370548392288,559.60000000000002,0.10921360935208498,559.60000000000002,0.10821460966574264,559.60000000000002,0.096515051329654211,559.60000000000002,0.096690530081466219,559.60000000000002,0.079224926459991699,559.60000000000002,0.079381628137636384,559.60000000000002,0.032910234565075483,559.60000000000002,0.03266308079652095,559.60000000000002,0.02863325788594729,559.60000000000002,0.029712833685138561,559.60000000000002,0.027063189305121096,559.60000000000002,0.027541347710722856,559.60000000000002,0.026238481557776597,559.60000000000002,0.026396242889719656,559.60000000000002,0.037219382348702555,559.60000000000002,0.038011537516000789,559.60000000000002,0.03285873536617414,559.60000000000002,0.032623195408729863,559.60000000000002,0.031568288361604913,559.60000000000002,0.030820172426947432,559.60000000000002,0.029241796156421928,559.60000000000002,0.028392419657011097,559.60000000000002,0.064666166509837836,559.60000000000002,0.063782160507955876,559.60000000000002,0.0522604121631359,559.60000000000002,0.052293176674041861,559.60000000000002,0.047078363554673916,559.60000000000002,0.047227605266058008,559.60000000000002,0.040530929189661169,559.60000000000002,0.041771741986894192,559.60000000000002,0.11310648254113578,559.60000000000002,0.11263858158914236,559.60000000000002,0.086802599120063079,559.60000000000002,0.087428854810406659,559.60000000000002,0.079438637538889315,559.60000000000002,0.078817892050897315,559.60000000000002,0.063526529505014293,559.60000000000002,0.065148860235836673
560.29999999999995,0.047297796766782807,560.29999999999995,0.046835999423548054,560.29999999999995,0.045613751769622672,560.29999999999995,0.039800869764248112,560.29999999999995,0.037243542466705658,560.29999999999995,0.036600925713995064,560.29999999999995,0.03571730118766054,560.29999999999995,0.032517611454439099,560.29999999999995,0.054340895026406592,560.29999999999995,0.05319061909242729,560.29999999999995,0.042674525062943461,560.29999999999995,0.043305104142824444,560.29999999999995,0.040973567983181171,560.29999999999995,0.041100387409611486,560.29999999999995,0.035430007714283285,560.29999999999995,0.035620067309241027,560.29999999999995,0.079056441426548996,560.29999999999995,0.089375270211846089,560.29999999999995,0.078366097844239299,560.29999999999995,0.07009129981434857,560.29999999999995,0.062075777998185866,560.29999999999995,0.063190110458364063,560.29999999999995,0.053025864042114894,560.29999999999995,0.052824868814797865,560.29999999999995,0.14203907157328993,560.29999999999995,0.14017675033697005,560.29999999999995,0.10938908810389698,560.29999999999995,0.10965489178810306,560.29999999999995,0.097010969541296843,560.29999999999995,0.097991785559878947,560.29999999999995,0.079389384807100533,560.29999999999995,0.08012592931681968,560.29999999999995,0.033045870315268344,560.29999999999995,0.032518967811941031,560.29999999999995,0.028391656705916261,560.29999999999995,0.029727244983596555,560.29999999999995,0.027685418309130828,560.29999999999995,0.027226842314963171,560.29999999999995,0.026296974475047266,560.29999999999995,0.026915049634207336,560.29999999999995,0.038055237659266029,560.29999999999995,0.038347235997728109,560.29999999999995,0.033450446326390479,560.29999999999995,0.03280630367149022,560.29999999999995,0.031569983808482319,560.29999999999995,0.031652636843756091,560.29999999999995,0.028779786882327508,560.29999999999995,0.028432262658630251,560.29999999999995,0.06610305773844341,560.29999999999995,0.065158863372413389,560.29999999999995,0.052858904910861884,560.29999999999995,0.053448623720997263,560.29999999999995,0.047387782609801372,560.29999999999995,0.048143994303298493,560.29999999999995,0.041024304230987685,560.29999999999995,0.042243076218814374,560.29999999999995,0.1159582241889406,560.29999999999995,0.11416702694912811,560.29999999999995,0.088052143468714775,560.29999999999995,0.088150267456744924,560.29999999999995,0.07934538796063173,560.29999999999995,0.079468095928384316,560.29999999999995,0.064446309436009597,560.29999999999995,0.065506599526970313
561.10000000000002,0.047836948873799412,561.10000000000002,0.047768495206123952,561.10000000000002,0.045957079762298347,561.10000000000002,0.04045531225892865,561.10000000000002,0.037566525096852398,561.10000000000002,0.037268931783694878,561.10000000000002,0.035989420411484965,561.10000000000002,0.032609165585819277,561.10000000000002,0.055282715766808238,561.10000000000002,0.053642455685257252,561.10000000000002,0.042927146647677661,561.10000000000002,0.044304570077058063,561.10000000000002,0.041979815704924421,561.10000000000002,0.041525944575841578,561.10000000000002,0.035557166230089088,561.10000000000002,0.036106660563057905,561.10000000000002,0.080063536871730956,561.10000000000002,0.091733636818324402,561.10000000000002,0.07888066597153344,561.10000000000002,0.071339148716122847,561.10000000000002,0.062787017963259653,561.10000000000002,0.063992904554818042,561.10000000000002,0.053810855946356061,561.10000000000002,0.053342827835846839,561.10000000000002,0.14505357612132616,561.10000000000002,0.14246814679179065,561.10000000000002,0.11025291828793775,561.10000000000002,0.11144613141408748,561.10000000000002,0.098771691123487854,561.10000000000002,0.098772538846926577,561.10000000000002,0.081029729660995406,561.10000000000002,0.08056081144087554,561.10000000000002,0.032963641141713927,561.10000000000002,0.033491306596136083,561.10000000000002,0.029511499368446034,561.10000000000002,0.029723006366403029,561.10000000000002,0.027487898747912482,561.10000000000002,0.02729974653069183,561.10000000000002,0.026300365368802089,561.10000000000002,0.026753982180853318,561.10000000000002,0.038600323830353583,561.10000000000002,0.038717691140442351,561.10000000000002,0.033614056950060617,561.10000000000002,0.033426837228622538,561.10000000000002,0.032139653959292323,561.10000000000002,0.031745038698574979,561.10000000000002,0.028668735111857108,561.10000000000002,0.028222874969270024,561.10000000000002,0.066952476624026175,561.10000000000002,0.066782253757534132,561.10000000000002,0.053726125988657468,561.10000000000002,0.053691920347905701,561.10000000000002,0.047868441799547308,561.10000000000002,0.048717055347863324,561.10000000000002,0.042388291243864597,561.10000000000002,0.042179496960911479,561.10000000000002,0.1174010494816171,561.10000000000002,0.11694671210464298,561.10000000000002,0.089173681578121972,561.10000000000002,0.088960691064147238,561.10000000000002,0.079723472614294313,561.10000000000002,0.079577452251977321,561.10000000000002,0.065768758000389962,561.10000000000002,0.06588637962751033
561.79999999999995,0.048092113628849721,561.79999999999995,0.047640488966879439,561.79999999999995,0.046267346540864507,561.79999999999995,0.040267965378974764,561.79999999999995,0.037044327458609895,561.79999999999995,0.037127361969431089,561.79999999999995,0.036192874036774243,561.79999999999995,0.032821944168934331,561.79999999999995,0.055127582377525158,561.79999999999995,0.053940006612242831,561.79999999999995,0.043689250019073776,561.79999999999995,0.044797945118384579,561.79999999999995,0.042449454489967189,561.79999999999995,0.041302993311462068,561.79999999999995,0.03580215830387494,561.79999999999995,0.036009172367606791,561.79999999999995,0.080711197578901855,561.79999999999995,0.092977247102905156,561.79999999999995,0.080806693624272022,561.79999999999995,0.071358646355213065,561.79999999999995,0.063593202953468472,561.79999999999995,0.063744521587277378,561.79999999999995,0.054068563871722486,561.79999999999995,0.053443706925052778,561.79999999999995,0.1463082068106101,561.79999999999995,0.14484601103735914,561.79999999999995,0.11172117528377543,561.79999999999995,0.11244051100768886,561.79999999999995,0.09944817442757474,561.79999999999995,0.099921204106372327,561.79999999999995,0.08086018497325434,561.79999999999995,0.080181879063774261,561.79999999999995,0.032907691394759381,561.79999999999995,0.034039783660978436,561.79999999999995,0.029634419267058312,561.79999999999995,0.030305392368793607,561.79999999999995,0.027904978679755516,561.79999999999995,0.027445554962149149,561.79999999999995,0.026386833159550035,561.79999999999995,0.026751439010537198,561.79999999999995,0.038511312869289521,561.79999999999995,0.038450658257250164,561.79999999999995,0.033887023897323745,561.79999999999995,0.03350313233810602,561.79999999999995,0.032053186168544377,561.79999999999995,0.031707738867271941,561.79999999999995,0.028680603239998981,561.79999999999995,0.028954460296872746,561.79999999999995,0.068425819960496098,561.79999999999995,0.067904639590380025,561.79999999999995,0.053487915702381261,561.79999999999995,0.05369954985885405,561.79999999999995,0.048742444664852523,561.79999999999995,0.048149080643930725,561.79999999999995,0.042397616201690351,561.79999999999995,0.041677644685197898,561.79999999999995,0.11826657511253527,561.79999999999995,0.11788938056848333,561.79999999999995,0.090156193043581453,561.79999999999995,0.089621067622898704,561.79999999999995,0.079903189983299844,561.79999999999995,0.080969414138331502,561.79999999999995,0.066227376380729563,561.79999999999995,0.066619660401990438
562.5,0.049220433525766549,562.5,0.048659452540203277,562.5,0.046646278917965807,562.5,0.040663852224850167,562.5,0.037137577036867493,562.5,0.03745882183396488,562.5,0.036572654137314239,562.5,0.033295821571170621,562.5,0.055420046963878505,562.5,0.054468986037994972,562.5,0.044153802463484305,562.5,0.045037850851538205,562.5,0.043056424472080218,562.5,0.04148949246797725,562.5,0.03601324144011258,562.5,0.036293159719573087,562.5,0.081847994710205735,562.5,0.094654891788103046,562.5,0.081682391936454643,562.5,0.072117358832854361,562.5,0.064034866865033957,562.5,0.0649686342327679,562.5,0.05382696269169146,562.5,0.053076642676093355,562.5,0.14799602417707244,562.5,0.14716707781253441,562.5,0.11323690479218061,562.5,0.11312886243991761,562.5,0.10066296211523952,562.5,0.10042983816959554,562.5,0.081674847197850176,562.5,0.081196604019904556,562.5,0.033247628493680223,562.5,0.034742546391665186,562.5,0.030386349957189963,562.5,0.030273178878122801,562.5,0.027671007010672839,562.5,0.027647313140561024,562.5,0.026005357612132626,562.5,0.026712443732356757,562.5,0.038647796342921079,562.5,0.039076278155014715,562.5,0.033521655095241736,562.5,0.034299144647050354,562.5,0.032093029170163524,562.5,0.031132134652391005,562.5,0.028205878114323985,562.5,0.028801870077905786,562.5,0.069334579486788242,562.5,0.068665047514898728,562.5,0.054095733407932993,562.5,0.054089502640658517,562.5,0.049240058323372575,562.5,0.048963742868526575,562.5,0.042522231547180038,562.5,0.041675949238320492,562.5,0.11962378033790255,562.5,0.11859129557573138,562.5,0.091281969770182186,562.5,0.09064342208997736,562.5,0.081251070250841356,562.5,0.082368157812195336,562.5,0.067477768452819956,562.5,0.06685447979451184
563.29999999999995,0.049383196425997984,563.29999999999995,0.048664538880835516,563.29999999999995,0.047087942829531292,563.29999999999995,0.040796944804726905,563.29999999999995,0.037885269109805615,563.29999999999995,0.03750120800590015,563.29999999999995,0.036706594440629695,563.29999999999995,0.033873121232928967,563.29999999999995,0.055748115934657484,563.29999999999995,0.054960665632444075,563.29999999999995,0.044299610894941631,563.29999999999995,0.045066673448454185,563.29999999999995,0.042944524978171125,563.29999999999995,0.041619194154099169,563.29999999999995,0.036339614964014139,563.29999999999995,0.035982045217568211,563.29999999999995,0.083121275315141199,563.29999999999995,0.095029585548010803,563.29999999999995,0.083059942524350852,563.29999999999995,0.072822664733857234,563.29999999999995,0.064716436509753061,563.29999999999995,0.064594788196298839,563.29999999999995,0.05417961564219289,563.29999999999995,0.052973220416571307,563.29999999999995,0.1496719734153929,563.29999999999995,0.1490473283995829,563.29999999999995,0.11517734374337717,563.29999999999995,0.11397658587862296,563.29999999999995,0.10180484558717565,563.29999999999995,0.10128858201300406,563.29999999999995,0.080701660690216434,563.29999999999995,0.08161622712206372,563.29999999999995,0.033925807244644508,563.29999999999995,0.034354289056738131,563.29999999999995,0.030109144392733312,563.29999999999995,0.030801310580436243,563.29999999999995,0.028226265863024843,563.29999999999995,0.028155947203784237,563.29999999999995,0.025844290158778607,563.29999999999995,0.027271093478463584,563.29999999999995,0.038967388079313006,563.29999999999995,0.039491662639980343,563.29999999999995,0.033447903156074363,563.29999999999995,0.033988877868484195,563.29999999999995,0.03192772309961598,563.29999999999995,0.031478005815382785,563.29999999999995,0.028655171536837824,563.29999999999995,0.029185041072200605,563.29999999999995,0.069922899553249748,563.29999999999995,0.069875596585369959,563.29999999999995,0.054195764773700236,563.29999999999995,0.054982155421615261,563.29999999999995,0.049484202673719717,563.29999999999995,0.04929265956274425,563.29999999999995,0.042913032052423215,563.29999999999995,0.04214558802336326,563.29999999999995,0.12218729601654756,563.29999999999995,0.12008667972160762,563.29999999999995,0.092261090341886856,563.29999999999995,0.092399905054974876,563.29999999999995,0.081641023032645824,563.29999999999995,0.083309978552596989,563.29999999999995,0.066630045014114583,563.29999999999995,0.067711528191042952
564,0.050222442630316277,564,0.049808965523087743,564,0.047828853114959782,564,0.040870696743894271,564,0.03818621093054602,564,0.037284190805591581,564,0.036647253799920308,564,0.03376122173901986,564,0.056435619643447517,564,0.05511071268109493,564,0.045036282563176593,564,0.044701304646372168,564,0.043296330205233838,564,0.041943024507684619,564,0.03654137314242601,564,0.035627696820189375,564,0.083730788467570344,564,0.096360511346778213,564,0.083754228020650537,564,0.073460152759763669,564,0.064323092834193768,564,0.065083076896993122,564,0.054194874664089586,564,0.052878275391436302,564,0.15203966497969698,564,0.15012139399642263,564,0.11552575807668508,564,0.11528292769766792,564,0.10246861303968194,564,0.10203881725625832,564,0.081896103015352273,564,0.082330857980892333,564,0.034442070818816069,564,0.033759187202766966,564,0.030306663953951658,564,0.030307935539109727,564,0.028217788628637788,564,0.028013529666081741,564,0.026242720174970119,564,0.02709391927977417,564,0.039142019107686304,564,0.04031649754584065,564,0.033344480896552314,564,0.034377135203411242,564,0.031448759356747458,564,0.031238100082229176,564,0.028499190424116035,564,0.028722184074667482,564,0.070220450480235327,564,0.070935250883751674,564,0.054656078600917243,564,0.055452641930096726,564,0.049583386316048243,564,0.049796207285335237,564,0.042829955155430095,564,0.042281223773556115,564,0.12502801725964924,564,0.12164140450819326,564,0.092902816984986814,564,0.093032306740249079,564,0.082359044785229277,564,0.083500716326305693,564,0.067693090206251125,564,0.067647101209701327
564.70000000000005,0.050546272983901727,564.70000000000005,0.050449844442748998,564.70000000000005,0.047857675711875762,564.70000000000005,0.04149123030102659,564.70000000000005,0.039076320541186635,564.70000000000005,0.037668209523325114,564.70000000000005,0.036873595958054645,564.70000000000005,0.033968913981502674,564.70000000000005,0.056831506489322912,564.70000000000005,0.056361952476624032,564.70000000000005,0.045526266710748275,564.70000000000005,0.045592261980451493,564.70000000000005,0.043620160558819294,564.70000000000005,0.042116807812619214,564.70000000000005,0.036773649364631282,564.70000000000005,0.035903206937768613,564.70000000000005,0.084254681552690253,564.70000000000005,0.097744843722184074,564.70000000000005,0.085398811491738918,564.70000000000005,0.074451989183048933,564.70000000000005,0.065270847638666377,564.70000000000005,0.065520502191365085,564.70000000000005,0.05459923874435204,564.70000000000005,0.053558997312716704,564.70000000000005,0.15472779600383166,564.70000000000005,0.15207624424607716,564.70000000000005,0.11659219416257642,564.70000000000005,0.11658926951671288,564.70000000000005,0.10316883260005255,564.70000000000005,0.10354352635996032,564.70000000000005,0.082864203182353796,564.70000000000005,0.082881878216050794,564.70000000000005,0.034430202690674191,564.70000000000005,0.034075388045404068,564.70000000000005,0.030086255859888267,564.70000000000005,0.030847935369565035,564.70000000000005,0.029061273450149621,564.70000000000005,0.029076574858218258,564.70000000000005,0.026226613429634716,564.70000000000005,0.027124437323567563,564.70000000000005,0.039999067504217424,564.70000000000005,0.040775115926180244,564.70000000000005,0.034159143121148157,564.70000000000005,0.034194026940650879,564.70000000000005,0.031785305561913474,564.70000000000005,0.031832354212761628,564.70000000000005,0.029230775751718757,564.70000000000005,0.029240143095716452,564.70000000000005,0.070632444071446129,564.70000000000005,0.071973712096165751,564.70000000000005,0.055607224299144657,564.70000000000005,0.055158481896865973,564.70000000000005,0.049818205708569624,564.70000000000005,0.049567321956884791,564.70000000000005,0.042913032052423229,564.70000000000005,0.042619465425599558,564.70000000000005,0.12703288319218739,564.70000000000005,0.12457283215923637,564.70000000000005,0.093996380220916734,564.70000000000005,0.093896984647728526,564.70000000000005,0.083977348829717802,564.70000000000005,0.083734687995388385,564.70000000000005,0.067783796614192593,564.70000000000005,0.068031967650873576
565.39999999999998,0.051314310419368785,565.39999999999998,0.051363690309673374,565.39999999999998,0.048165399320125805,565.39999999999998,0.041304731144511414,565.39999999999998,0.038710951739104632,565.39999999999998,0.038097157583310025,565.39999999999998,0.036704051270313565,565.39999999999998,0.033850232700083922,565.39999999999998,0.057815713401659849,565.39999999999998,0.057184244212168236,565.39999999999998,0.046250222527402657,565.39999999999998,0.045677034324322026,565.39999999999998,0.043556581300916386,565.39999999999998,0.042744123157261171,565.39999999999998,0.036393869264091286,565.39999999999998,0.036386409297830678,565.39999999999998,0.084638700270423778,565.39999999999998,0.099237684697744216,565.39999999999998,0.086162610310012461,565.39999999999998,0.074384171307952496,565.39999999999998,0.065308995193408118,565.39999999999998,0.066342793926909296,565.39999999999998,0.054744199452370655,565.39999999999998,0.053678526317574159,565.39999999999998,0.15655294456736429,565.39999999999998,0.15298500377236932,565.39999999999998,0.11690415638801999,565.39999999999998,0.11819316226274341,565.39999999999998,0.10348503344268965,565.39999999999998,0.10441922467214296,565.39999999999998,0.083958614141722412,565.39999999999998,0.083362537405796744,565.39999999999998,0.034496325118893216,565.39999999999998,0.034406847909937859,565.39999999999998,0.030432974746318762,565.39999999999998,0.030515627781592537,565.39999999999998,0.029398667378754351,565.39999999999998,0.029161347202088787,565.39999999999998,0.026330035689156771,565.39999999999998,0.026678534794808542,565.39999999999998,0.040417842882937864,565.39999999999998,0.041316811203512972,565.39999999999998,0.034597416138958829,565.39999999999998,0.034488186973881646,565.39999999999998,0.031667472003933439,565.39999999999998,0.031872197214380782,565.39999999999998,0.029251121114247682,565.39999999999998,0.029453769402270204,565.39999999999998,0.071756525351169428,565.39999999999998,0.072400116985834526,565.39999999999998,0.056504963420733627,565.39999999999998,0.055545043784915614,565.39999999999998,0.050431957478192312,565.39999999999998,0.049874197841696132,565.39999999999998,0.042957961394674601,565.39999999999998,0.042354975712723487,565.39999999999998,0.12849774929427024,565.39999999999998,0.12546294176987699,565.39999999999998,0.09502043013487281,565.39999999999998,0.094308978238939328,565.39999999999998,0.084647050346295022,565.39999999999998,0.084476446004255565,565.39999999999998,0.068051677220823475,565.39999999999998,0.068166755677627727
566.20000000000005,0.05185515797326281,566.20000000000005,0.051686672939820114,566.20000000000005,0.048537549909717453,566.20000000000005,0.042252485948984002,566.20000000000005,0.039132270288141188,566.20000000000005,0.038497283046378949,566.20000000000005,0.037388164085348799,566.20000000000005,0.034179997117740307,566.20000000000005,0.059200045777065689,566.20000000000005,0.058274416554343317,566.20000000000005,0.04582975170180479,566.20000000000005,0.046427269567576271,566.20000000000005,0.043846502716953624,566.20000000000005,0.042711909666590372,566.20000000000005,0.036791451556844094,566.20000000000005,0.037304493781948569,566.20000000000005,0.086613048159168551,566.20000000000005,0.10037787272280292,566.20000000000005,0.087215482820884524,566.20000000000005,0.075255631002941595,566.20000000000005,0.066973076303586718,566.20000000000005,0.066882793757364598,566.20000000000005,0.054550918508345841,566.20000000000005,0.054238871510558409,566.20000000000005,0.15820939616659455,566.20000000000005,0.15637589752719075,566.20000000000005,0.11818760967421989,566.20000000000005,0.11943507710044676,566.20000000000005,0.10507366716682348,566.20000000000005,0.10492446784161134,566.20000000000005,0.084822444325763191,566.20000000000005,0.083823698956452447,566.20000000000005,0.034426811796919372,566.20000000000005,0.035228291922043346,566.20000000000005,0.030451624661970277,566.20000000000005,0.030814874155455526,566.20000000000005,0.029434271763179976,566.20000000000005,0.029146088180192091,566.20000000000005,0.026118952552919135,566.20000000000005,0.026745504946466266,566.20000000000005,0.041057874079160415,566.20000000000005,0.041206607156481272,566.20000000000005,0.034744072293854858,566.20000000000005,0.034199113281283125,566.20000000000005,0.031920093588667632,566.20000000000005,0.032809779337588899,566.20000000000005,0.029238405262667105,566.20000000000005,0.029101964175207481,566.20000000000005,0.073259539007994035,566.20000000000005,0.07325377448861084,566.20000000000005,0.057412027500148358,566.20000000000005,0.05619355221552521,566.20000000000005,0.050570984122139992,566.20000000000005,0.050811779964904255,566.20000000000005,0.043535261056432954,566.20000000000005,0.042736451260140897,566.20000000000005,0.12989903613845022,566.20000000000005,0.12786538999516797,566.20000000000005,0.096158074989615414,566.20000000000005,0.096235853615116607,566.20000000000005,0.085099734662563681,566.20000000000005,0.085092740944194334,566.20000000000005,0.067728694590676736,566.20000000000005,0.068104871866602232
566.89999999999998,0.052006900468791056,566.89999999999998,0.051712952366419977,566.89999999999998,0.049502259182964151,566.89999999999998,0.04218805896764239,566.89999999999998,0.038905080406568156,566.89999999999998,0.038232793333502879,566.89999999999998,0.03722879207887219,566.89999999999998,0.033606936073175483,566.89999999999998,0.060165602773751096,566.89999999999998,0.058762705255037601,566.89999999999998,0.04581534040334681,566.89999999999998,0.046467960292634128,566.89999999999998,0.043546408619651929,566.89999999999998,0.042978094826343842,566.89999999999998,0.036632927273806189,566.89999999999998,0.036605121945016646,566.89999999999998,0.087580300602731365,566.89999999999998,0.10063981926536288,566.89999999999998,0.087808889227978248,566.89999999999998,0.076029602502479587,566.89999999999998,0.067154489119469654,566.89999999999998,0.067229512643795106,566.89999999999998,0.054957825758924404,566.89999999999998,0.05448471130778295,566.89999999999998,0.15919529852580891,566.89999999999998,0.15843501775980601,566.89999999999998,0.11859621237167586,566.89999999999998,0.12093554758695524,566.89999999999998,0.10583237964446478,566.89999999999998,0.10534409094377049,566.89999999999998,0.084300246687520675,566.89999999999998,0.083260810593152101,566.89999999999998,0.034724362723904952,566.89999999999998,0.034817993777709957,566.89999999999998,0.03066355552164662,566.89999999999998,0.030620745487992002,566.89999999999998,0.029494460127328061,566.89999999999998,0.028480625280808389,566.89999999999998,0.026693709044361368,566.89999999999998,0.026430151827267875,566.89999999999998,0.041023117418173501,566.89999999999998,0.040622525707213281,566.89999999999998,0.034358358129243913,566.89999999999998,0.034268626603256962,566.89999999999998,0.031858209777642144,566.89999999999998,0.032585132626331989,566.89999999999998,0.028842518416791703,566.89999999999998,0.028954460296872753,566.89999999999998,0.07447008807846528,566.89999999999998,0.074240524571263872,566.89999999999998,0.057311148410942418,566.89999999999998,0.056376660478285566,566.89999999999998,0.051341564727923159,566.89999999999998,0.051171214702915323,566.89999999999998,0.043341980112408127,566.89999999999998,0.042736451260140897,566.89999999999998,0.13113162601832781,566.89999999999998,0.12943961242084381,566.89999999999998,0.096866771784373071,566.89999999999998,0.09695133219738393,566.89999999999998,0.084753015776133186,566.89999999999998,0.085692929138797738,566.89999999999998,0.067676983460915718,566.89999999999998,0.067898027347558121
567.60000000000002,0.052679992879123116,567.60000000000002,0.052460644439358099,567.60000000000002,0.049921882285123301,567.60000000000002,0.043124793367411811,567.60000000000002,0.039319617168095074,567.60000000000002,0.03813106652085823,567.60000000000002,0.037816264421895,567.60000000000002,0.033556072666853162,567.60000000000002,0.061265100073751945,567.60000000000002,0.059435797665369654,567.60000000000002,0.046398574129176098,567.60000000000002,0.047464883056551624,567.60000000000002,0.04421441468935175,567.60000000000002,0.042564405788255641,567.60000000000002,0.036635470444122305,567.60000000000002,0.036806880123428531,567.60000000000002,0.088899358273356877,567.60000000000002,0.10220302128633554,567.60000000000002,0.088677805752651259,567.60000000000002,0.077158770122835119,567.60000000000002,0.068148020989632352,567.60000000000002,0.06765846070378001,567.60000000000002,0.054768783432093106,567.60000000000002,0.05427701906530015,567.60000000000002,0.16202499936420742,567.60000000000002,0.16105278773852813,567.60000000000002,0.12005429668624909,567.60000000000002,0.12194857709620814,567.60000000000002,0.10714719869789679,567.60000000000002,0.1062757390029077,567.60000000000002,0.085281062706102764,567.60000000000002,0.083870323745581246,567.60000000000002,0.034516670481422138,567.60000000000002,0.035402922950416651,567.60000000000002,0.030992472215864292,567.60000000000002,0.030841153582055393,567.60000000000002,0.029255402117613148,567.60000000000002,0.028465366258911693,567.60000000000002,0.02731763349524851,567.60000000000002,0.026436085891338813,567.60000000000002,0.041698752998821663,567.60000000000002,0.040542839703974973,567.60000000000002,0.035109441095936861,567.60000000000002,0.034590761509965005,567.60000000000002,0.032529606741096791,567.60000000000002,0.032752134143756939,567.60000000000002,0.028747573391656709,567.60000000000002,0.028936658104659937,567.60000000000002,0.075021108313623769,567.60000000000002,0.075508718835567076,567.60000000000002,0.057689233064605001,567.60000000000002,0.05686494917897985,567.60000000000002,0.051945143816281375,567.60000000000002,0.051823114027279744,567.60000000000002,0.043291116706085805,567.60000000000002,0.043584174698846248,567.60000000000002,0.13307206496952437,567.60000000000002,0.13195735103379871,567.60000000000002,0.097467807702415171,567.60000000000002,0.098244958164848309,567.60000000000002,0.08615515034375186,567.60000000000002,0.086388062358536133,567.60000000000002,0.069044361367547449,567.60000000000002,0.068120978611937638
568.39999999999998,0.053354780736332576,568.39999999999998,0.052910785585310649,568.39999999999998,0.050457643498385087,568.39999999999998,0.042921339742122526,568.39999999999998,0.039295033188372623,568.39999999999998,0.038103939370819663,568.39999999999998,0.037939184320507274,568.39999999999998,0.033168663055364818,568.39999999999998,0.061669464154014399,568.39999999999998,0.060525970007544748,568.39999999999998,0.047504005493247882,568.39999999999998,0.047781931622627428,568.39999999999998,0.044281384841009463,568.39999999999998,0.042842459076151002,568.39999999999998,0.036263319854530657,568.39999999999998,0.036726346396751521,568.39999999999998,0.08954532353365037,568.39999999999998,0.10358311504454788,568.39999999999998,0.089343268652034943,568.39999999999998,0.078024295753753289,568.39999999999998,0.06831163161330249,568.39999999999998,0.068115383637242191,568.39999999999998,0.055435094054915528,568.39999999999998,0.054891618558361527,568.39999999999998,0.16395357018726212,568.39999999999998,0.1627694277019065,568.39999999999998,0.12169718471046007,568.39999999999998,0.12313878080415046,568.39999999999998,0.10764820325017166,568.39999999999998,0.10699291303205243,568.39999999999998,0.084965709586904373,568.39999999999998,0.084643447521680529,568.39999999999998,0.035125335910412593,568.39999999999998,0.035543645041241752,568.39999999999998,0.030892440850097059,568.39999999999998,0.031504073311122982,568.39999999999998,0.029781838373049176,568.39999999999998,0.028946873172096339,568.39999999999998,0.027143002466875208,568.39999999999998,0.026320795503674881,568.39999999999998,0.041763179980163261,568.39999999999998,0.041055712384391721,568.39999999999998,0.035283224400871456,568.39999999999998,0.03465349304442919,568.39999999999998,0.032733060366386069,568.39999999999998,0.032352856404126711,568.39999999999998,0.02888405686528827,568.39999999999998,0.028952764849995337,568.39999999999998,0.075628078295736811,568.39999999999998,0.076951544128243607,568.39999999999998,0.057462890906470679,568.39999999999998,0.057799988131871871,568.39999999999998,0.052062129650822714,568.39999999999998,0.05207997422920746,568.39999999999998,0.043256360045098884,568.39999999999998,0.044102133719895228,568.39999999999998,0.13492094978934074,568.39999999999998,0.13323571797936642,568.39999999999998,0.099215813433025615,568.39999999999998,0.099385146189907,568.39999999999998,0.08682485186032908,568.39999999999998,0.087124734026771095,568.39999999999998,0.069140154116121177,568.39999999999998,0.069427320430982584
569.10000000000002,0.054669599789764579,569.10000000000002,0.053869560794486404,569.10000000000002,0.0513291031933742,569.10000000000002,0.043201088476895293,569.10000000000002,0.039340810254062705,569.10000000000002,0.038691411713842473,569.10000000000002,0.038674160541864823,569.10000000000002,0.033558615837169278,569.10000000000002,0.062656214236667437,569.10000000000002,0.061182107949102692,569.10000000000002,0.048712011393403018,569.10000000000002,0.048281240728024886,569.10000000000002,0.04529356662682367,569.10000000000002,0.04364694861948238,569.10000000000002,0.036533743631477669,569.10000000000002,0.037744462246636655,569.10000000000002,0.090514271424090589,569.10000000000002,0.10537859328772584,569.10000000000002,0.090854759543246622,569.10000000000002,0.078394750896467524,569.10000000000002,0.068468460449462976,569.10000000000002,0.068691835575561827,569.10000000000002,0.055402880564244722,569.10000000000002,0.055239185168230724,569.10000000000002,0.16708336512296226,569.10000000000002,0.16461322618109064,569.10000000000002,0.12418016666242805,569.10000000000002,0.124144180802455,569.10000000000002,0.1088909658113137,569.10000000000002,0.10769398031586175,569.10000000000002,0.085821062536558079,569.10000000000002,0.086306680908420447,569.10000000000002,0.035531395437552446,569.10000000000002,0.036119249256122685,569.10000000000002,0.030908547595432462,569.10000000000002,0.031477793884523118,569.10000000000002,0.029496155574205467,569.10000000000002,0.029046056814424865,569.10000000000002,0.027043818824546682,569.10000000000002,0.026652255368208679,569.10000000000002,0.041886947602214245,569.10000000000002,0.042215398048540631,569.10000000000002,0.036152988648983156,569.10000000000002,0.035048532166865883,569.10000000000002,0.032942448055746289,569.10000000000002,0.033020862473826532,569.10000000000002,0.029391843205072779,569.10000000000002,0.029100268728330068,569.10000000000002,0.077025126522723239,569.10000000000002,0.07783656739825201,569.10000000000002,0.058792121258360676,569.10000000000002,0.059983723709976858,569.10000000000002,0.052239303849512135,569.10000000000002,0.052811559556810182,569.10000000000002,0.043674287700380621,569.10000000000002,0.044321694090519913,569.10000000000002,0.13679272314200219,569.10000000000002,0.13487267193950647,569.10000000000002,0.10021527936725923,569.10000000000002,0.1009508913811958,569.10000000000002,0.08813204140281275,569.10000000000002,0.088163195239185144,569.10000000000002,0.069854784974949791,569.10000000000002,0.070342014021345683
569.79999999999995,0.055025643634020835,569.79999999999995,0.054073862143214392,569.79999999999995,0.051778396615888046,569.79999999999995,0.042787399438807078,569.79999999999995,0.039252647016437353,569.79999999999995,0.038974551342370066,569.79999999999995,0.038669921924671294,569.79999999999995,0.033595915668472323,569.79999999999995,0.06277150462433137,569.79999999999995,0.062227350949026393,569.79999999999995,0.048590786941668143,569.79999999999995,0.048776311216228815,569.79999999999995,0.044916329696599783,569.79999999999995,0.044063180827886704,569.79999999999995,0.036972016649288335,569.79999999999995,0.037862295804616697,569.79999999999995,0.091066987106126498,569.79999999999995,0.10686804336953112,569.79999999999995,0.091875418563447858,569.79999999999995,0.079417105363546195,569.79999999999995,0.069258538694336361,569.79999999999995,0.069469197968854632,569.79999999999995,0.056304858303027228,569.79999999999995,0.056011461220891304,569.79999999999995,0.16839818417639427,569.79999999999995,0.16682324118579553,569.79999999999995,0.12623250510753373,569.79999999999995,0.12510549918194688,569.79999999999995,0.10952336749658791,569.79999999999995,0.10884095012843009,569.79999999999995,0.085136949721522859,569.79999999999995,0.086370260166323348,569.79999999999995,0.036190076549426513,569.79999999999995,0.036077710807626125,569.79999999999995,0.030393979468138311,569.79999999999995,0.031727024575502492,569.79999999999995,0.029785229266803992,569.79999999999995,0.029227469630307812,569.79999999999995,0.026286801793782802,569.79999999999995,0.026854861270059257,569.79999999999995,0.041639412358112277,569.79999999999995,0.041978035485703134,569.79999999999995,0.035654527267024408,569.79999999999995,0.035152802149826641,569.79999999999995,0.032715258174173256,569.79999999999995,0.032682620821783095,569.79999999999995,0.02990471588548952,569.79999999999995,0.028984130617227436,569.79999999999995,0.078512881157651121,569.79999999999995,0.07793066469994829,569.79999999999995,0.059571179098530894,569.79999999999995,0.060132075311750292,569.79999999999995,0.051979052753829594,569.79999999999995,0.052815798174003711,569.79999999999995,0.043608165272161603,569.79999999999995,0.043906309605554285,569.79999999999995,0.13836355467392317,569.79999999999995,0.13657490060442681,569.79999999999995,0.10155807329416851,569.79999999999995,0.1023250510753372,569.79999999999995,0.088709341064571096,569.79999999999995,0.088400557802022661,569.79999999999995,0.06964794045590568,569.79999999999995,0.07095661351440706
570.60000000000002,0.055082441104414098,570.60000000000002,0.054706263828488588,570.60000000000002,0.05261679509676763,570.60000000000002,0.043274840416062658,570.60000000000002,0.038841501148665254,570.60000000000002,0.038999135322092517,570.60000000000002,0.038210455820892983,570.60000000000002,0.033860405381348387,570.60000000000002,0.06352428303790171,570.60000000000002,0.062723269160669018,570.60000000000002,0.04871540228715783,570.60000000000002,0.049091664335427207,570.60000000000002,0.045819155158820984,570.60000000000002,0.044506540186329609,570.60000000000002,0.037350101302950925,570.60000000000002,0.037638496816798483,570.60000000000002,0.092422496884616359,570.60000000000002,0.10809724235565391,570.60000000000002,0.093088510804235233,570.60000000000002,0.080603070454294989,570.60000000000002,0.069227172927104258,570.60000000000002,0.07031607368412128,570.60000000000002,0.056286208387375705,570.60000000000002,0.056047065605316936,570.60000000000002,0.17065906258742145,570.60000000000002,0.16890016361062365,570.60000000000002,0.12746679043428871,570.60000000000002,0.12614565584123832,570.60000000000002,0.11028970948517755,570.60000000000002,0.11025495282419064,570.60000000000002,0.085919398455447896,570.60000000000002,0.086716979052753843,570.60000000000002,0.036493561540483027,570.60000000000002,0.036024304230987687,570.60000000000002,0.030936522468909742,570.60000000000002,0.03117854751066013,570.60000000000002,0.028979892000033907,570.60000000000002,0.029160499478650088,570.60000000000002,0.026354619668879229,570.60000000000002,0.027307545586327919,570.60000000000002,0.042363368174766658,570.60000000000002,0.042513796698964927,570.60000000000002,0.036321685613285519,570.60000000000002,0.035854717157074681,570.60000000000002,0.033070454294990795,570.60000000000002,0.03279112942193739,570.60000000000002,0.029912345396437869,570.60000000000002,0.029476657935115249,570.60000000000002,0.079549646923187792,570.60000000000002,0.078916567059162626,570.60000000000002,0.060902104897298304,570.60000000000002,0.060446580707509981,570.60000000000002,0.052827623915973648,570.60000000000002,0.053233725829285462,570.60000000000002,0.044006595288353129,570.60000000000002,0.043842730347651383,570.60000000000002,0.14045743156752541,570.60000000000002,0.139011257767266,570.60000000000002,0.10229559268584217,570.60000000000002,0.10344913235506049,570.60000000000002,0.089608775633037471,570.60000000000002,0.089344921712740416,570.60000000000002,0.071094156642337009,570.60000000000002,0.071049015369225935
571.29999999999995,0.054688249705416109,571.29999999999995,0.055312386087162921,571.29999999999995,0.052149699482040977,571.29999999999995,0.043766520010511768,571.29999999999995,0.0393230080618499,571.29999999999995,0.039621364326102242,571.29999999999995,0.038528352110407504,571.29999999999995,0.034031645515966866,571.29999999999995,0.064088019124640794,571.29999999999995,0.063581165280638854,571.29999999999995,0.048333079016301718,571.29999999999995,0.049784254384849493,571.29999999999995,0.045719123793053741,571.29999999999995,0.044381077117401219,571.29999999999995,0.03738485796393784,571.29999999999995,0.037751244034146293,571.29999999999995,0.093900926561718515,571.29999999999995,0.10995290896297993,571.29999999999995,0.093827725642786297,571.29999999999995,0.080990480065783327,571.29999999999995,0.070558098725871682,571.29999999999995,0.070891677899002234,571.29999999999995,0.056663445317599578,571.29999999999995,0.056207285335232247,571.29999999999995,0.17223837135372952,571.29999999999995,0.17113815348880579,571.29999999999995,0.12867733950475993,571.29999999999995,0.12771648737315938,571.29999999999995,0.11073306884362046,571.29999999999995,0.11117981909581817,571.29999999999995,0.086308503513813653,571.29999999999995,0.086796665055992123,571.29999999999995,0.036797894254978251,571.29999999999995,0.036817773369615898,571.29999999999995,0.031128107966057146,571.29999999999995,0.031277731152988653,571.29999999999995,0.028545857599416767,571.29999999999995,0.029367343997694195,571.29999999999995,0.026436001118994943,571.29999999999995,0.02720666649712198,571.29999999999995,0.043281452658884556,571.29999999999995,0.042962242398040057,571.29999999999995,0.0360800844332545,571.29999999999995,0.036160745318447318,571.29999999999995,0.033082322423132672,571.29999999999995,0.032694488949924973,571.29999999999995,0.030404872714325678,571.29999999999995,0.029199452370658595,571.29999999999995,0.079995549451946799,571.29999999999995,0.079929596568415501,571.29999999999995,0.061225087527445043,571.29999999999995,0.060785670082992127,571.29999999999995,0.052830167086289764,571.29999999999995,0.053052313013402505,571.29999999999995,0.044257521426209909,571.29999999999995,0.044201317362223755,571.29999999999995,0.14247077473445063,571.29999999999995,0.14112293685308105,571.29999999999995,0.10343747615777829,571.29999999999995,0.1047639514084925,571.29999999999995,0.090769309020625105,571.29999999999995,0.089488186973881625,571.29999999999995,0.071137390537710982,571.29999999999995,0.07095576579096835
572,0.056125140934021683,572,0.055917660622398543,572,0.053467061705789104,572,0.044524384764714355,572,0.039894373659537311,572,0.040119825708060997,572,0.038851334740554237,572,0.034495350236938692,572,0.064806888600662915,572,0.063656612666683612,572,0.049129939048684755,572,0.04992158558191976,572,0.046929672863524993,572,0.045002458397972248,572,0.037738358637877972,572,0.037901291082797148,572,0.095726075125251137,572,0.11147626798233345,572,0.09587582547069845,572,0.081862787484211136,572,0.070584378152471552,572,0.071743639954901101,572,0.057186490679280791,572,0.056660817374939602,572,0.17543174554733262,572,0.17388732060052728,572,0.12982091842357349,572,0.12983155735272925,572,0.11233272297245746,572,0.11226829599111585,572,0.087783542297160982,572,0.087851233013741592,572,0.037343828149504509,572,0.036922043352576664,572,0.031877495485872688,572,0.03193132592423048,572,0.028359358442901585,572,0.029547061366699729,572,0.027004823546366234,572,0.027133762281393324,572,0.044252095996202195,572,0.044096496359027827,572,0.036491230301026599,572,0.03619295880911811,572,0.033577392911336608,572,0.033276027228876855,572,0.029991183676237466,572,0.029719106838584981,572,0.081100980816018575,572,0.082223536193552202,572,0.061390393597992594,572,0.061351949340047306,572,0.053761815145426946,572,0.053921229538075502,572,0.045115417546179738,572,0.045176199316734909,572,0.14502072683807635,572,0.14342450598916609,572,0.10576023837983098,572,0.10659418631265737,572,0.091951035494180378,572,0.091617668251909479,572,0.072177547197002451,572,0.071918779617337628
572.79999999999995,0.056871985283521102,572.79999999999995,0.057197723014843625,572.79999999999995,0.053909573340793299,572.79999999999995,0.044846519671422391,572.79999999999995,0.040942159829777128,572.79999999999995,0.041135398387630015,572.79999999999995,0.039995761382806465,572.79999999999995,0.034958207234471822,572.79999999999995,0.065523214906368948,572.79999999999995,0.06465014453684631,572.79999999999995,0.049012953214143409,572.79999999999995,0.050347142748149845,572.79999999999995,0.047022074718343888,572.79999999999995,0.044864279477463284,572.79999999999995,0.037967243966328418,572.79999999999995,0.037886879784339147,572.79999999999995,0.096785729423632824,572.79999999999995,0.11293350457346796,572.79999999999995,0.097628069818502416,572.79999999999995,0.082841908055915833,572.79999999999995,0.071693200410298155,572.79999999999995,0.072085272500699377,572.79999999999995,0.057846867238032264,572.79999999999995,0.05690835261904157,572.79999999999995,0.17757902901757328,572.79999999999995,0.17680264150623498,572.79999999999995,0.13124000745996625,572.79999999999995,0.13130405296576045,572.79999999999995,0.11368314641031509,572.79999999999995,0.11343730661309055,572.79999999999995,0.088934750726922876,572.79999999999995,0.089099929638954592,572.79999999999995,0.037696481100005938,572.79999999999995,0.037753660045946616,572.79999999999995,0.032042801556420232,572.79999999999995,0.032685799784678254,572.79999999999995,0.029075684748607611,572.79999999999995,0.029666590371557184,572.79999999999995,0.027485482736112173,572.79999999999995,0.026922679145155684,572.79999999999995,0.044486915388723576,572.79999999999995,0.04449068775802581,572.79999999999995,0.036819299271805571,572.79999999999995,0.036725329128625091,572.79999999999995,0.033573154294143079,572.79999999999995,0.03374227512016479,572.79999999999995,0.030187855514017106,572.79999999999995,0.029776752032416944,572.79999999999995,0.082079253664284563,572.79999999999995,0.083195027254308537,572.79999999999995,0.061937175215957554,572.79999999999995,0.062077600603579093,572.79999999999995,0.053393055449590124,572.79999999999995,0.054016174563210499,572.79999999999995,0.045206971677559916,572.79999999999995,0.045177047040173612,572.79999999999995,0.14684672312504768,572.79999999999995,0.1449300628163068,572.79999999999995,0.10718950009748819,572.79999999999995,0.10760552037503286,572.79999999999995,0.093380297211837618,572.79999999999995,0.093055407203953763,572.79999999999995,0.07240473707857549,572.79999999999995,0.072467256682180001
573.5,0.058420776006035791,573.5,0.057680925374905684,573.5,0.055473623085204683,573.5,0.045671354577282698,573.5,0.041237167586446598,573.5,0.041070123682849707,573.5,0.039723642158982053,573.5,0.035691488008951958,573.5,0.066075930588404844,573.5,0.065611462916338181,573.5,0.050298949670659447,573.5,0.050528555564032789,573.5,0.047648542339547142,573.5,0.045558564973762969,573.5,0.037857887642735427,573.5,0.037703771521578798,573.5,0.098217534311606167,573.5,0.11464844908996891,573.5,0.099379466442867673,573.5,0.084709442791383746,573.5,0.072601959936590313,573.5,0.072864330340869587,573.5,0.058158829463475829,573.5,0.057646719734153938,573.5,0.18042229343099106,573.5,0.17987309580122579,573.5,0.13275573696837142,573.5,0.13362681518781311,573.5,0.11563799665996964,573.5,0.1152344803031459,573.5,0.089790103676576569,573.5,0.089874748861931281,573.5,0.038079652094300753,573.5,0.037572247230063673,573.5,0.032107228537761837,573.5,0.033235124572959324,573.5,0.029413926400651047,573.5,0.029443639107177674,573.5,0.027398167221925521,573.5,0.027183777964276935,573.5,0.045276993633596961,573.5,0.045126480337054832,573.5,0.037183820350448878,573.5,0.036944041775811065,573.5,0.033958868458754017,573.5,0.033936403787628321,573.5,0.030206505429668625,573.5,0.030058196214067124,573.5,0.083505972211625673,573.5,0.085087993692937611,573.5,0.063201978586505933,573.5,0.0626786365216212,573.5,0.054227215313276192,573.5,0.05459940828903978,573.5,0.045882607258208079,573.5,0.045145681272941517,573.5,0.14945262497562797,573.5,0.14742999923704889,573.5,0.10899006468129836,573.5,0.10938573959631412,573.5,0.094130532455091842,573.5,0.094746615464170944,573.5,0.073458457312886263,573.5,0.074103362918881338
574.20000000000005,0.058814119681595077,574.20000000000005,0.059144943753549832,574.20000000000005,0.055815255631002945,574.20000000000005,0.045651009214753777,574.20000000000005,0.041593211430702839,574.20000000000005,0.040868365504437829,574.20000000000005,0.040649356154048306,574.20000000000005,0.035389698464772856,574.20000000000005,0.06724155031662471,574.20000000000005,0.067160253638852863,574.20000000000005,0.050322685926943195,574.20000000000005,0.051194018463416494,574.20000000000005,0.047695167128675942,574.20000000000005,0.045589930740995058,574.20000000000005,0.038032518671108739,574.20000000000005,0.038086942515873613,574.20000000000005,0.10004268287513879,574.20000000000005,0.11639730254401805,574.20000000000005,0.10061714266337751,574.20000000000005,0.0859386417775065,574.20000000000005,0.073261488771903055,574.20000000000005,0.073225460525758068,574.20000000000005,0.057895187474038469,574.20000000000005,0.058140942498919157,574.20000000000005,0.1831985876927511,574.20000000000005,0.18191695701194441,574.20000000000005,0.1345113722099302,574.20000000000005,0.1350662495867348,574.20000000000005,0.11666967608487407,574.20000000000005,0.11684515483668607,574.20000000000005,0.090059679730084857,574.20000000000005,0.090715690513127015,574.20000000000005,0.03788552342683723,574.20000000000005,0.038524240651729789,574.20000000000005,0.032144528369064874,574.20000000000005,0.033000305180437943,574.20000000000005,0.02944274899756703,574.20000000000005,0.029459745852513076,574.20000000000005,0.027649941083221011,574.20000000000005,0.027254986733128189,574.20000000000005,0.045593194476234063,574.20000000000005,0.046120012207217516,574.20000000000005,0.037941685104651464,574.20000000000005,0.037443350881208523,574.20000000000005,0.034032620397921383,574.20000000000005,0.034417062977374256,574.20000000000005,0.029986097335605227,574.20000000000005,0.029935276315454847,574.20000000000005,0.084738562091503267,574.20000000000005,0.086006078177055509,574.20000000000005,0.0638911777421734,574.20000000000005,0.063569593855700518,574.20000000000005,0.054620558988835478,574.20000000000005,0.055195357866449656,574.20000000000005,0.04594703423954969,574.20000000000005,0.044854912133465583,574.20000000000005,0.1514947907394692,574.20000000000005,0.14938145859294866,574.20000000000005,0.11006497800157677,574.20000000000005,0.11033773301798022,574.20000000000005,0.095067266854861276,574.20000000000005,0.09591308291582952,574.20000000000005,0.074050168273102596,574.20000000000005,0.073929579613946736
574.89999999999998,0.059940744131634499,574.89999999999998,0.059140705136356317,574.89999999999998,0.056384078058374233,574.89999999999998,0.046470757779981844,574.89999999999998,0.042057763875113376,574.89999999999998,0.040827674779379972,574.89999999999998,0.040722260369776969,574.89999999999998,0.035813560184125529,574.89999999999998,0.067634046268745293,574.89999999999998,0.067420504734535397,574.89999999999998,0.051030534998262163,574.89999999999998,0.052072259945915252,574.89999999999998,0.047879123114875001,574.89999999999998,0.046484278968829208,574.89999999999998,0.037580682078278783,574.89999999999998,0.038505717894594067,574.89999999999998,0.10135834965200952,574.89999999999998,0.11846659545789781,574.89999999999998,0.10174291938997822,574.89999999999998,0.086922848689843416,574.89999999999998,0.074060891974602222,574.89999999999998,0.074381755296152194,574.89999999999998,0.058380085280977941,574.89999999999998,0.058500377236930232,574.89999999999998,0.18560273136491948,574.89999999999998,0.18292235701024895,574.89999999999998,0.1370672583776269,574.89999999999998,0.13646668870747608,574.89999999999998,0.11805400846027991,574.89999999999998,0.11780223459898442,574.89999999999998,0.090345362528928566,574.89999999999998,0.091131922721531339,574.89999999999998,0.038155947203784235,574.89999999999998,0.039254130532455092,574.89999999999998,0.032169112348787325,574.89999999999998,0.032768876681671374,574.89999999999998,0.029719954562023684,574.89999999999998,0.029792053440485581,574.89999999999998,0.027619423039427618,574.89999999999998,0.027187168858031761,574.89999999999998,0.046760509651331342,574.89999999999998,0.046679509676763049,574.89999999999998,0.038075625407966905,574.89999999999998,0.037601027440807719,574.89999999999998,0.034906623263226605,574.89999999999998,0.034432321999270953,574.89999999999998,0.030448954333138354,574.89999999999998,0.03032861999101413,574.89999999999998,0.086585751464442237,574.89999999999998,0.087833769910904247,574.89999999999998,0.065085620067309238,574.89999999999998,0.064250315776980926,574.89999999999998,0.056034561684596015,574.89999999999998,0.0559311818112459,574.89999999999998,0.046303078083805946,574.89999999999998,0.045011740969626075,574.89999999999998,0.15318430355280896,574.89999999999998,0.15225185015640497,574.89999999999998,0.11201643735747652,574.89999999999998,0.11166611564643152,574.89999999999998,0.096657596025872525,574.89999999999998,0.096773522206115445,574.89999999999998,0.074463009587752094,574.89999999999998,0.074624712833685145
575.70000000000005,0.060544323219992702,575.70000000000005,0.059861270059255865,575.70000000000005,0.057181785814195973,575.70000000000005,0.04639107177674355,575.70000000000005,0.042145079389300032,575.70000000000005,0.040954833295185775,575.70000000000005,0.040722260369776969,575.70000000000005,0.035483795766469151,575.70000000000005,0.0690760238379831,575.70000000000005,0.06813513559336401,575.70000000000005,0.051335715436196097,575.70000000000005,0.051900172087858056,575.70000000000005,0.048601383484651969,575.70000000000005,0.04644782686096488,575.70000000000005,0.038075752566482705,575.70000000000005,0.039355984503615535,575.70000000000005,0.10202211710451581,575.70000000000005,0.11977717589413629,575.70000000000005,0.10281444181650179,575.70000000000005,0.087783287980129354,575.70000000000005,0.073932885735357695,575.70000000000005,0.074945491382891249,575.70000000000005,0.058984512092774846,575.70000000000005,0.058901350423437859,575.70000000000005,0.18926998296075886,575.70000000000005,0.1848644914083229,575.70000000000005,0.13868132380492187,575.70000000000005,0.13744920017293555,575.70000000000005,0.11924166899790611,575.70000000000005,0.11943664538880837,575.70000000000005,0.091060841111195903,575.70000000000005,0.092517950543814592,575.70000000000005,0.038484016174563207,575.70000000000005,0.039433847901460622,575.70000000000005,0.032869331909157959,575.70000000000005,0.032358578537337979,575.70000000000005,0.030264193009672525,575.70000000000005,0.030626213304171652,575.70000000000005,0.028033959800954536,575.70000000000005,0.02730585013945051,575.70000000000005,0.04676813916227969,575.70000000000005,0.047319540872985601,575.70000000000005,0.038479141764790649,575.70000000000005,0.037734967744123167,575.70000000000005,0.03494137992421352,575.70000000000005,0.034722243415308184,575.70000000000005,0.029778405093122424,575.70000000000005,0.030881335673050025,575.70000000000005,0.087920915880403169,575.70000000000005,0.088616218644829298,575.70000000000005,0.065266185159753479,575.70000000000005,0.065028525893712441,575.70000000000005,0.056354153420987936,575.70000000000005,0.05654917219806211,575.70000000000005,0.045885998151962905,575.70000000000005,0.046040877224214384,575.70000000000005,0.15576138280647323,575.70000000000005,0.15397018556666076,575.70000000000005,0.1132363113857735,575.70000000000005,0.11298263014674093,575.70000000000005,0.097371379161262428,575.70000000000005,0.098029848342276793,575.70000000000005,0.074594406720751433,575.70000000000005,0.075149453642243763
576.39999999999998,0.060875783084526507,576.39999999999998,0.059551003280689706,576.39999999999998,0.057748065071251159,576.39999999999998,0.046815781219534933,576.39999999999998,0.042127277197087212,576.39999999999998,0.041457533294338052,576.39999999999998,0.040643422089977371,576.39999999999998,0.03545836406330799,576.39999999999998,0.070144155370751859,576.39999999999998,0.069327882471622457,576.39999999999998,0.052102057424785735,576.39999999999998,0.052401176640132927,576.39999999999998,0.04953557471410526,576.39999999999998,0.046677559912854029,576.39999999999998,0.037901121538109407,576.39999999999998,0.039322923289506026,576.39999999999998,0.10274013885709926,576.39999999999998,0.12154213609352084,576.39999999999998,0.10427506930139112,576.39999999999998,0.088906521536413957,576.39999999999998,0.075003560438442571,576.39999999999998,0.076619745174334328,576.39999999999998,0.059571984435797677,576.39999999999998,0.058785212312335224,576.39999999999998,0.19178348295652023,576.39999999999998,0.18787475733916564,576.39999999999998,0.14087353661741392,576.39999999999998,0.13935064384595164,576.39999999999998,0.12023180997431397,576.39999999999998,0.12028267338063629,576.39999999999998,0.092863101141883481,576.39999999999998,0.092985046158541251,576.39999999999998,0.039279180760068831,576.39999999999998,0.039575417715724426,576.39999999999998,0.032971058721802594,576.39999999999998,0.032485737053143789,576.39999999999998,0.030543094021006585,576.39999999999998,0.030899180251434774,576.39999999999998,0.027884760475742395,576.39999999999998,0.027112569195425682,576.39999999999998,0.047499724489882413,576.39999999999998,0.047724752676686757,576.39999999999998,0.038344353738036505,576.39999999999998,0.038147809058772672,576.39999999999998,0.034969354797690803,576.39999999999998,0.034645948305824702,576.39999999999998,0.030831277603994477,576.39999999999998,0.031046641743597569,576.39999999999998,0.088769487042547224,576.39999999999998,0.089612293685308098,576.39999999999998,0.066100345023439547,576.39999999999998,0.06630858828615753,576.39999999999998,0.056949255274959094,576.39999999999998,0.056314352805540716,576.39999999999998,0.046235260208709508,576.39999999999998,0.046747030848655939,576.39999999999998,0.15776370556869526,576.39999999999998,0.15615561659164315,576.39999999999998,0.11410014156981428,576.39999999999998,0.11381679001042701,576.39999999999998,0.098122462127955376,576.39999999999998,0.098401151208429738,576.39999999999998,0.075587090867475407,576.39999999999998,0.075947161398065496
577.10000000000002,0.061678577180980472,577.10000000000002,0.060750531946457784,577.10000000000002,0.059154438256063348,577.10000000000002,0.047435467053228549,577.10000000000002,0.041991641446894365,577.10000000000002,0.041584691810143855,577.10000000000002,0.040848571162144062,577.10000000000002,0.035540593236862407,577.10000000000002,0.071640387240066827,577.10000000000002,0.070913973025440183,577.10000000000002,0.053263438535812078,577.10000000000002,0.052723311546840956,577.10000000000002,0.050797834914337543,577.10000000000002,0.047269270873070368,577.10000000000002,0.038339394555920066,577.10000000000002,0.039940065952883533,577.10000000000002,0.10400578995108634,577.10000000000002,0.1232774259725507,577.10000000000002,0.10568568110339682,577.10000000000002,0.090216254249213729,577.10000000000002,0.075996244585166531,577.10000000000002,0.077175851750125063,577.10000000000002,0.060336630977509909,577.10000000000002,0.059772810118426965,577.10000000000002,0.19482765782491115,577.10000000000002,0.1916988377711655,577.10000000000002,0.14277837118418488,577.10000000000002,0.14221340589845965,577.10000000000002,0.12180942329374465,577.10000000000002,0.12238502750862559,577.10000000000002,0.094092300128006262,577.10000000000002,0.093964166730245921,577.10000000000002,0.039464832193145311,577.10000000000002,0.039265150937158266,577.10000000000002,0.033236396158117368,577.10000000000002,0.033142722718140442,577.10000000000002,0.030421869569271717,577.10000000000002,0.031412900655290218,577.10000000000002,0.028315403982604719,577.10000000000002,0.027508456041301081,577.10000000000002,0.04772098030738451,577.10000000000002,0.048263904783703362,577.10000000000002,0.038415562506887761,577.10000000000002,0.038653052228241058,577.10000000000002,0.034927816349194243,577.10000000000002,0.03514440968778345,577.10000000000002,0.030509990420725146,577.10000000000002,0.031411162822240872,577.10000000000002,0.090225028186804321,577.10000000000002,0.090744852199418441,577.10000000000002,0.067218492239091918,577.10000000000002,0.067306358773513736,577.10000000000002,0.057050134364165034,577.10000000000002,0.057090019751956114,577.10000000000002,0.04699990675042174,577.10000000000002,0.048063545348965363,577.10000000000002,0.16047896374286852,577.10000000000002,0.15838428151199954,577.10000000000002,0.11513182099471869,577.10000000000002,0.11548341429092174,577.10000000000002,0.098528521655095236,577.10000000000002,0.099657477344591072,577.10000000000002,0.076827310258301348,577.10000000000002,0.077042420080872809
577.89999999999998,0.06224739960835176,577.89999999999998,0.062178945940676307,577.89999999999998,0.059474029992455268,577.89999999999998,0.04849257818129412,577.89999999999998,0.042438391699092082,577.89999999999998,0.041876308673058499,577.89999999999998,0.041829387180726159,577.89999999999998,0.035621974686978121,577.89999999999998,0.07250591287098497,577.89999999999998,0.071843077914261241,577.89999999999998,0.053828870069428547,577.89999999999998,0.053977094512686181,577.89999999999998,0.051112340310097232,577.89999999999998,0.0480033993709892,577.89999999999998,0.038753083594008288,577.89999999999998,0.03974085094478777,577.89999999999998,0.10595640158354737,577.89999999999998,0.12545522748658477,577.89999999999998,0.10757695209514848,577.89999999999998,0.091832015123386138,577.89999999999998,0.077164407483702513,577.89999999999998,0.078161754109339385,577.89999999999998,0.061132643286454236,577.89999999999998,0.060553563405474596,577.89999999999998,0.19768279036647082,577.89999999999998,0.19444885260632572,577.89999999999998,0.14478238939328433,577.89999999999998,0.14401820909946336,577.89999999999998,0.12363372413383857,577.89999999999998,0.12363881047447084,577.89999999999998,0.095694497427159381,577.89999999999998,0.094688122546900302,577.89999999999998,0.039966684468858878,577.89999999999998,0.040247662402617776,577.89999999999998,0.033478845061587104,577.89999999999998,0.033877698939497991,577.89999999999998,0.030396437866110557,577.89999999999998,0.031533277383586376,577.89999999999998,0.02856378695014539,577.89999999999998,0.027778879818248094,577.89999999999998,0.048433915719335717,577.89999999999998,0.048783559251629742,577.89999999999998,0.03875295643549248,577.89999999999998,0.038961623559929812,577.89999999999998,0.035437298135856159,577.89999999999998,0.035162211879996269,577.89999999999998,0.031521324483100632,577.89999999999998,0.03087285843866297,577.89999999999998,0.091630553648177807,577.89999999999998,0.092046955401269864,577.89999999999998,0.067772903368005233,577.89999999999998,0.068399922009443628,577.89999999999998,0.058076727448437213,577.89999999999998,0.058086094792434914,577.89999999999998,0.047789984995295132,577.89999999999998,0.048203419716351739,577.89999999999998,0.16227020336885295,577.89999999999998,0.16119109381755295,577.89999999999998,0.11749527394182922,577.89999999999998,0.11673211091613472,577.89999999999998,0.099974737841526579,577.89999999999998,0.10149449403626559,577.89999999999998,0.078383730491764378,577.89999999999998,0.077731619236540261
578.60000000000002,0.062921339742122523,578.60000000000002,0.063285225028186801,578.60000000000002,0.059798708069479414,578.60000000000002,0.048751133830099262,578.60000000000002,0.043237794901791228,578.60000000000002,0.042226418453243805,578.60000000000002,0.041607283639785358,578.60000000000002,0.036596008918050579,578.60000000000002,0.073130685045310825,578.60000000000002,0.072282198655510638,578.60000000000002,0.054795274789552657,578.60000000000002,0.053910124361028461,578.60000000000002,0.051192874036774236,578.60000000000002,0.047813509320719212,578.60000000000002,0.03931681968074735,578.60000000000002,0.039818841501148658,578.60000000000002,0.10707285335232235,578.60000000000002,0.12722357857972416,578.60000000000002,0.10764137907649007,578.60000000000002,0.091871858125005298,578.60000000000002,0.078171502928884473,578.60000000000002,0.078486432186363531,578.60000000000002,0.06182862422963134,578.60000000000002,0.061628476725752994,578.60000000000002,0.19927481498435948,578.60000000000002,0.19625111263701328,578.60000000000002,0.14542835465357781,578.60000000000002,0.14518298110424455,578.60000000000002,0.12476289175419411,578.60000000000002,0.12512995600315355,578.60000000000002,0.095798767410120139,578.60000000000002,0.095709629290540249,578.60000000000002,0.039944643659452536,578.60000000000002,0.040510456668616433,578.60000000000002,0.033739943880708355,578.60000000000002,0.034070979883522805,578.60000000000002,0.030510880530335779,578.60000000000002,0.031612115663385981,578.60000000000002,0.028469689648449099,578.60000000000002,0.028109491959343189,578.60000000000002,0.048572094639844687,578.60000000000002,0.049150623500589158,578.60000000000002,0.038661402304112309,578.60000000000002,0.039254935869721869,578.60000000000002,0.035995100158524279,578.60000000000002,0.035360579164653322,578.60000000000002,0.031026253994896707,578.60000000000002,0.030899985588701547,578.60000000000002,0.093148826326899095,578.60000000000002,0.093455871756398176,578.60000000000002,0.068587565592601082,578.60000000000002,0.068842433644447823,578.60000000000002,0.058103006875037083,578.60000000000002,0.059027067809397864,578.60000000000002,0.04783915295474004,578.60000000000002,0.048209353780422674,578.60000000000002,0.16480489645058197,578.60000000000002,0.16256610123513304,578.60000000000002,0.11859307579495267,578.60000000000002,0.11877681985029205,578.60000000000002,0.10122173901986216,578.60000000000002,0.10245157379856394,578.60000000000002,0.078470198282512324,578.60000000000002,0.078937081966379288
579.29999999999995,0.063697006688537922,579.29999999999995,0.064209243576375641,579.29999999999995,0.060278519535786647,579.29999999999995,0.049258920169883771,579.29999999999995,0.044076193382670832,579.29999999999995,0.042503624017700463,579.29999999999995,0.04229987368920763,579.29999999999995,0.037114815662538256,579.29999999999995,0.074563337656722878,579.29999999999995,0.073504615854123753,579.29999999999995,0.055523469223400554,579.29999999999995,0.054742588777837116,579.29999999999995,0.051813407593906562,579.29999999999995,0.048362834109000281,579.29999999999995,0.03993481006756356,579.29999999999995,0.040125717385959998,579.29999999999995,0.10859960326543069,579.29999999999995,0.13032709408882445,579.29999999999995,0.10941396878682298,579.29999999999995,0.092945075998406262,579.29999999999995,0.079232004950704871,579.29999999999995,0.079940277883743208,579.29999999999995,0.062296567567796689,579.29999999999995,0.062191365089053346,579.29999999999995,0.20225286742453139,579.29999999999995,0.19842128464009898,579.29999999999995,0.14646935903630798,579.29999999999995,0.14700304332714489,579.29999999999995,0.12618876257809652,579.29999999999995,0.12596326814340092,579.29999999999995,0.096889787475733929,579.29999999999995,0.096518357451065157,579.29999999999995,0.04029390571619914,579.29999999999995,0.041367505065147546,579.29999999999995,0.03451815399743987,579.29999999999995,0.034404135194934016,579.29999999999995,0.030907615099649895,579.29999999999995,0.031519713808567093,579.29999999999995,0.028334901621694945,579.29999999999995,0.027993353848240553,579.29999999999995,0.049315548095589287,579.29999999999995,0.049893229232895055,579.29999999999995,0.039638827428939587,579.29999999999995,0.039353271788611685,579.29999999999995,0.036354534896535347,579.29999999999995,0.035723404796419216,579.29999999999995,0.031592533251951882,579.29999999999995,0.030727897730644355,579.29999999999995,0.09435089816298331,579.29999999999995,0.094344285920161391,579.29999999999995,0.068727439959987466,579.29999999999995,0.070325101938743514,579.29999999999995,0.058942253079355383,579.29999999999995,0.059804430202690675,579.29999999999995,0.048079906411332363,579.29999999999995,0.047861787170553484,579.29999999999995,0.16750320015598114,579.29999999999995,0.16474559819604453,579.29999999999995,0.12004692149233236,579.29999999999995,0.12070115205615321,579.29999999999995,0.10217881878216051,579.29999999999995,0.1038681196646406,579.29999999999995,0.079724828971796252,579.29999999999995,0.079410959368615586
580.10000000000002,0.06479480854166135,580.10000000000002,0.064368615582852243,580.10000000000002,0.060752396938022937,580.10000000000002,0.048891855920924356,580.10000000000002,0.044462755270720473,580.10000000000002,0.043014801251239791,580.10000000000002,0.041915854971474112,580.10000000000002,0.037052931851512767,580.10000000000002,0.075705221128658989,580.10000000000002,0.074203139967616974,580.10000000000002,0.055023312394564386,580.10000000000002,0.055149496028415686,580.10000000000002,0.052009231708247498,580.10000000000002,0.047882174919254346,580.10000000000002,0.040073836711511233,580.10000000000002,0.040261353136152853,580.10000000000002,0.10985338623127593,580.10000000000002,0.13079673287386726,580.10000000000002,0.10952417283385468,580.10000000000002,0.093461339572577837,580.10000000000002,0.080471376618092116,580.10000000000002,0.080342098793689545,580.10000000000002,0.062129566050371725,580.10000000000002,0.062638115341251077,580.10000000000002,0.20215877012283509,580.10000000000002,0.20098395259530527,580.10000000000002,0.14841403660469807,580.10000000000002,0.14799657519730761,580.10000000000002,0.1271441468935175,580.10000000000002,0.12693560692759595,580.10000000000002,0.097437416817137606,580.10000000000002,0.097156693200410302,580.10000000000002,0.040226935564541419,580.10000000000002,0.041075888202232902,580.10000000000002,0.033651780643082996,580.10000000000002,0.034334621872960172,580.10000000000002,0.031425574120698865,580.10000000000002,0.031420530166238567,580.10000000000002,0.027885608199181101,580.10000000000002,0.027714452836906489,580.10000000000002,0.050029331230979197,580.10000000000002,0.049990717428346175,580.10000000000002,0.039169188643896818,580.10000000000002,0.03947195307003043,580.10000000000002,0.036023075032001556,580.10000000000002,0.035777659096496363,580.10000000000002,0.031577274230055186,580.10000000000002,0.03102799182794605,580.10000000000002,0.095407161567610171,580.10000000000002,0.095553987267193954,580.10000000000002,0.069894755135084752,580.10000000000002,0.070826106491018365,580.10000000000002,0.058921907716826455,580.10000000000002,0.059823927841780894,580.10000000000002,0.048617363071471568,580.10000000000002,0.047926214151895095,580.10000000000002,0.16975729677949866,580.10000000000002,0.16649360392665496,580.10000000000002,0.12085904054661209,580.10000000000002,0.12220077481922298,580.10000000000002,0.1040132923035189,580.10000000000002,0.1044861100514568,580.10000000000002,0.080002882259691599,580.10000000000002,0.080012843010096382
580.79999999999995,0.065662029619456927,580.79999999999995,0.065111221315158146,580.79999999999995,0.061511957139102943,580.79999999999995,0.049748904317455468,580.79999999999995,0.044622975000635785,580.79999999999995,0.043243686579690244,580.79999999999995,0.042563515678644998,580.79999999999995,0.036962225443571292,580.79999999999995,0.076702143892576485,580.79999999999995,0.074710926307401476,580.79999999999995,0.055581962140671223,580.79999999999995,0.055980264998346935,580.79999999999995,0.052516170324593298,580.79999999999995,0.049120698863202868,580.79999999999995,0.040447682747980294,580.79999999999995,0.040628417385112282,580.79999999999995,0.11220497105024457,580.79999999999995,0.1319589617083323,580.79999999999995,0.11194442325135848,580.79999999999995,0.095212736196943107,580.79999999999995,0.082115960089180498,580.79999999999995,0.081083856802556739,580.79999999999995,0.062921339742122523,580.79999999999995,0.063654535744258778,580.79999999999995,0.20512919305205868,580.79999999999995,0.20378228766647166,580.79999999999995,0.15030276442613363,580.79999999999995,0.14973610369353099,580.79999999999995,0.12889808668819885,580.79999999999995,0.12882857336622505,580.79999999999995,0.098327526427778228,580.79999999999995,0.098446928274119841,580.79999999999995,0.040742351415274276,580.79999999999995,0.04118439680238719,580.79999999999995,0.033798436797979024,580.79999999999995,0.034482973474733614,580.79999999999995,0.031651068555394492,580.79999999999995,0.031402727974025761,580.79999999999995,0.028626518484609582,580.79999999999995,0.027808550138602783,580.79999999999995,0.051070335613709376,580.79999999999995,0.050372192975763584,580.79999999999995,0.039769376838500216,580.79999999999995,0.039325296915134415,580.79999999999995,0.035993404711646859,580.79999999999995,0.036123530259488147,580.79999999999995,0.032189330552800453,580.79999999999995,0.031144129939048689,580.79999999999995,0.096538872358281819,580.79999999999995,0.097179920822630828,580.79999999999995,0.070652619889287324,580.79999999999995,0.071670439035968911,580.79999999999995,0.059764544814899574,580.79999999999995,0.060767444029059953,580.79999999999995,0.048808100845180273,580.79999999999995,0.048406873341641031,580.79999999999995,0.17157142493832814,580.79999999999995,0.16869768486728889,580.79999999999995,0.1223993540347397,580.79999999999995,0.12271788611683325,580.79999999999995,0.10542559955240202,580.79999999999995,0.10664780482015547,580.79999999999995,0.081004891364241341,580.79999999999995,0.080407034409094372
581.5,0.066494494036265603,581.5,0.065701236828497059,581.5,0.06127459457626544,581.5,0.049257224723006358,581.5,0.044422064545662616,581.5,0.044213482193569166,581.5,0.0422303603672338,581.5,0.036993591210803388,581.5,0.07690644524130448,581.5,0.074932182124903574,581.5,0.055444630943600949,581.5,0.056947517441909748,581.5,0.052443266108864635,581.5,0.048843493298746217,581.5,0.040540084602799183,581.5,0.040373252630061966,581.5,0.11302132872171783,581.5,0.13228957384942738,581.5,0.11171553792290802,581.5,0.095903630799487966,581.5,0.082909429227808709,581.5,0.081566211439180081,581.5,0.063401151208429748,581.5,0.063578240634775296,581.5,0.2066678110933089,581.5,0.20570238125513932,581.5,0.15165234014055257,581.5,0.15058637030255248,581.5,0.12965595144240144,581.5,0.12957033137509222,581.5,0.099014182413129551,581.5,0.099330256097250838,581.5,0.041309478395768165,581.5,0.041448886515263267,581.5,0.033119410323576036,581.5,0.034018421030323071,581.5,0.031804506497800165,581.5,0.0308720531013962,581.5,0.028473080542203915,581.5,0.028184091621949257,581.5,0.051022015377703178,581.5,0.050330654527267024,581.5,0.039515059806888603,581.5,0.039299017488534552,581.5,0.036100217864923734,581.5,0.035880233632579708,581.5,0.03191042954146639,581.5,0.030749938540050696,581.5,0.097807066622585023,581.5,0.098164975458406439,581.5,0.071355382619974067,581.5,0.071551757754550166,581.5,0.059806930986834844,581.5,0.06122775785627696,581.5,0.048833532548341441,581.5,0.048908725617354598,581.5,0.17291760975899223,581.5,0.17036430914778361,581.5,0.12321571170621297,581.5,0.12372074294482169,581.5,0.10657341708840909,581.5,0.10668934326865202,581.5,0.080651390690301195,581.5,0.081537897476327323
582.29999999999995,0.066680993192780785,582.29999999999995,0.066210718615158995,582.29999999999995,0.062220653933860615,582.29999999999995,0.04994981477242863,582.29999999999995,0.044622127277197082,582.29999999999995,0.044373701923484478,582.29999999999995,0.043306969134389597,582.29999999999995,0.037561565914735973,582.29999999999995,0.076931029221026931,582.29999999999995,0.076784457838474776,582.29999999999995,0.056905258428490285,582.29999999999995,0.057033985232657694,582.29999999999995,0.053654662902774597,582.29999999999995,0.049638657884251848,582.29999999999995,0.040356128616600116,582.29999999999995,0.040955638632452544,582.29999999999995,0.11403690140128685,582.29999999999995,0.13411980875359222,582.29999999999995,0.1135144070598408,582.29999999999995,0.096389376329866133,582.29999999999995,0.083553699041224797,582.29999999999995,0.083103134033552906,582.29999999999995,0.063574934513364365,582.29999999999995,0.064041945355747143,582.29999999999995,0.2092135245797411,582.29999999999995,0.2075199003077236,582.29999999999995,0.15202025211295067,582.29999999999995,0.15221569475174418,582.29999999999995,0.13018916948534712,582.29999999999995,0.1306918694844994,582.29999999999995,0.099754244975119338,582.29999999999995,0.099870255927706153,582.29999999999995,0.042276730839330971,582.29999999999995,0.042181319566304692,582.29999999999995,0.034504590422420586,582.29999999999995,0.03484834227681561,582.29999999999995,0.031851131286928958,582.29999999999995,0.031128913303323926,582.29999999999995,0.029227554402651682,582.29999999999995,0.028495206123954123,582.29999999999995,0.051290743707772778,582.29999999999995,0.051173291625340143,582.29999999999995,0.040500962166102931,582.29999999999995,0.040038232327085616,582.29999999999995,0.036696167442333609,582.29999999999995,0.036711002602510957,582.29999999999995,0.031723930384951214,582.29999999999995,0.031289090647067301,582.29999999999995,0.099189703551113478,582.29999999999995,0.098871129082847994,582.29999999999995,0.072456575366852322,582.29999999999995,0.072273170400888431,582.29999999999995,0.060542754931631103,582.29999999999995,0.062105999338775711,582.29999999999995,0.04876401922636759,582.29999999999995,0.048790892059374556,582.29999999999995,0.17434178513601722,582.29999999999995,0.17171303713876382,582.29999999999995,0.12417279146851132,582.29999999999995,0.12476174732755185,582.29999999999995,0.10680654103405304,582.29999999999995,0.10752858947297032,582.29999999999995,0.080898925934403149,582.29999999999995,0.08225083288827853
583,0.066945482905656856,583,0.067005883200664612,583,0.063045488839720928,583,0.050182938718072612,583,0.044846773988453999,583,0.04449068775802581,583,0.043426498139247052,583,0.037160592728228331,583,0.077946601900595963,583,0.0783391826250604,583,0.057309622508752746,583,0.057467171909836134,583,0.054042920237701658,583,0.049757339165670593,583,0.040505327941812261,583,0.040754728177479375,583,0.11535087273128015,583,0.13562960419792647,583,0.11379415579461356,583,0.097749124725549544,583,0.083442647270754386,583,0.08362872256555022,583,0.064033552893703952,583,0.063669794766155474,583,0.21127857887642731,583,0.20917804735383128,583,0.1537046785856582,583,0.15457999542229342,583,0.13085039376753727,583,0.13116574688673568,583,0.10133440146486611,583,0.10062303434127651,583,0.042893873502708471,583,0.042706908098302021,583,0.034682612344548711,583,0.035301026593084275,583,0.031800267880606636,583,0.031138238261149687,583,0.029126675313445743,583,0.028801234285326754,583,0.05170273729898358,583,0.051929460932665331,583,0.04121050668429932,583,0.04090291023456509,583,0.036906402855132539,583,0.036817815755787832,583,0.031333977603146747,583,0.030987301102888196,583,0.10030530759644972,583,0.099140705136356297,583,0.073404330171324902,583,0.0728691199782983,583,0.061086145655841237,583,0.061449013673779071,583,0.049284521417732673,583,0.049086747539482722,583,0.17587023049600298,583,0.17453256529589786,583,0.12582246128023197,583,0.12666997278807762,583,0.1079382518247247,583,0.10760997092308604,583,0.081828030823224221,583,0.082677237777947304
583.70000000000005,0.067025168908895164,583.70000000000005,0.067617091799971177,583.70000000000005,0.064530700304332722,583.70000000000005,0.050979798750455656,583.70000000000005,0.045786899281978238,583.70000000000005,0.044529683036206261,583.70000000000005,0.043835948560141738,583.70000000000005,0.037147876876647758,583.70000000000005,0.079196146249247659,583.70000000000005,0.079569229334621877,583.70000000000005,0.05807426905046497,583.70000000000005,0.057663843747615781,583.70000000000005,0.054714317201156298,583.70000000000005,0.050765282334291256,583.70000000000005,0.040812203826623594,583.70000000000005,0.041446470503462951,583.70000000000005,0.11650208116104205,583.70000000000005,0.13641290065529024,583.70000000000005,0.11597789137271858,583.70000000000005,0.098722311233183285,583.70000000000005,0.083897874757339147,583.70000000000005,0.084257733357069597,583.70000000000005,0.064141213770419522,583.70000000000005,0.064214033213804325,583.70000000000005,0.21374121546586639,583.70000000000005,0.21127701058806578,583.70000000000005,0.15472279443554335,583.70000000000005,0.1559236370726414,583.70000000000005,0.13131240304163172,583.70000000000005,0.131815103040784,583.70000000000005,0.10208463670812036,583.70000000000005,0.10117405457643498,583.70000000000005,0.043839932860303653,583.70000000000005,0.042842543848494875,583.70000000000005,0.035264998346939296,583.70000000000005,0.035657918160779234,583.70000000000005,0.032027457762179676,583.70000000000005,0.03164517687749549,583.70000000000005,0.029097004993091057,583.70000000000005,0.028594389766282646,583.70000000000005,0.052392784178089735,583.70000000000005,0.053055237659266043,583.70000000000005,0.041583504997329664,583.70000000000005,0.040827462848520304,583.70000000000005,0.036377423429380391,583.70000000000005,0.036978035485703144,583.70000000000005,0.031549299356577909,583.70000000000005,0.031550189466188552,583.70000000000005,0.10094703423954969,583.70000000000005,0.10072594796673533,583.70000000000005,0.074269008078804363,583.70000000000005,0.074007612556479599,583.70000000000005,0.062181404338648556,583.70000000000005,0.062042420080872809,583.70000000000005,0.049638022091672805,583.70000000000005,0.049410577893068172,583.70000000000005,0.17736222374812444,583.70000000000005,0.17599234505734848,583.70000000000005,0.12765778252502907,583.70000000000005,0.12737358324220305,583.70000000000005,0.1092496799844019,583.70000000000005,0.10893411493434381,583.70000000000005,0.082740181243271191,583.70000000000005,0.083018022600306871
584.39999999999998,0.068371353729559256,584.39999999999998,0.069098064647389448,584.39999999999998,0.064873180573569666,584.39999999999998,0.051303629104041092,584.39999999999998,0.04605901850580265,584.39999999999998,0.044422022159490676,584.39999999999998,0.043874096114883479,584.39999999999998,0.037567499978806908,584.39999999999998,0.080315988911777436,584.39999999999998,0.080014284139942174,584.39999999999998,0.058410815255631007,584.39999999999998,0.058717563981926534,584.39999999999998,0.054953375210871208,584.39999999999998,0.051654544221493175,584.39999999999998,0.041397132999330295,584.39999999999998,0.041390520756508391,584.39999999999998,0.11827636631825235,584.39999999999998,0.13836266456431254,584.39999999999998,0.11690614853810094,584.39999999999998,0.10023719301814976,584.39999999999998,0.084574358061426047,584.39999999999998,0.084715504013970488,584.39999999999998,0.065364478692471348,584.39999999999998,0.065058365758754857,584.39999999999998,0.21562570467010839,584.39999999999998,0.21425506302823769,584.39999999999998,0.15701758178411873,584.39999999999998,0.15832184668073884,584.39999999999998,0.13255855649652859,584.39999999999998,0.13317146054271256,584.39999999999998,0.10262802743233049,584.39999999999998,0.10292460347736154,584.39999999999998,0.044001000313657668,584.39999999999998,0.042794223612488663,584.39999999999998,0.034892847757347648,584.39999999999998,0.035584166221611868,584.39999999999998,0.03156205759433043,584.39999999999998,0.031562947703941066,584.39999999999998,0.029145325229097265,584.39999999999998,0.028800386561888051,584.39999999999998,0.053073506099370137,584.39999999999998,0.053375677119096666,584.39999999999998,0.04136055373295016,584.39999999999998,0.04112925239269942,584.39999999999998,0.036268914829226111,584.39999999999998,0.037013639870128762,584.39999999999998,0.031757839322499426,584.39999999999998,0.031492544272356586,584.39999999999998,0.10234153929621999,584.39999999999998,0.10212553936403788,584.39999999999998,0.074607249730847799,584.39999999999998,0.074841772420165653,584.39999999999998,0.063155438569721015,584.39999999999998,0.062663801361443852,584.39999999999998,0.050835855310563477,584.39999999999998,0.050591456643184735,584.39999999999998,0.17951374583555862,584.39999999999998,0.17774374168171378,584.39999999999998,0.12887172248925513,584.39999999999998,0.1285968481642549,584.39999999999998,0.11015420089350052,584.39999999999998,0.10998783516865458,584.39999999999998,0.084680620194467746,584.39999999999998,0.084203987691055665
585.20000000000005,0.06937760145130252,585.20000000000005,0.069520230919864687,585.20000000000005,0.065430134872799098,585.20000000000005,0.051950442087773288,585.20000000000005,0.04667785661605757,585.20000000000005,0.045434203945304875,585.20000000000005,0.044319150920203797,585.20000000000005,0.038726337919517129,585.20000000000005,0.08021680526944891,585.20000000000005,0.080423734560836874,585.20000000000005,0.058639700584081453,585.20000000000005,0.0593762450938006,585.20000000000005,0.055696828666615801,585.20000000000005,0.052173350965980851,585.20000000000005,0.041571764027703594,585.20000000000005,0.04240270254232259,585.20000000000005,0.11866886227037293,585.20000000000005,0.13946979137526175,585.20000000000005,0.11820994718682978,585.20000000000005,0.10077295423141155,585.20000000000005,0.085716241533362145,585.20000000000005,0.085417419021218521,585.20000000000005,0.065786644964946614,585.20000000000005,0.06584590083331214,585.20000000000005,0.21723129286301637,585.20000000000005,0.21645151445792324,585.20000000000005,0.15819676508735792,585.20000000000005,0.15841000991836424,585.20000000000005,0.13295613878928139,585.20000000000005,0.13410395632528846,585.20000000000005,0.10244915778676365,585.20000000000005,0.10293392843518731,585.20000000000005,0.044390953095462135,585.20000000000005,0.043580910963607236,585.20000000000005,0.035127667149869028,585.20000000000005,0.036064825411357804,585.20000000000005,0.031808745114993695,585.20000000000005,0.031884234887210393,585.20000000000005,0.028982562328865834,585.20000000000005,0.028909742885481041,585.20000000000005,0.053571967481328892,585.20000000000005,0.053661359917940361,585.20000000000005,0.041168968235802753,585.20000000000005,0.041002941600332313,585.20000000000005,0.036658867611030571,585.20000000000005,0.037523969380229394,585.20000000000005,0.032069801547943005,585.20000000000005,0.032080016615379403,585.20000000000005,0.10352241804633655,585.20000000000005,0.10397527190729297,585.20000000000005,0.074777642142027589,585.20000000000005,0.07562676432440682,585.20000000000005,0.063616600120376732,585.20000000000005,0.064016767969617569,585.20000000000005,0.051185117367310087,585.20000000000005,0.051414596102167635,585.20000000000005,0.1809506370641642,585.20000000000005,0.1794095182387698,585.20000000000005,0.12966180073412853,585.20000000000005,0.1298277425972551,585.20000000000005,0.11056449903783389,585.20000000000005,0.11056513483041293,585.20000000000005,0.085032425421530472,585.20000000000005,0.085588320066461526
585.89999999999998,0.069926926239583603,585.89999999999998,0.069866949806295181,585.89999999999998,0.065492018683824593,585.89999999999998,0.052006391834727841,585.89999999999998,0.046338767240575431,585.89999999999998,0.045593575951781491,585.89999999999998,0.044637894933157014,585.89999999999998,0.038872146350974461,585.89999999999998,0.080260886888261565,585.89999999999998,0.080322855471630927,585.89999999999998,0.058858413231267427,585.89999999999998,0.059539855717470724,585.89999999999998,0.055223798987818214,585.89999999999998,0.052180980476929199,585.89999999999998,0.041267431313208383,585.89999999999998,0.042081415359053256,585.89999999999998,0.12016594186312658,585.89999999999998,0.14104062290718275,585.89999999999998,0.11862363622491798,585.89999999999998,0.10074921797512779,585.89999999999998,0.085716241533362145,585.89999999999998,0.085467434704102133,585.89999999999998,0.065844290158778573,585.89999999999998,0.06639607334503192,585.89999999999998,0.21745170095707972,585.89999999999998,0.21717038393394536,585.89999999999998,0.16012364046353519,585.89999999999998,0.16016225426616817,585.89999999999998,0.13446423878673822,585.89999999999998,0.13595199342166611,585.89999999999998,0.10273314513872996,585.89999999999998,0.10382997210989887,585.89999999999998,0.044260403685901506,585.89999999999998,0.043852182463992952,585.89999999999998,0.035062392445088721,585.89999999999998,0.035813899273501017,585.89999999999998,0.031625636852233331,585.89999999999998,0.032105490704712497,585.89999999999998,0.029717538550223379,585.89999999999998,0.029049617252867425,585.89999999999998,0.053755075744089248,585.89999999999998,0.053684248450785406,585.89999999999998,0.041488559972194673,585.89999999999998,0.041524291515136112,585.89999999999998,0.037120876885124998,585.89999999999998,0.037537532955248677,585.89999999999998,0.032066410654188186,585.89999999999998,0.032140204979527472,585.89999999999998,0.10403952934394681,585.89999999999998,0.10407530327306021,585.89999999999998,0.074653026796537889,585.89999999999998,0.075964158253011532,585.89999999999998,0.064097259310122667,585.89999999999998,0.064017615693056279,585.89999999999998,0.051249544348651692,585.89999999999998,0.051293371650432767,585.89999999999998,0.18303264582962456,585.89999999999998,0.18090659783152346,585.89999999999998,0.13058158066512382,585.89999999999998,0.13062205945932201,585.89999999999998,0.11093834507430295,585.89999999999998,0.11090676737621116,585.89999999999998,0.085620745487992006,585.89999999999998,0.085369607419275517
586.60000000000002,0.069661588803268823,586.60000000000002,0.069310843230504487,586.60000000000002,0.065836194399938958,586.60000000000002,0.052595559624628058,586.60000000000002,0.046671074828547938,586.60000000000002,0.046239541212074964,586.60000000000002,0.044366623432771299,586.60000000000002,0.038352491883048082,586.60000000000002,0.080936522468909741,586.60000000000002,0.080892525622440939,586.60000000000002,0.058776184057713017,586.60000000000002,0.059172791468511308,586.60000000000002,0.055034756660986908,586.60000000000002,0.052044497003297642,586.60000000000002,0.041567525410510071,586.60000000000002,0.041854225477480224,586.60000000000002,0.11975988233598674,586.60000000000002,0.1414305756889872,586.60000000000002,0.11938065325568185,586.60000000000002,0.10136636063850528,586.60000000000002,0.085704373405220274,586.60000000000002,0.086307528631859129,586.60000000000002,0.065842594711901181,586.60000000000002,0.066115476886820429,586.60000000000002,0.21974394513533904,586.60000000000002,0.21805964582114729,586.60000000000002,0.16063736086739064,586.60000000000002,0.16027500148351601,586.60000000000002,0.13636313928943822,586.60000000000002,0.1360613497452591,586.60000000000002,0.10365462051660268,586.60000000000002,0.10294325339301306,586.60000000000002,0.043865364563464813,586.60000000000002,0.044823673524749287,586.60000000000002,0.035475233759738226,586.60000000000002,0.035383255766638699,586.60000000000002,0.032367394861100518,586.60000000000002,0.032032586488983834,586.60000000000002,0.028880835516221195,586.60000000000002,0.029089460254486575,586.60000000000002,0.053829675406695317,586.60000000000002,0.054174232598357103,586.60000000000002,0.041937853394708506,586.60000000000002,0.041277603994472847,586.60000000000002,0.037708349228147808,586.60000000000002,0.03747225825046837,586.60000000000002,0.032346159388960953,586.60000000000002,0.032232606834346367,586.60000000000002,0.10419890135042342,586.60000000000002,0.1048484270491595,586.60000000000002,0.074944643659452539,586.60000000000002,0.076138789281384858,586.60000000000002,0.063578452565634991,586.60000000000002,0.064228698829293926,586.60000000000002,0.050621381280571025,586.60000000000002,0.050666056305790803,586.60000000000002,0.18387273975738155,586.60000000000002,0.18249353610877989,586.60000000000002,0.13043153361647297,586.60000000000002,0.13076108610326967,586.60000000000002,0.11241168841077288,586.60000000000002,0.11069144562278001,586.60000000000002,0.085598704678585658,586.60000000000002,0.085129701686121911
587.39999999999998,0.070274492849452794,587.39999999999998,0.069857624848469441,587.39999999999998,0.066699176860541012,587.39999999999998,0.052389562829022657,587.39999999999998,0.046048845824538193,587.39999999999998,0.046329399896577729,587.39999999999998,0.044130956316811201,587.39999999999998,0.038241440112577671,587.39999999999998,0.081710493968447748,587.39999999999998,0.081594440629688972,587.39999999999998,0.059688334477759973,587.39999999999998,0.059024439866737874,587.39999999999998,0.054952527487432491,587.39999999999998,0.052736239329281204,587.39999999999998,0.041762501801412305,587.39999999999998,0.041957647737002272,587.39999999999998,0.1209424565329807,587.39999999999998,0.14294545747395368,587.39999999999998,0.11980705814535064,587.39999999999998,0.10189703551113483,587.39999999999998,0.086227418766901487,587.39999999999998,0.08603625713147342,587.39999999999998,0.065666268236650477,587.39999999999998,0.06608580656646576,587.39999999999998,0.2199753736341056,587.39999999999998,0.21942532828090161,587.39999999999998,0.16189029610979716,587.39999999999998,0.16187719878266915,587.39999999999998,0.13741940269406513,587.39999999999998,0.13736938701118148,587.39999999999998,0.10401998931868468,587.39999999999998,0.10356463467358409,587.39999999999998,0.04383908513686495,587.39999999999998,0.044315887184964778,587.39999999999998,0.035366725159583938,587.39999999999998,0.035089943456846649,587.39999999999998,0.032470817120622573,587.39999999999998,0.03252680925374906,587.39999999999998,0.029481871434263288,587.39999999999998,0.028998753846545103,587.39999999999998,0.054023804074158834,587.39999999999998,0.054549774081703584,587.39999999999998,0.042035341590159619,587.39999999999998,0.042029534684604505,587.39999999999998,0.037602383798309644,587.39999999999998,0.037157752854708681,587.39999999999998,0.032165594296516706,587.39999999999998,0.032310597390707255,587.39999999999998,0.10526364198943734,587.39999999999998,0.10543674711562102,587.39999999999998,0.075513466086823841,587.39999999999998,0.076836465671439355,587.39999999999998,0.064132863694548292,587.39999999999998,0.064413502538931688,587.39999999999998,0.050804489543331381,587.39999999999998,0.050091299814348574,587.39999999999998,0.1861870247450472,587.39999999999998,0.1833065028864983,587.39999999999998,0.13114362130498547,587.39999999999998,0.13151555996371744,587.39999999999998,0.11201325839458136,587.39999999999998,0.11218343887490144,587.39999999999998,0.086189567915363294,587.39999999999998,0.08490166408111019
588.10000000000002,0.070716156761018265,588.10000000000002,0.070523087747853139,588.10000000000002,0.066807685460695293,588.10000000000002,0.052978730618922873,588.10000000000002,0.046655815806651242,588.10000000000002,0.046357374770055013,588.10000000000002,0.044485304714190044,588.10000000000002,0.038159210939023247,588.10000000000002,0.082244559734832121,588.10000000000002,0.082235319549350219,588.10000000000002,0.059434017446148367,588.10000000000002,0.059200766341988592,588.10000000000002,0.055734976221357542,588.10000000000002,0.052821011673151751,588.10000000000002,0.042472046319608693,588.10000000000002,0.042240787365529872,588.10000000000002,0.12071441892796897,588.10000000000002,0.14362957028898893,588.10000000000002,0.12048269372599883,588.10000000000002,0.10306604613310953,588.10000000000002,0.087043776438374756,588.10000000000002,0.086841594398243516,588.10000000000002,0.066402939904885425,588.10000000000002,0.066290107915193741,588.10000000000002,0.22234645609216447,588.10000000000002,0.22165823181845151,588.10000000000002,0.16234891449013675,588.10000000000002,0.16186617837796596,588.10000000000002,0.13751265227232271,588.10000000000002,0.13785258937124351,588.10000000000002,0.10415138645168404,588.10000000000002,0.10364601612369981,588.10000000000002,0.043800089858684513,588.10000000000002,0.044466781957054329,588.10000000000002,0.035445563439383529,588.10000000000002,0.035101811584988513,588.10000000000002,0.031778227071200295,588.10000000000002,0.032503072997465306,588.10000000000002,0.029093614099336237,588.10000000000002,0.029159821299899122,588.10000000000002,0.054242516721344822,588.10000000000002,0.054299695667285507,588.10000000000002,0.041537727931639574,588.10000000000002,0.042577164026008169,588.10000000000002,0.037652399481193248,588.10000000000002,0.037733357069589614,588.10000000000002,0.032195264616871389,588.10000000000002,0.032398760628332621,588.10000000000002,0.10643095716453463,588.10000000000002,0.1063980654951129,588.10000000000002,0.076366275866161432,588.10000000000002,0.076506701253782977,588.10000000000002,0.064179488483677105,588.10000000000002,0.064537270160982679,588.10000000000002,0.051491145528682725,588.10000000000002,0.050360875867856869,588.10000000000002,0.18672448140518638,588.10000000000002,0.18466286038842686,588.10000000000002,0.13090202012495444,588.10000000000002,0.13280240414367217,588.10000000000002,0.11332892517145207,588.10000000000002,0.11346858760797875,588.10000000000002,0.086067495740189723,588.10000000000002,0.08572480354009307
588.79999999999995,0.071865669743902738,588.79999999999995,0.070922365487483374,588.79999999999995,0.067209506370641645,588.79999999999995,0.052765952035807834,588.79999999999995,0.046978798436797975,588.79999999999995,0.046246322999584609,588.79999999999995,0.04493714130702,588.79999999999995,0.038393182608105932,588.79999999999995,0.082513288064901713,588.79999999999995,0.082604079245187048,588.79999999999995,0.060455524189788314,588.79999999999995,0.059889965497656045,588.79999999999995,0.056320753117502953,588.79999999999995,0.053366945567678001,588.79999999999995,0.042502564363402086,588.79999999999995,0.042506972525283356,588.79999999999995,0.1224937904258115,588.79999999999995,0.14439082593694635,588.79999999999995,0.12131431041936878,588.79999999999995,0.10377982926849944,588.79999999999995,0.087286225341844478,588.79999999999995,0.086546586641574066,588.79999999999995,0.066278324559395738,588.79999999999995,0.066629197290675887,588.79999999999995,0.22345443062655237,588.79999999999995,0.22187355357188268,588.79999999999995,0.16345688902452463,588.79999999999995,0.16324627213617829,588.79999999999995,0.13680734637131983,588.79999999999995,0.13855111348473675,588.79999999999995,0.10382416520434375,588.79999999999995,0.10405885743834933,588.79999999999995,0.044680874511499366,588.79999999999995,0.043938650254740891,588.79999999999995,0.035321795817332545,588.79999999999995,0.035795249357849501,588.79999999999995,0.031947771758941368,588.79999999999995,0.033112586149894457,588.79999999999995,0.029237727083916146,588.79999999999995,0.02925391860159542,588.79999999999995,0.054580758373388258,588.79999999999995,0.054590464806761441,588.79999999999995,0.041997194035417885,588.79999999999995,0.042449157786763649,588.79999999999995,0.037618490543645043,588.79999999999995,0.03780795673219569,588.79999999999995,0.031999440502530459,588.79999999999995,0.032690377491247258,588.79999999999995,0.10768134923662503,588.79999999999995,0.1074899332841654,588.79999999999995,0.076607877046192471,588.79999999999995,0.076386324525486812,588.79999999999995,0.065114527436569106,588.79999999999995,0.06491196392089045,588.79999999999995,0.051657299322668979,588.79999999999995,0.051200122072175176,588.79999999999995,0.1883122674058815,588.79999999999995,0.18520370794232088,588.79999999999995,0.13189894288887194,588.79999999999995,0.13429863601298714,588.79999999999995,0.11347388587947069,588.79999999999995,0.11506145994930611,588.79999999999995,0.08627688342954995,588.79999999999995,0.086051177063994649
589.60000000000002,0.07245738070411907,589.60000000000002,0.071418283699125992,589.60000000000002,0.067065393386061739,589.60000000000002,0.053416155913294849,589.60000000000002,0.047667997592465428,589.60000000000002,0.045899604113154115,589.60000000000002,0.045455100328068973,589.60000000000002,0.038188033535939234,589.60000000000002,0.083109237642311568,589.60000000000002,0.082871112128379235,589.60000000000002,0.059801081695107783,589.60000000000002,0.060161236998041753,589.60000000000002,0.05633092579876741,589.60000000000002,0.053007510829666933,589.60000000000002,0.042598357111975786,589.60000000000002,0.042232310131142821,589.60000000000002,0.12219284860507108,589.60000000000002,0.14541233268058626,589.60000000000002,0.12188567601705619,589.60000000000002,0.10406381662046574,589.60000000000002,0.087259098191805912,589.60000000000002,0.087413807719369643,589.60000000000002,0.066524164356620286,589.60000000000002,0.066989479752125672,589.60000000000002,0.22560764816086396,589.60000000000002,0.22314429100650202,589.60000000000002,0.16438938480710052,589.60000000000002,0.16368793604774376,589.60000000000002,0.13765591753346387,589.60000000000002,0.13888765968990277,589.60000000000002,0.10452692793503049,589.60000000000002,0.10477687919093277,589.60000000000002,0.044991989013504229,589.60000000000002,0.044073438281495042,589.60000000000002,0.035659189745937278,589.60000000000002,0.035666395395166285,589.60000000000002,0.031609530106897925,589.60000000000002,0.031971550401397056,589.60000000000002,0.028806235853615119,589.60000000000002,0.02923950730313743,589.60000000000002,0.054843552639386915,589.60000000000002,0.055177937149784258,589.60000000000002,0.042558386951840825,589.60000000000002,0.042246551884913074,589.60000000000002,0.037739714995379904,589.60000000000002,0.037788459093105464,589.60000000000002,0.032282580131058038,589.60000000000002,0.03282007917736917,589.60000000000002,0.10809079965751971,589.60000000000002,0.10778155014708003,589.60000000000002,0.076810482948043032,589.60000000000002,0.076649118791485477,589.60000000000002,0.065022973305188927,589.60000000000002,0.065596924459364353,589.60000000000002,0.051368225630070444,589.60000000000002,0.051527343319515438,589.60000000000002,0.18919135661181896,589.60000000000002,0.18591155701363984,589.60000000000002,0.1328077024151641,589.60000000000002,0.13512347091884744,589.60000000000002,0.11514305333028153,589.60000000000002,0.11489361070844245,589.60000000000002,0.086626145486296546,589.60000000000002,0.08649453642243754
590.29999999999995,0.073495841916533133,590.29999999999995,0.0716547985385248,590.29999999999995,0.067563854768020487,590.29999999999995,0.053057568898722478,590.29999999999995,0.047868908047438603,590.29999999999995,0.046123403100972328,590.29999999999995,0.045583954290752189,590.29999999999995,0.038422005205021918,590.29999999999995,0.084049362935835814,590.29999999999995,0.083309385146189907,590.29999999999995,0.060888710866966761,590.29999999999995,0.060406229071827605,590.29999999999995,0.05622156947517442,590.29999999999995,0.053595830896128446,590.29999999999995,0.042358451378822159,590.29999999999995,0.042028008782414833,590.29999999999995,0.12377385281825658,590.29999999999995,0.14620241092545969,590.29999999999995,0.12314708849384977,590.29999999999995,0.10440544916626399,590.29999999999995,0.087664309995507075,590.29999999999995,0.087327339928621697,590.29999999999995,0.066670820511516321,590.29999999999995,0.067381975704246255,590.29999999999995,0.22716237294744959,590.29999999999995,0.2242793926909285,590.29999999999995,0.16510486338936783,590.29999999999995,0.16483151496655729,590.29999999999995,0.13899108194942481,590.29999999999995,0.13912332680586287,590.29999999999995,0.1052568178157558,590.29999999999995,0.10507527784135703,590.29999999999995,0.045403134881276327,590.29999999999995,0.044788916863762365,590.29999999999995,0.036100005934064067,590.29999999999995,0.036040241431635346,590.29999999999995,0.032884506158710781,590.29999999999995,0.032614124767935709,590.29999999999995,0.028977475988233602,590.29999999999995,0.029542144570755238,590.29999999999995,0.055444588557429009,590.29999999999995,0.056073980824495807,590.29999999999995,0.043078041419767218,590.29999999999995,0.04218805896764239,590.29999999999995,0.037930452769088609,590.29999999999995,0.038035994337207425,590.29999999999995,0.032575044717411385,590.29999999999995,0.032894678839975246,590.29999999999995,0.10875965345065823,590.29999999999995,0.10893954036435155,590.29999999999995,0.077169917686054107,590.29999999999995,0.07778337275247324,590.29999999999995,0.065687588481133916,590.29999999999995,0.066368352788586243,590.29999999999995,0.051080847384349329,590.29999999999995,0.052011393403016207,590.29999999999995,0.19047311445114146,590.29999999999995,0.18720942159829773,590.29999999999995,0.13477781168671535,590.29999999999995,0.13590507192933379,590.29999999999995,0.11519815535379738,590.29999999999995,0.11536155404660782,590.29999999999995,0.08751116875630495,590.29999999999995,0.087089638276408698
591,0.073696752371506316,591,0.072457592634978779,591,0.068069945660927583,591,0.053591634665106858,591,0.047166145316751854,591,0.045854674770902742,591,0.04532794181226317,591,0.038179556301552182,591,0.084566474233446098,591,0.08275412629383791,591,0.061053169214075602,591,0.060763968362961267,591,0.05592401854818884,591,0.053426286208387373,591,0.042505955257156898,591,0.042028856505853536,591,0.12472330306960659,591,0.14723917669099632,591,0.12292668039978637,591,0.10416300026279426,591,0.087855047769215766,591,0.08760539321651703,591,0.067321024389003323,591,0.067206496952434247,591,0.22718441375685594,591,0.22511270483117587,591,0.16523117418173497,591,0.1645314208692556,591,0.140060908929071,591,0.13964637216754405,591,0.10591549892762987,591,0.1061790137585514,591,0.045353966921831419,591,0.045473877402236296,591,0.035851622966523403,591,0.035901214787687673,591,0.032076625721624577,591,0.032406432525452902,591,0.029590380034417572,591,0.029470088078465281,591,0.055786221103227271,591,0.056168078126192109,591,0.042840678856929708,591,0.042887430804574314,591,0.037875350745572765,591,0.037797784050931212,591,0.032464840670379698,591,0.032867551689936672,591,0.10904957486669549,591,0.10890732687368075,591,0.078091393063926845,591,0.078575994167662755,591,0.066043632325390164,591,0.066354789213566953,591,0.050788382797995982,591,0.051985113976416336,591,0.19100294160033232,591,0.18860138348465197,591,0.13582814102727125,591,0.13614921627968091,591,0.11498707221755976,591,0.11508265303527376,591,0.087731576850368337,591,0.087594881445877099
591.70000000000005,0.073872231123318324,591.70000000000005,0.072471156209998042,591.70000000000005,0.068521782253757546,591.70000000000005,0.053715402287157835,591.70000000000005,0.047276349363783554,591.70000000000005,0.046530310351550912,591.70000000000005,0.045433907242101342,591.70000000000005,0.038654281427227183,591.70000000000005,0.085280257368836002,591.70000000000005,0.082626967778032093,591.70000000000005,0.061492289955324977,591.70000000000005,0.06096148792417961,591.70000000000005,0.055862982460602055,591.70000000000005,0.053382204589574697,591.70000000000005,0.042539864194705117,591.70000000000005,0.042202639810788131,591.70000000000005,0.12554729025202818,591.70000000000005,0.14773933351983246,591.70000000000005,0.12372608360248551,591.70000000000005,0.10528877698939497,591.70000000000005,0.088055958224188921,591.70000000000005,0.088000432338953744,591.70000000000005,0.067661809211362875,591.70000000000005,0.067258208082195264,591.70000000000005,0.22894004899841475,591.70000000000005,0.22618846587489297,591.70000000000005,0.16525999677865097,591.70000000000005,0.16479591058213167,591.70000000000005,0.14059497469545537,591.70000000000005,0.13960568144248622,591.70000000000005,0.10636309690326629,591.70000000000005,0.10591706721599146,591.70000000000005,0.045304798962386504,591.70000000000005,0.046070674703084867,591.70000000000005,0.035810084518026843,591.70000000000005,0.036328467400795164,591.70000000000005,0.03249879199409985,591.70000000000005,0.033108347532700928,591.70000000000005,0.029322499427786683,591.70000000000005,0.029231030068750368,591.70000000000005,0.055518340496596381,591.70000000000005,0.056031594652560544,591.70000000000005,0.042311699431177567,591.70000000000005,0.042664479540194811,591.70000000000005,0.03791010740655968,591.70000000000005,0.038514958080075955,591.70000000000005,0.032548765290811528,591.70000000000005,0.032723438705356767,591.70000000000005,0.10917419021218515,591.70000000000005,0.10937272704152999,591.70000000000005,0.078943355119825712,591.70000000000005,0.078525978484779144,591.70000000000005,0.06603515509100312,591.70000000000005,0.065935166111407803,591.70000000000005,0.051211396793909951,591.70000000000005,0.052373371311343384,591.70000000000005,0.19152005289794261,591.70000000000005,0.19017475818688911,591.70000000000005,0.13618588031840492,591.70000000000005,0.1361017437671134,591.70000000000005,0.11567033730915627,591.70000000000005,0.11594394004899841,591.70000000000005,0.087832455939574269,591.70000000000005,0.088005179590210481
592.5,0.073396658274204607,592.5,0.072786509329196447,592.5,0.069394937395624051,592.5,0.05426811796919373,592.5,0.047089002483829662,592.5,0.046743088934665951,592.5,0.045184676551121974,592.5,0.038377075862770525,592.5,0.085075956020108021,592.5,0.082911802853437092,592.5,0.061901740376219656,592.5,0.061065757907140368,592.5,0.055953688868543523,592.5,0.053372879631748936,592.5,0.042571229961937219,592.5,0.042618872019192455,592.5,0.12587196832905231,592.5,0.14851160957249307,592.5,0.12397022795283265,592.5,0.10554309402100659,592.5,0.088534921967057464,592.5,0.088609945491382888,592.5,0.068005984927477253,592.5,0.067691394759373705,592.5,0.2294724193179217,592.5,0.22625119740935715,592.5,0.16600260251095686,592.5,0.1657029746615464,592.5,0.14099086154133073,592.5,0.1405220704797267,592.5,0.10692852843688275,592.5,0.10613493213973874,592.5,0.044902978052440173,592.5,0.045903673185659924,592.5,0.036034731229283759,592.5,0.036512423386994237,592.5,0.032395369734577795,592.5,0.032224171986131235,592.5,0.029369971940354178,592.5,0.028731720963352914,592.5,0.055706535099988963,592.5,0.056131626018327781,592.5,0.04245157379856395,592.5,0.042688215796478558,592.5,0.038342446360299418,592.5,0.038375083712689564,592.5,0.03261149682527572,592.5,0.033260047642057262,592.5,0.11013381314479963,592.5,0.10989916329696602,592.5,0.079138331510727952,592.5,0.078655680170901063,592.5,0.066513271110432926,592.5,0.066287819061909226,592.5,0.051686121919584951,592.5,0.052364894076956339,592.5,0.19296287819061911,592.5,0.19088260725820808,592.5,0.13672248925510544,592.5,0.13704610767783118,592.5,0.11565677373413698,592.5,0.11685439502216798,592.5,0.087951984944431724,592.5,0.0884019141595246
593.20000000000005,0.072676093351305052,593.20000000000005,0.072988267507608312,593.20000000000005,0.069472927951984939,593.20000000000005,0.054256249841051853,593.20000000000005,0.047779049362935824,593.20000000000005,0.047017751328806486,593.20000000000005,0.045280469299695675,593.20000000000005,0.038829760179039191,593.20000000000005,0.084791120944703022,593.20000000000005,0.08344925951357629,593.20000000000005,0.061404126717699611,593.20000000000005,0.06102930579927604,593.20000000000005,0.055931648059137182,593.20000000000005,0.052930367996744741,593.20000000000005,0.042345735527241593,593.20000000000005,0.042962200011868124,593.20000000000005,0.12478094826343857,593.20000000000005,0.14967807702415167,593.20000000000005,0.12475945847426737,593.20000000000005,0.10603223044513956,593.20000000000005,0.089313132083788979,593.20000000000005,0.088796444647898085,593.20000000000005,0.068211133999643944,593.20000000000005,0.068007595602010779,593.20000000000005,0.23171719098361349,593.20000000000005,0.22764485474258875,593.20000000000005,0.16696476861388743,593.20000000000005,0.1673034765138221,593.20000000000005,0.14029148970439884,593.20000000000005,0.14083488042860898,593.20000000000005,0.10756347329247308,593.20000000000005,0.10676902927189034,593.20000000000005,0.045132711104329322,593.20000000000005,0.046178335579800459,593.20000000000005,0.036686630553648174,593.20000000000005,0.03643358510719464,593.20000000000005,0.033034553207361643,593.20000000000005,0.032145333706331651,593.20000000000005,0.029345387960631727,593.20000000000005,0.028646948619482381,593.20000000000005,0.055612437798292669,593.20000000000005,0.055703525681781572,593.20000000000005,0.042689784084840157,593.20000000000005,0.042578011749446865,593.20000000000005,0.037741410442257317,593.20000000000005,0.038765036494494039,593.20000000000005,0.032670837465985099,593.20000000000005,0.03322952959826387,593.20000000000005,0.1107145037003128,593.20000000000005,0.11036286801793783,593.20000000000005,0.078823826114968243,593.20000000000005,0.078492917270669621,593.20000000000005,0.066167399947441155,593.20000000000005,0.06614370607732932,593.20000000000005,0.051730203538397627,593.20000000000005,0.052324203351898482,593.20000000000005,0.19388774446224666,593.20000000000005,0.19163199477802362,593.20000000000005,0.13741677475140512,593.20000000000005,0.1378387290930207,593.20000000000005,0.11656892415418393,593.20000000000005,0.11682133380805845,593.20000000000005,0.087675627103413784,593.20000000000005,0.088139119893525936
593.89999999999998,0.072351415274280906,593.89999999999998,0.072931470037215063,593.89999999999998,0.069706899621067617,593.89999999999998,0.054112136856471947,593.89999999999998,0.047546773140730567,593.89999999999998,0.04684396802387189,593.89999999999998,0.045180437933928438,593.89999999999998,0.038368598628383474,593.89999999999998,0.08480977086035453,593.89999999999998,0.084412273339945568,593.89999999999998,0.061892415418393902,593.89999999999998,0.061505726371828454,593.89999999999998,0.056234285326755007,593.89999999999998,0.053336427523884601,593.89999999999998,0.042474589489924795,593.89999999999998,0.042536642845638038,593.89999999999998,0.12571259632257573,593.89999999999998,0.14987135796817647,593.89999999999998,0.12517314751235556,593.89999999999998,0.10546340801776827,593.89999999999998,0.089728516568754607,593.89999999999998,0.089188092876579944,593.89999999999998,0.068591761823622643,593.89999999999998,0.06838313708535726,593.89999999999998,0.23186723803226433,593.89999999999998,0.22732356755931943,593.89999999999998,0.1676751608555225,593.89999999999998,0.16875054042369217,593.89999999999998,0.13981846002560125,593.89999999999998,0.14103494316014345,593.89999999999998,0.10758975271907294,593.89999999999998,0.10728614056950059,593.89999999999998,0.045319210260844504,593.89999999999998,0.046112213151581427,593.89999999999998,0.036716300874002857,593.89999999999998,0.036094495731712493,593.89999999999998,0.033518603290862391,593.89999999999998,0.032268253604943925,593.89999999999998,0.029509846307740565,593.89999999999998,0.029240355026576126,593.89999999999998,0.056415231894746648,593.89999999999998,0.056143494146469658,593.89999999999998,0.042843222027245831,593.89999999999998,0.042959487296864274,593.89999999999998,0.037765994421979775,593.89999999999998,0.038117375787323139,593.89999999999998,0.032926002221035415,593.89999999999998,0.033642370912913368,593.89999999999998,0.11200050015682883,593.89999999999998,0.11122924137229472,593.89999999999998,0.079040843315276818,593.89999999999998,0.07869721861939763,593.89999999999998,0.067654306858930341,593.89999999999998,0.066721005739087666,593.89999999999998,0.05239227554402652,593.89999999999998,0.052561565914735979,593.89999999999998,0.19473716334782942,593.89999999999998,0.1921702991616015,593.89999999999998,0.13860697845934744,593.89999999999998,0.13856946669718473,593.89999999999998,0.11602807660028994,593.89999999999998,0.11668908895162042,593.89999999999998,0.088093554758695514,593.89999999999998,0.088188287852970851
594.60000000000002,0.07311521409255442,594.60000000000002,0.073627450980392153,594.60000000000002,0.069698422386680572,594.60000000000002,0.054249468053542214,594.60000000000002,0.047886710239651416,594.60000000000002,0.046704093656485507,594.60000000000002,0.045167722082347858,594.60000000000002,0.038682256300704453,594.60000000000002,0.085830429880555781,594.60000000000002,0.0847513627154277,594.60000000000002,0.061338004289480601,594.60000000000002,0.061359917940371142,594.60000000000002,0.056937895780880439,594.60000000000002,0.053261827861278532,594.60000000000002,0.042829785610742348,594.60000000000002,0.042574790400379779,594.60000000000002,0.12544302026906742,594.60000000000002,0.14998664835584039,594.60000000000002,0.12591575324466145,594.60000000000002,0.10587285843866295,594.60000000000002,0.089685282673380648,594.60000000000002,0.089327967243966327,594.60000000000002,0.068687554572196358,594.60000000000002,0.06788976204403073,594.60000000000002,0.23303455320736163,594.60000000000002,0.22935725608877358,594.60000000000002,0.16785911684172156,594.60000000000002,0.16891754194111713,594.60000000000002,0.13985745530378171,594.60000000000002,0.14096119122097608,594.60000000000002,0.10822300212778584,594.60000000000002,0.10764048896687944,594.60000000000002,0.045755787831777757,594.60000000000002,0.04637839831133491,594.60000000000002,0.03640942498919153,594.60000000000002,0.036396285275891595,594.60000000000002,0.033201554724786593,594.60000000000002,0.032874375863618265,594.60000000000002,0.029403880877902397,594.60000000000002,0.029652348617786928,594.60000000000002,0.05624060086637335,594.60000000000002,0.056796241194272776,594.60000000000002,0.042405796732873861,594.60000000000002,0.04294507599840628,594.60000000000002,0.037555759009180845,594.60000000000002,0.038451378822173053,594.60000000000002,0.033118435441621526,594.60000000000002,0.033049812229258325,594.60000000000002,0.11216919712113119,594.60000000000002,0.11134877037715217,594.60000000000002,0.080130167934013216,594.60000000000002,0.078682807320939629,594.60000000000002,0.066865076337495638,594.60000000000002,0.066590456329527037,594.60000000000002,0.052082008765460361,594.60000000000002,0.052494595763078258,594.60000000000002,0.19521019302662701,594.60000000000002,0.19351224536507208,594.60000000000002,0.13913171926790605,594.60000000000002,0.13883565185693819,594.60000000000002,0.11662911251833202,594.60000000000002,0.11689847664098063,594.60000000000002,0.088722565550214905,594.60000000000002,0.08807808380593915
595.29999999999995,0.074223188626942341,595.29999999999995,0.073012851487330763,595.29999999999995,0.069792519688376867,595.29999999999995,0.05439358103812212,595.29999999999995,0.04854030501089325,595.29999999999995,0.046832947619168716,595.29999999999995,0.045124488186973885,595.29999999999995,0.038727185642955846,595.29999999999995,0.08646367928926868,595.29999999999995,0.085445648211727399,595.29999999999995,0.061748302433814004,595.29999999999995,0.061560828395344304,595.29999999999995,0.056927723099615982,595.29999999999995,0.053762832413553403,595.29999999999995,0.043011198426625291,595.29999999999995,0.042505277078405942,595.29999999999995,0.12694009986182109,595.29999999999995,0.14981625594466064,595.29999999999995,0.12738146707018302,595.29999999999995,0.10661800734128497,595.29999999999995,0.090243932419487471,595.29999999999995,0.089967150716750155,595.29999999999995,0.068539202970422916,595.29999999999995,0.068271237591448139,595.29999999999995,0.23380343836626738,595.29999999999995,0.23001339403033152,595.29999999999995,0.16874329238829125,595.29999999999995,0.16938294210896637,595.29999999999995,0.14099933877571783,595.29999999999995,0.14166564939854023,595.29999999999995,0.10842899892339124,595.29999999999995,0.10747094427913838,595.29999999999995,0.045993998118053964,595.29999999999995,0.04595792748573705,595.29999999999995,0.03584992751964599,595.29999999999995,0.037180429456694052,595.29999999999995,0.033527928248688152,595.29999999999995,0.03314395191712656,595.29999999999995,0.029504759967108333,595.29999999999995,0.029861736307147155,595.29999999999995,0.05698490204555666,595.29999999999995,0.057224341530818977,595.29999999999995,0.042499046311131453,595.29999999999995,0.043095123047057128,595.29999999999995,0.038316166933699547,595.29999999999995,0.038610750828649662,595.29999999999995,0.033828827683256617,595.29999999999995,0.032661554894331271,595.29999999999995,0.11252863185914228,595.29999999999995,0.11217021438925766,595.29999999999995,0.080708315319210272,595.29999999999995,0.078880326882157986,595.29999999999995,0.067599204835414484,595.29999999999995,0.06723642158982053,595.29999999999995,0.053090799657519741,595.29999999999995,0.052695506218051427,595.29999999999995,0.19568915676949553,595.29999999999995,0.19459139730254402,595.29999999999995,0.13978955265634144,595.29999999999995,0.13893398777582802,595.29999999999995,0.11669862584030588,595.29999999999995,0.11795474004560751,595.29999999999995,0.088822596915982113,595.29999999999995,0.088283232878105841
596.10000000000002,0.075519357764722808,596.10000000000002,0.074027576443461085,596.10000000000002,0.069687401981977398,596.10000000000002,0.054502089638276408,596.10000000000002,0.049338012766714984,596.10000000000002,0.04649555369056399,596.10000000000002,0.045138051761993175,596.10000000000002,0.039297703517204546,596.10000000000002,0.086698498681790068,596.10000000000002,0.085499054788365836,596.10000000000002,0.062093325873367071,596.10000000000002,0.061093732780617652,596.10000000000002,0.057636419894373646,596.10000000000002,0.053701796325966618,596.10000000000002,0.043234997414443505,596.10000000000002,0.043100378932377101,596.10000000000002,0.12733090036706426,596.10000000000002,0.15096237803379026,596.10000000000002,0.12844790315607438,596.10000000000002,0.10781075421954341,596.10000000000002,0.090979756364283723,596.10000000000002,0.090251985792155154,596.10000000000002,0.068402719496791359,596.10000000000002,0.06790586878936615,596.10000000000002,0.23495888541322277,596.10000000000002,0.23117562286479659,596.10000000000002,0.1692264947483533,596.10000000000002,0.16984749455337692,596.10000000000002,0.14239977789645908,596.10000000000002,0.14293893000347568,596.10000000000002,0.10891728762408553,596.10000000000002,0.10811182319879963,596.10000000000002,0.045919398455447895,596.10000000000002,0.046572526978798434,596.10000000000002,0.036537431228436036,596.10000000000002,0.037441528275815303,596.10000000000002,0.033103218805896777,596.10000000000002,0.033505082102015048,596.10000000000002,0.029959139730254401,596.10000000000002,0.030042301399591399,596.10000000000002,0.057105278773852811,596.10000000000002,0.057521892457804556,596.10000000000002,0.043062782397870522,596.10000000000002,0.043290099437959362,596.10000000000002,0.038578113476259508,596.10000000000002,0.039370311029729661,596.10000000000002,0.033587226503225591,596.10000000000002,0.032263972601578456,596.10000000000002,0.11307710892398462,596.10000000000002,0.11251778099912686,596.10000000000002,0.080948221052363878,596.10000000000002,0.080114612208912986,596.10000000000002,0.067199927095784262,596.10000000000002,0.067702669481108466,596.10000000000002,0.052729669472631253,596.10000000000002,0.052186024431389505,596.10000000000002,0.19697769639632767,596.10000000000002,0.19544420708188162,596.10000000000002,0.14042788840568654,596.10000000000002,0.14018098895416359,596.10000000000002,0.11803548570314422,596.10000000000002,0.11927379771623305,596.10000000000002,0.088898044302026913,596.10000000000002,0.088807973686664446
596.79999999999995,0.075432889973974876,596.79999999999995,0.074220857387485906,596.79999999999995,0.069556004848978073,596.79999999999995,0.054360519824012611,596.79999999999995,0.04964743182184244,596.79999999999995,0.04691432906928443,596.79999999999995,0.045582258843874776,596.79999999999995,0.039496070801861599,596.79999999999995,0.08703843578071091,596.79999999999995,0.085913591549892754,596.79999999999995,0.062288302264269312,596.79999999999995,0.061388740537287115,596.79999999999995,0.057488068292600218,596.79999999999995,0.05359328772581233,596.79999999999995,0.043427430635029622,596.79999999999995,0.043091053974551347,596.79999999999995,0.12902126090384275,596.79999999999995,0.1517397404270831,596.79999999999995,0.1285826911828285,596.79999999999995,0.1086627162754423,596.79999999999995,0.091234921119334039,596.79999999999995,0.090836067241423152,596.79999999999995,0.06852563939540364,596.79999999999995,0.068365334893144461,596.79999999999995,0.23526491357459539,596.79999999999995,0.23191483770334767,596.79999999999995,0.17049892762985003,596.79999999999995,0.17083254918915253,596.79999999999995,0.14291604147063064,596.79999999999995,0.14264392224680622,596.79999999999995,0.10832388121699178,596.79999999999995,0.10838563786950145,596.79999999999995,0.046381407729542322,596.79999999999995,0.046694599153972005,596.79999999999995,0.036701041852106174,596.79999999999995,0.037558514110356642,596.79999999999995,0.033050659952697035,596.79999999999995,0.03369073353509152,596.79999999999995,0.029812483575358376,596.79999999999995,0.030016869696430241,596.79999999999995,0.057669014860591866,596.79999999999995,0.057147198697896792,596.79999999999995,0.043760458787925026,596.79999999999995,0.043716504327628164,596.79999999999995,0.038846841806329108,596.79999999999995,0.039249934301433496,596.79999999999995,0.033486347414019652,596.79999999999995,0.032364003967345692,596.79999999999995,0.11388498936107083,596.79999999999995,0.11281533192611244,596.79999999999995,0.08053368429083696,596.79999999999995,0.081244627552707227,596.79999999999995,0.068367242270881534,596.79999999999995,0.068232496630299316,596.79999999999995,0.053467188864304918,596.79999999999995,0.052636165577342055,596.79999999999995,0.19801276671498694,596.79999999999995,0.19530857133168875,596.79999999999995,0.14071526665140766,596.79999999999995,0.14101175792409482,596.79999999999995,0.11867382145248935,596.79999999999995,0.11927210226935561,596.79999999999995,0.088402126090384267,596.79999999999995,0.089097047379262981
597.5,0.075615150513296522,597.5,0.075013478802675407,597.5,0.070138390851368665,597.5,0.05422403635038104,597.5,0.049652518162474672,597.5,0.047367013385553089,597.5,0.046227376380729553,597.5,0.039631706552054453,597.5,0.087761543873926567,597.5,0.08698257080610021,597.5,0.063147893831116547,597.5,0.061719352678382196,597.5,0.058114535913803472,597.5,0.054434229377008043,597.5,0.04354780736332578,597.5,0.043308071174859922,597.5,0.12986728889567067,597.5,0.15283923772708394,597.5,0.12857590939531888,597.5,0.10907131897289829,597.5,0.091221357544314735,597.5,0.091040368590151161,597.5,0.069191950018226062,597.5,0.068977391215889736,597.5,0.23599480345532073,597.5,0.23397819655315649,597.5,0.17038024634843127,597.5,0.17182608105931518,597.5,0.14449958885413228,597.5,0.14389855293609016,597.5,0.10844849656248147,597.5,0.10890953095462136,597.5,0.046327153429465168,597.5,0.046894661885506471,597.5,0.037419911328128316,597.5,0.037245704161474359,597.5,0.033206641065418825,597.5,0.033612742978730625,597.5,0.029955748836499586,597.5,0.029603180658342026,597.5,0.057076456176936831,597.5,0.057918627027118662,597.5,0.043819799428634398,597.5,0.043976755423310705,597.5,0.038984173003399375,597.5,0.039258411535820548,597.5,0.033054008460279921,597.5,0.03270817968346007,597.5,0.11444194366030025,597.5,0.1137418936446174,597.5,0.080698142637945794,597.5,0.08211523952425763,597.5,0.068865703652840282,597.5,0.068574129176097592,597.5,0.053465493417427498,597.5,0.053082915829539785,597.5,0.19973364529555876,597.5,0.19646486610208283,597.5,0.14130443444130789,597.5,0.14256902588099657,597.5,0.11949187457084001,597.5,0.12032327933335027,597.5,0.090120461500640014,597.5,0.089581097462763742
598.20000000000005,0.0754396717614845,598.20000000000005,0.075312725176538392,598.20000000000005,0.070800462856997523,598.20000000000005,0.054451226231954086,598.20000000000005,0.049459237218449845,598.20000000000005,0.047610310012461528,598.20000000000005,0.046642760865695181,598.20000000000005,0.03925277417495316,598.20000000000005,0.088198121444859834,598.20000000000005,0.088110890703017045,598.20000000000005,0.062933419801124088,598.20000000000005,0.062479760602900905,598.20000000000005,0.05770339004603138,598.20000000000005,0.054296050456499066,598.20000000000005,0.043685138560396047,598.20000000000005,0.043269075896679471,598.20000000000005,0.13043526359960325,598.20000000000005,0.15330294244805576,598.20000000000005,0.12916338173834171,598.20000000000005,0.11011571424938328,598.20000000000005,0.091399379466442873,598.20000000000005,0.091833837728779358,598.20000000000005,0.069554775649991948,598.20000000000005,0.069962445851665361,598.20000000000005,0.23696375134576095,598.20000000000005,0.23640692420504733,598.20000000000005,0.17122627434025922,598.20000000000005,0.17202953468460447,598.20000000000005,0.14514724956130312,598.20000000000005,0.14362643371226572,598.20000000000005,0.10863075710180313,598.20000000000005,0.10922742724413587,598.20000000000005,0.046886650899010708,598.20000000000005,0.047593185998999685,598.20000000000005,0.036870586539847247,598.20000000000005,0.037338953739731957,598.20000000000005,0.033555055398726719,598.20000000000005,0.033231267431313216,598.20000000000005,0.029703127251765393,598.20000000000005,0.029415833778388138,598.20000000000005,0.057378245721115939,598.20000000000005,0.058017810669447188,598.20000000000005,0.044088527758703998,598.20000000000005,0.044195468070496687,598.20000000000005,0.038867187168858029,598.20000000000005,0.039041394335511986,598.20000000000005,0.032982799691428671,598.20000000000005,0.033081177996490421,598.20000000000005,0.11489547570000762,598.20000000000005,0.11406487627476414,598.20000000000005,0.081060120546272998,598.20000000000005,0.081801581851936644,598.20000000000005,0.068715656604189435,598.20000000000005,0.068507159024439851,598.20000000000005,0.053800344175716108,598.20000000000005,0.053286369454829063,598.20000000000005,0.20042114900434879,598.20000000000005,0.19743550943940044,598.20000000000005,0.14189105906089197,598.20000000000005,0.14333112925239272,598.20000000000005,0.12066342836313082,598.20000000000005,0.12089973127166991,598.20000000000005,0.090225579207039497,598.20000000000005,0.089491238778260984
599,0.076152607173435721,599,0.07525168908895162,599,0.071203131490382585,599,0.054943753549841899,599,0.049318515127624765,599,0.047654391631274204,599,0.046608851928146969,599,0.03949267990810678,599,0.088545688054729038,599,0.088561031848969587,599,0.06401681035578953,599,0.062622178140603404,599,0.057931427651043123,599,0.054624119427278045,599,0.043305358459856051,599,0.043725151106702949,599,0.13014788535388216,599,0.15431936285106346,599,0.13006281630680805,599,0.10992582419911329,599,0.091470588235294123,599,0.091749913108347528,599,0.069648872951688243,599,0.070104015665929137,599,0.23782673380636299,599,0.2374419945237066,599,0.17200024583979726,599,0.17269075896679464,599,0.14621453337063317,599,0.14470134703254414,599,0.10917414782601324,599,0.10962077091969515,599,0.046666242804947307,599,0.047437204886277895,599,0.037060476590117242,599,0.037565295897866287,599,0.03420780244652985,599,0.033420309758144508,599,0.030105795885150433,599,0.029632850978696713,599,0.058086094792434914,599,0.058146664632130411,599,0.044540364351533961,599,0.044118325237574488,599,0.038894314318896596,599,0.039338097539058862,599,0.032781889236455503,599,0.033861931283538052,599,0.11519556979730931,599,0.11492277239473396,599,0.08137208277171655,599,0.081630341717318172,599,0.069323474309741173,599,0.068853030187431649,599,0.053774064749116252,599,0.05344150284411215,599,0.20113747531005483,599,0.19839089375482141,599,0.14248192229766965,599,0.14361003026372679,599,0.12152725854717156,599,0.12215012334376033,599,0.090912235192390833,599,0.089177581105940013
599.70000000000005,0.076295024711138221,599.70000000000005,0.075736586895891078,599.70000000000005,0.071116663699634625,599.70000000000005,0.055519357764722839,599.70000000000005,0.049154056780515917,599.70000000000005,0.047769682018938144,599.70000000000005,0.046493561540483036,599.70000000000005,0.03949352763154549,599.70000000000005,0.089362045726202294,599.70000000000005,0.088288064901706459,599.70000000000005,0.064254172918627034,599.70000000000005,0.063419885896425152,599.70000000000005,0.058297644176563836,599.70000000000005,0.05419686681417054,599.70000000000005,0.043384196739655649,599.70000000000005,0.04393114790230835,599.70000000000005,0.13028013021032017,599.70000000000005,0.15537901714944516,599.70000000000005,0.13020608156794927,599.70000000000005,0.10993854005069385,599.70000000000005,0.092049583343929875,599.70000000000005,0.092516255096937172,599.70000000000005,0.069695497740817028,599.70000000000005,0.070142163220670878,599.70000000000005,0.23877364088739686,599.70000000000005,0.23686723803226437,599.70000000000005,0.17290052813170234,599.70000000000005,0.172318608377203,599.70000000000005,0.14627048311758775,599.70000000000005,0.14454960453701585,599.70000000000005,0.10948356688114071,599.70000000000005,0.10948174427574747,599.70000000000005,0.046782380916049943,599.70000000000005,0.047734755813263474,599.70000000000005,0.037212219085645502,599.70000000000005,0.037631418326085304,599.70000000000005,0.033755118130261184,599.70000000000005,0.033629697447504735,599.70000000000005,0.029610725396946504,599.70000000000005,0.030373761264125193,599.70000000000005,0.058669328518264195,599.70000000000005,0.057960165475615236,599.70000000000005,0.0448489356832227,599.70000000000005,0.044684604494629673,599.70000000000005,0.039294439781965528,599.70000000000005,0.039748395683392251,599.70000000000005,0.033109110483795778,599.70000000000005,0.034113705144833556,599.70000000000005,0.11577541262938379,599.70000000000005,0.11525762315302257,599.70000000000005,0.081522977543806108,599.70000000000005,0.082005035477225915,599.70000000000005,0.06904287785152971,599.70000000000005,0.068858964251502564,599.70000000000005,0.053610454125446121,599.70000000000005,0.053394878054983344,599.70000000000005,0.20119681595076425,599.70000000000005,0.19826543068589303,599.70000000000005,0.14367127828217321,599.70000000000005,0.14405762823936322,599.70000000000005,0.12242499766876055,599.70000000000005,0.12252566482710678,599.70000000000005,0.090614684265405254,599.70000000000005,0.089741317192679054
600.39999999999998,0.075933046802811044,600.39999999999998,0.075551783186253316,600.39999999999998,0.070932707713435572,600.39999999999998,0.05555750531946458,600.39999999999998,0.049209158804031761,600.39999999999998,0.047975678814543544,600.39999999999998,0.046296041979264679,600.39999999999998,0.039638488339564106,600.39999999999998,0.09021570322897858,600.39999999999998,0.088043072827920607,600.39999999999998,0.064649212041063733,600.39999999999998,0.063254579825877622,600.39999999999998,0.059143672168391781,600.39999999999998,0.054795359561896524,600.39999999999998,0.042850978696709986,600.39999999999998,0.04388876173037308,600.39999999999998,0.13059124471232506,600.39999999999998,0.15463471597026185,600.39999999999998,0.1298195196798996,600.39999999999998,0.10896535354306011,600.39999999999998,0.091576553665132274,600.39999999999998,0.09185248764443088,600.39999999999998,0.069975246475589781,600.39999999999998,0.069699651585666683,600.39999999999998,0.23859731441214616,600.39999999999998,0.23608563702177798,600.39999999999998,0.17229779676678283,600.39999999999998,0.17331383569424308,600.39999999999998,0.1462993057145037,600.39999999999998,0.14512775192221292,600.39999999999998,0.10852309622508753,600.39999999999998,0.10960127328060493,600.39999999999998,0.046355976026381147,600.39999999999998,0.046805650924442409,600.39999999999998,0.037224087213787373,600.39999999999998,0.037741622373116998,600.39999999999998,0.03369153887235829,600.39999999999998,0.033529666081737498,600.39999999999998,0.029744665700261949,600.39999999999998,0.030201673406068,600.39999999999998,0.058682044369844782,600.39999999999998,0.05800000847723439,600.39999999999998,0.044353865195018771,600.39999999999998,0.0447837881369582,600.39999999999998,0.039467375363461427,600.39999999999998,0.039605130422251042,600.39999999999998,0.033375295643549248,600.39999999999998,0.034106075633885208,600.39999999999998,0.11610263387672404,600.39999999999998,0.1160392241635089,600.39999999999998,0.081904453091223517,600.39999999999998,0.081948238006832652,600.39999999999998,0.069515907530327298,600.39999999999998,0.069350643845951673,600.39999999999998,0.053946152607173441,600.39999999999998,0.05366614955536906,600.39999999999998,0.20050676907165804,600.39999999999998,0.19901227503539246,600.39999999999998,0.14394594067631375,600.39999999999998,0.14428990446156847,600.39999999999998,0.1212797233030696,600.39999999999998,0.12220522536727615,600.39999999999998,0.090942753236184226,600.39999999999998,0.089784551088053041
601.10000000000002,0.076105134660868226,601.10000000000002,0.075742520959962034,601.10000000000002,0.070840305858616698,601.10000000000002,0.055954239888778685,601.10000000000002,0.049131168247670866,601.10000000000002,0.047643371226571037,601.10000000000002,0.046424048218509192,601.10000000000002,0.039546934208183927,601.10000000000002,0.090015640497444122,601.10000000000002,0.087833685138560394,601.10000000000002,0.064500860439290306,601.10000000000002,0.063756432101591182,601.10000000000002,0.058897832371167233,601.10000000000002,0.055207353153107326,601.10000000000002,0.042722972457465473,601.10000000000002,0.043675983147258034,601.10000000000002,0.13118380339598013,601.10000000000002,0.15500262794265995,601.10000000000002,0.12885565813009162,601.10000000000002,0.10877631121622883,601.10000000000002,0.09236239329281215,601.10000000000002,0.092636631825233337,601.10000000000002,0.070174461483685543,601.10000000000002,0.069616574688673563,601.10000000000002,0.23974937056534673,601.10000000000002,0.23530573145816905,601.10000000000002,0.17132121936539427,601.10000000000002,0.17293066469994825,601.10000000000002,0.14596021633902159,601.10000000000002,0.14557026355721711,601.10000000000002,0.10944881022015378,601.10000000000002,0.11041424005832338,601.10000000000002,0.0467111721471987,601.10000000000002,0.04720577638751134,601.10000000000002,0.037291057365445093,601.10000000000002,0.036694683926315891,601.10000000000002,0.033008273780761772,601.10000000000002,0.033269414986054957,601.10000000000002,0.029731949848681369,601.10000000000002,0.030387324839144476,601.10000000000002,0.057809736951416966,601.10000000000002,0.058338250129277826,601.10000000000002,0.044492891838966458,601.10000000000002,0.04524749285793004,601.10000000000002,0.039318176038249282,601.10000000000002,0.038965099226028491,601.10000000000002,0.033482956520264825,601.10000000000002,0.033435526393869264,601.10000000000002,0.11578643303408694,601.10000000000002,0.11598751303374788,601.10000000000002,0.082112145333706324,601.10000000000002,0.081665946101743769,601.10000000000002,0.068859769588769354,601.10000000000002,0.068942041148495697,601.10000000000002,0.054239464916965491,601.10000000000002,0.053567813636479243,601.10000000000002,0.20001932809440251,601.10000000000002,0.19950819324703506,601.10000000000002,0.14453934708340754,601.10000000000002,0.14507998270644187,601.10000000000002,0.12135262751879829,601.10000000000002,0.12135326331137727,601.10000000000002,0.092086332154997771,601.10000000000002,0.090107533718199767
601.89999999999998,0.076119545959326212,601.89999999999998,0.075403431584479874,601.89999999999998,0.070491891525308784,601.89999999999998,0.055589718810135386,601.89999999999998,0.049286301636953946,601.89999999999998,0.04776968201893813,601.89999999999998,0.046415570984122141,601.89999999999998,0.039260403685901508,601.89999999999998,0.089373066130905468,601.89999999999998,0.087746369624373738,601.89999999999998,0.064190593660724146,601.89999999999998,0.063209650483626229,601.89999999999998,0.058559590719123783,601.89999999999998,0.055047133423192014,601.89999999999998,0.042853521867026095,601.89999999999998,0.043227537448182904,601.89999999999998,0.13038694336359707,601.89999999999998,0.15518404075854292,601.89999999999998,0.12929562659477972,601.89999999999998,0.10920356382933633,601.89999999999998,0.092275925502064204,601.89999999999998,0.091682942956689814,601.89999999999998,0.070034587116299174,601.89999999999998,0.069024016005018521,601.89999999999998,0.23925599552402022,601.89999999999998,0.23547866703966494,601.89999999999998,0.17143396658274207,601.89999999999998,0.1727170383933945,601.89999999999998,0.14558637030255253,601.89999999999998,0.1450116138111103,601.89999999999998,0.10913176165407798,601.89999999999998,0.11032183820350448,601.89999999999998,0.046652679229928024,601.89999999999998,0.047132872171782678,601.89999999999998,0.036822266303841028,601.89999999999998,0.036567525410510088,601.89999999999998,0.033488085247068998,601.89999999999998,0.033446589184744364,601.89999999999998,0.030094775480447266,601.89999999999998,0.029962615396353087,601.89999999999998,0.05807507438773174,601.89999999999998,0.058847731915939748,601.89999999999998,0.044325890321541501,601.89999999999998,0.044382814950450572,601.89999999999998,0.039399557488364989,601.89999999999998,0.038654832447462331,601.89999999999998,0.033354950281020319,601.89999999999998,0.033460110373591721,601.89999999999998,0.11576100133092578,601.89999999999998,0.11537206581724779,601.89999999999998,0.082275755957376462,601.89999999999998,0.081331943066893883,601.89999999999998,0.068547807363325788,601.89999999999998,0.069010706747030831,601.89999999999998,0.054447157159448291,601.89999999999998,0.053335537414273972,601.89999999999998,0.1998650424285581,601.89999999999998,0.19968451972228576,601.89999999999998,0.14394678839975245,601.89999999999998,0.14467646634961809,601.89999999999998,0.12051422903791868,601.89999999999998,0.12020459805193152,601.89999999999998,0.091133491009892931,601.89999999999998,0.090001568288361589
602.60000000000002,0.076478980697337287,602.60000000000002,0.075422081500131397,602.60000000000002,0.070734340428778519,602.60000000000002,0.055419326398955603,602.60000000000002,0.04952112102947534,602.60000000000002,0.047283936488559962,602.60000000000002,0.046337580427761253,602.60000000000002,0.039132397446657002,602.60000000000002,0.088577901545399823,602.60000000000002,0.087792994413502551,602.60000000000002,0.064360986071903908,602.60000000000002,0.063563998881005071,602.60000000000002,0.058158617532616155,602.60000000000002,0.054832659393199562,602.60000000000002,0.043855530971575823,602.60000000000002,0.043542890567381302,602.60000000000002,0.12989780693946407,602.60000000000002,0.15554856183718624,602.60000000000002,0.12868865661266668,602.60000000000002,0.10903232369471784,602.60000000000002,0.092382738655341079,602.60000000000002,0.092024575502488076,602.60000000000002,0.070213456761865994,602.60000000000002,0.069726778735705264,602.60000000000002,0.2393178793350457,602.60000000000002,0.23544645354899416,602.60000000000002,0.17214096793062231,602.60000000000002,0.17196171680950803,602.60000000000002,0.14493701414850424,602.60000000000002,0.14499211617202004,602.60000000000002,0.10974720887057807,602.60000000000002,0.11004717580936395,602.60000000000002,0.046867153259920476,602.60000000000002,0.046834473521358388,602.60000000000002,0.037352941176470582,602.60000000000002,0.036526834685452231,602.60000000000002,0.03371612285208074,602.60000000000002,0.033698363046039854,602.60000000000002,0.029703127251765393,602.60000000000002,0.030184718937293895,602.60000000000002,0.057986063426667678,602.60000000000002,0.058707009825114648,602.60000000000002,0.044732797572120064,602.60000000000002,0.044082720853148877,602.60000000000002,0.038923136915812589,602.60000000000002,0.038806574942990592,602.60000000000002,0.033143019421343983,602.60000000000002,0.033472826225172302,602.60000000000002,0.11502941600332306,602.60000000000002,0.11479730932580556,602.60000000000002,0.081992616328848869,602.60000000000002,0.081239541212074981,602.60000000000002,0.067969659978128733,602.60000000000002,0.068615667624594145,602.60000000000002,0.053629104041097636,602.60000000000002,0.053222790196926155,602.60000000000002,0.20061358222493492,602.60000000000002,0.19889613692428978,602.60000000000002,0.14315416698456299,602.60000000000002,0.14435602688978746,602.60000000000002,0.12066003746937599,602.60000000000002,0.11978327950289497,602.60000000000002,0.090590948009121486,602.60000000000002,0.089769292066156345
603.29999999999995,0.07554055085069046,603.29999999999995,0.075804404770987502,603.29999999999995,0.070392707882980257,603.29999999999995,0.054449530785076673,603.29999999999995,0.04922611327280587,603.29999999999995,0.047261895679153627,603.29999999999995,0.046116324610259156,603.29999999999995,0.038847562371252004,603.29999999999995,0.08762336495341759,603.29999999999995,0.087892178055831077,603.29999999999995,0.063219950323406493,603.29999999999995,0.063074014733433367,603.29999999999995,0.057402448225290982,603.29999999999995,0.054387604587879251,603.29999999999995,0.044268372286225342,603.29999999999995,0.042838432389817147,603.29999999999995,0.1284948246484067,603.29999999999995,0.15451942558259793,603.29999999999995,0.12885057178945938,603.29999999999995,0.10956215084390869,603.29999999999995,0.091467197341539297,603.29999999999995,0.090975941608809549,603.29999999999995,0.069116502632181262,603.29999999999995,0.069693717521595769,603.29999999999995,0.23760039164822866,603.29999999999995,0.23602883955138476,603.29999999999995,0.17182307164110783,603.29999999999995,0.17091732153302305,603.29999999999995,0.14469202207471837,603.29999999999995,0.14434869408204271,603.29999999999995,0.10794071022269695,603.29999999999995,0.10906212117358832,603.29999999999995,0.046717953934708338,603.29999999999995,0.046469952442715089,603.29999999999995,0.036937556691504968,603.29999999999995,0.036857446826547319,603.29999999999995,0.034032323694717842,603.29999999999995,0.033193119876571468,603.29999999999995,0.029073268736807305,603.29999999999995,0.029612505616167777,603.29999999999995,0.057827539143629779,603.29999999999995,0.058609521629663534,603.29999999999995,0.044034273458626857,603.29999999999995,0.043610538897789985,603.29999999999995,0.038856166764154855,603.29999999999995,0.038919322160338415,603.29999999999995,0.032897179624119428,603.29999999999995,0.033429592329798329,603.29999999999995,0.11528966709900561,603.29999999999995,0.11421661877029238,603.29999999999995,0.081353432856065055,603.29999999999995,0.080913167688173415,603.29999999999995,0.068056975492315389,603.29999999999995,0.068263014674092709,603.29999999999995,0.052880564244720804,603.29999999999995,0.053177013131236066,603.29999999999995,0.20048557598569045,603.29999999999995,0.19810097233878418,603.29999999999995,0.14210383764400705,603.29999999999995,0.14379313852648712,603.29999999999995,0.11965887608826496,603.29999999999995,0.11908475538940175,603.29999999999995,0.089086238905419488,603.29999999999995,0.089222510448191378
604,0.075504946466264836,604,0.076179098530895273,604,0.070641938573959645,604,0.054370692505277075,604,0.048757322211201812,604,0.046934674431813359,604,0.04609937014148504,604,0.039186651746734143,604,0.087097776421420275,604,0.087470859506794493,604,0.062354424692488322,604,0.062876495172215011,604,0.057118460873324686,604,0.054262141518950847,604,0.043881810398175694,604,0.043025779269771018,604,0.1284744792858778,604,0.15230686740757693,604,0.12775022676601985,604,0.10843976501106278,604,0.090366852318099739,604,0.090723320024075349,604,0.069000364521078647,604,0.069459745852513077,604,0.23699342166611564,604,0.23504293719217045,604,0.17083123521782256,604,0.17067995897018556,604,0.14374087637649094,604,0.14446144129939048,604,0.1066996431084323,604,0.10856111662131346,604,0.046684044997160119,604,0.046617456321049827,604,0.036978247416562825,604,0.037137195561320085,604,0.033797504302196461,604,0.033440655120673429,604,0.029058857438349312,604,0.029581987572374385,604,0.057346879953883843,604,0.058171248611852862,604,0.043803692683298999,604,0.044047964192161955,604,0.038552681773098341,604,0.039048176123021625,604,0.032713223637920369,604,0.03321172740605105,604,0.11515911768944499,604,0.11381734103066217,604,0.08077189457711316,604,0.080927578986631429,604,0.06820447937065012,604,0.067699278587353653,604,0.052321914498613967,604,0.053316039775183753,604,0.20021176131498861,604,0.19782885311495976,604,0.14170964624500904,604,0.14238930851199105,604,0.11864499885557336,604,0.1193619609538584,604,0.089397353407424371,604,0.088812212303857996
604.79999999999995,0.074925103634190374,604.79999999999995,0.075823054686639024,604.79999999999995,0.070147715809194405,604.79999999999995,0.054570755236811534,604.79999999999995,0.048466553071725871,604.79999999999995,0.046729525359646668,604.79999999999995,0.045883200664615181,604.79999999999995,0.038921314310419369,604.79999999999995,0.086754448428744607,604.79999999999995,0.087049540957757951,604.79999999999995,0.061224409348694081,604.79999999999995,0.062534014902978038,604.79999999999995,0.057020972677873573,604.79999999999995,0.053983240507616791,604.79999999999995,0.042543255088459929,604.79999999999995,0.042577333570695888,604.79999999999995,0.12769372599883017,604.79999999999995,0.15246623941405357,604.79999999999995,0.12709917516509414,604.79999999999995,0.10812356416842568,604.79999999999995,0.089678500885870996,604.79999999999995,0.090457982587760555,604.79999999999995,0.068614650356467716,604.79999999999995,0.068426370980731246,604.79999999999995,0.23579389300034756,604.79999999999995,0.2341528275815298,604.79999999999995,0.16907220908250892,604.79999999999995,0.17004077549740174,604.79999999999995,0.14385531904071616,604.79999999999995,0.14323648093046126,604.79999999999995,0.10594601697142327,604.79999999999995,0.1077447589498402,604.79999999999995,0.046578079567321955,604.79999999999995,0.046918398141790219,604.79999999999995,0.036166976085721794,604.79999999999995,0.036581088985529371,604.79999999999995,0.033616091486313511,604.79999999999995,0.033631392894382134,604.79999999999995,0.029130066207200565,604.79999999999995,0.029400574756491441,604.79999999999995,0.057408763764909332,604.79999999999995,0.057585471715707465,604.79999999999995,0.043216220340276182,604.79999999999995,0.044346362842586237,604.79999999999995,0.039421598297771331,604.79999999999995,0.039072760102744082,604.79999999999995,0.033181166976085724,604.79999999999995,0.03328208845146359,604.79999999999995,0.11456486355891253,604.79999999999995,0.11340280426913524,604.79999999999995,0.079669006383357499,604.79999999999995,0.081181896018243022,604.79999999999995,0.068247713266024093,604.79999999999995,0.067112653967769539,604.79999999999995,0.052583861041173928,604.79999999999995,0.052854878224528036,604.79999999999995,0.19979383365970685,604.79999999999995,0.19703707942320894,604.79999999999995,0.1407678255046074,604.79999999999995,0.14171706382509769,604.79999999999995,0.11829912769258158,604.79999999999995,0.1187465137373583,604.79999999999995,0.089274433508812076,604.79999999999995,0.088404457329840702
605.5,0.074595339216533982,605.5,0.074292913879775865,605.5,0.069962064376117933,605.5,0.054708934157320512,605.5,0.048157134016598421,605.5,0.046984690114696977,605.5,0.045602604206403712,605.5,0.039244296940566109,605.5,0.086122046743470418,605.5,0.086718081093224139,605.5,0.061498224019395913,605.5,0.062083026033586799,605.5,0.057372777904936292,605.5,0.053324559395742731,605.5,0.042114307028475018,605.5,0.042495104397141471,605.5,0.12775900070361046,605.5,0.15057242525198578,605.5,0.12716021125268093,605.5,0.10723515000466245,605.5,0.089703084865593447,605.5,0.089813712774344495,605.5,0.069069030119613781,605.5,0.068272933038325573,605.5,0.23523863414799553,605.5,0.23116968880072566,605.5,0.16767770402583862,605.5,0.16933716504327628,605.5,0.14225396946500177,605.5,0.14275666946415402,605.5,0.10615540466078348,605.5,0.10646639200427253,605.5,0.046344107898239277,605.5,0.046595415511643479,605.5,0.036149173893508982,605.5,0.036804040249908875,605.5,0.033727143256783915,605.5,0.034239210599933879,605.5,0.029394555920076636,605.5,0.029286132092266218,605.5,0.057802955163907321,605.5,0.057264184532438131,605.5,0.042926298924238951,605.5,0.044153081898561417,605.5,0.039798835227995218,605.5,0.03920500495918211,605.5,0.033482956520264825,605.5,0.033524537354933326,605.5,0.11350181836677602,605.5,0.11335787492688386,605.5,0.079650356467705977,605.5,0.081346354365351856,605.5,0.067522062002492306,605.5,0.067001602197299157,605.5,0.052238837601620854,605.5,0.05279808075413478,605.5,0.19866720920966743,605.5,0.19603337487178182,605.5,0.13955473326382001,605.5,0.14057518035316161,605.5,0.1177633664793198,605.5,0.11844557191661792,605.5,0.088185956613514402,605.5,0.088376482456363425
606.20000000000005,0.074031603129794912,606.20000000000005,0.073579978467824658,606.20000000000005,0.070073116146588357,606.20000000000005,0.054358824377135198,606.20000000000005,0.047536600459466095,606.20000000000005,0.046782084212846402,606.20000000000005,0.045183828827683264,606.20000000000005,0.038672931342878705,606.20000000000005,0.085472690589422098,606.20000000000005,0.086090765748582182,606.20000000000005,0.061258318286242286,606.20000000000005,0.061707484550240332,606.20000000000005,0.057161694768698659,606.20000000000005,0.05265655332604291,606.20000000000005,0.041738765545128557,606.20000000000005,0.041878809457202675,606.20000000000005,0.12705878114323985,606.20000000000005,0.15070467010842381,606.20000000000005,0.12632520366555616,606.20000000000005,0.10660953010689793,606.20000000000005,0.089345345574459806,606.20000000000005,0.088977009740342311,606.20000000000005,0.068719768062867156,606.20000000000005,0.067785492061069985,606.20000000000005,0.23343806956418536,606.20000000000005,0.22952595305307594,606.20000000000005,0.16640188025058705,606.20000000000005,0.16804269135237318,606.20000000000005,0.14114260403685908,606.20000000000005,0.14109597924773024,606.20000000000005,0.10633596975322773,606.20000000000005,0.10589417868314642,606.20000000000005,0.04665352695336674,606.20000000000005,0.046020659020201249,606.20000000000005,0.036095767316870545,606.20000000000005,0.036019896069106425,606.20000000000005,0.033482998906436773,606.20000000000005,0.033739901494536421,606.20000000000005,0.029149563846290787,606.20000000000005,0.029451438162813766,606.20000000000005,0.057875011656197267,606.20000000000005,0.056839475089646756,606.20000000000005,0.043150945635495874,606.20000000000005,0.043919957952917435,606.20000000000005,0.039576731687054417,606.20000000000005,0.03905495791053127,606.20000000000005,0.033385468324813712,606.20000000000005,0.033209184235734934,606.20000000000005,0.11225736035875654,606.20000000000005,0.11322647779388453,606.20000000000005,0.079506243483126057,606.20000000000005,0.080611378143994314,606.20000000000005,0.067257572289616221,606.20000000000005,0.067140628841246816,606.20000000000005,0.052816984986817903,606.20000000000005,0.052262319540872987,606.20000000000005,0.19808228003696077,606.20000000000005,0.19419381500979122,606.20000000000005,0.13826110729635566,606.20000000000005,0.14112789603519749,606.20000000000005,0.1171165534955876,606.20000000000005,0.11715109822571483,606.20000000000005,0.086921153242965996,606.20000000000005,0.087568602019277228
606.89999999999998,0.073002466875206631,606.89999999999998,0.072490653849088274,606.89999999999998,0.068876978374575085,606.89999999999998,0.053616218644829308,606.89999999999998,0.04716868848706797,606.89999999999998,0.046768520637827111,606.89999999999998,0.045065147546264513,606.89999999999998,0.038558488678653483,606.89999999999998,0.084808923136915806,606.89999999999998,0.084717453777879495,606.89999999999998,0.061064189618778769,606.89999999999998,0.060369776963963277,606.89999999999998,0.056258869306477451,606.89999999999998,0.052016522129820365,606.89999999999998,0.042077007197171994,606.89999999999998,0.041176046726515939,606.89999999999998,0.12608135601841255,606.89999999999998,0.14866674296177615,606.89999999999998,0.12578944245229437,606.89999999999998,0.10520400464552443,606.89999999999998,0.088141578291498185,606.89999999999998,0.087979239252986133,606.89999999999998,0.067484635012673447,606.89999999999998,0.066896230173868074,606.89999999999998,0.23101103735917194,606.89999999999998,0.22747785322516378,606.89999999999998,0.16507688851589056,606.89999999999998,0.1662226291294728,606.89999999999998,0.13883933945389659,606.89999999999998,0.13982269864279476,606.89999999999998,0.1054916372082772,606.89999999999998,0.10507866873511186,606.89999999999998,0.046462789179658036,606.89999999999998,0.045601883641480802,606.89999999999998,0.035910115883794072,606.89999999999998,0.036572611751142306,606.89999999999998,0.033005730610445649,606.89999999999998,0.033157515492145843,606.89999999999998,0.028768936022312085,606.89999999999998,0.029030119613777199,606.89999999999998,0.057220569161516736,606.89999999999998,0.056186728041843617,606.89999999999998,0.042696565872349809,606.89999999999998,0.042668718157388333,606.89999999999998,0.038533184134008122,606.89999999999998,0.038237752515619304,606.89999999999998,0.032954824817951395,606.89999999999998,0.032369938031416634,606.89999999999998,0.11114429948373641,606.89999999999998,0.11221853462526386,606.89999999999998,0.07839063943778983,606.89999999999998,0.078937124352551236,606.89999999999998,0.066715029288844804,606.89999999999998,0.066351398319812127,606.89999999999998,0.051970109271551254,606.89999999999998,0.051977484465467995,606.89999999999998,0.19517374091876263,606.89999999999998,0.19286373693446249,606.89999999999998,0.13731080932156697,606.89999999999998,0.13911794376202707,606.89999999999998,0.11551859481362801,606.89999999999998,0.11534120868407891,606.89999999999998,0.085137543127929941,606.89999999999998,0.086458084314573219
607.70000000000005,0.072208150013139696,607.70000000000005,0.072003212871832686,607.70000000000005,0.068033493553063262,607.70000000000005,0.052897349168807159,607.70000000000005,0.046700745148902614,607.70000000000005,0.045710561786322823,607.70000000000005,0.044446309436009607,607.70000000000005,0.037958300484050085,607.70000000000005,0.083816238990191833,607.70000000000005,0.08383327823130983,607.70000000000005,0.060233420648847513,607.70000000000005,0.059788238685011409,607.70000000000005,0.055924018548188834,607.70000000000005,0.051617244390190151,607.70000000000005,0.041556505005806897,607.70000000000005,0.041453252290972589,607.70000000000005,0.12441981807855007,607.70000000000005,0.14827594245653297,607.70000000000005,0.12323609945491383,607.70000000000005,0.10393750582809863,607.70000000000005,0.086872536303756256,607.70000000000005,0.087496036892924067,607.70000000000005,0.067077727762094877,607.70000000000005,0.065745021744106194,607.70000000000005,0.22788463331722658,607.70000000000005,0.22494570331375091,607.70000000000005,0.1638637962751032,607.70000000000005,0.16486796707442161,607.70000000000005,0.1369099209074032,607.70000000000005,0.1371939082593695,607.70000000000005,0.10352237566016464,607.70000000000005,0.10412667531344574,607.70000000000005,0.045985520883666912,607.70000000000005,0.045653594771241833,607.70000000000005,0.03565156023498893,607.70000000000005,0.035975814450293749,607.70000000000005,0.032568305316073687,607.70000000000005,0.032564109085052091,607.70000000000005,0.029093614099336237,607.70000000000005,0.029195425684324743,607.70000000000005,0.056566974390274909,607.70000000000005,0.055327984198435091,607.70000000000005,0.042688088637962758,607.70000000000005,0.042522909725931014,607.70000000000005,0.037278553444724187,607.70000000000005,0.03779100226342158,607.70000000000005,0.032833600366216527,607.70000000000005,0.031617159617846273,607.70000000000005,0.10988797334757507,607.70000000000005,0.11038151793358936,607.70000000000005,0.077426777887981829,607.70000000000005,0.078134330256097256,607.70000000000005,0.065891889829861897,607.70000000000005,0.065971618219272138,607.70000000000005,0.051625933555436883,607.70000000000005,0.051101786153285353,607.70000000000005,0.19377669269177622,607.70000000000005,0.19063591973754482,607.70000000000005,0.13645630409535195,607.70000000000005,0.13747590346125477,607.70000000000005,0.1141249374803964,607.70000000000005,0.11384497681476395,607.70000000000005,0.084948500801098642,607.70000000000005,0.085885870993447105
608.39999999999998,0.071158668396022459,608.39999999999998,0.071027483193882829,608.39999999999998,0.066485550553987263,608.39999999999998,0.053021964514296846,608.39999999999998,0.046892330646050036,608.39999999999998,0.045292634131041086,608.39999999999998,0.044314064579571572,608.39999999999998,0.037697201664928834,608.39999999999998,0.082928672549867341,608.39999999999998,0.083388223425989505,608.39999999999998,0.059258538694336359,608.39999999999998,0.059013419462034714,608.39999999999998,0.054955070657748614,608.39999999999998,0.051090808134754119,608.39999999999998,0.041841340081211896,608.39999999999998,0.04128201215635411,608.39999999999998,0.1222123462441613,608.39999999999998,0.14606677517526681,608.39999999999998,0.1217585175012504,608.39999999999998,0.10359333011198425,608.39999999999998,0.085886633944541949,608.39999999999998,0.086646618007341289,608.39999999999998,0.06605706874189364,608.39999999999998,0.064951552605477983,608.39999999999998,0.22547879419818079,608.39999999999998,0.22312648881428918,608.39999999999998,0.16192759594110021,608.39999999999998,0.16234598984427318,608.39999999999998,0.13470668769020794,608.39999999999998,0.13558747234302282,608.39999999999998,0.10214228190195232,608.39999999999998,0.10206925052770785,608.39999999999998,0.045190356298161281,608.39999999999998,0.045686655985351342,608.39999999999998,0.035389613692428983,608.39999999999998,0.0363327060179887,608.39999999999998,0.032339419987623241,608.39999999999998,0.032085993065622272,608.39999999999998,0.029047837033646148,608.39999999999998,0.028987733441841933,608.39999999999998,0.055469172537151466,608.39999999999998,0.054979569865127191,608.39999999999998,0.041912421691547345,608.39999999999998,0.042060052728397884,608.39999999999998,0.037482007070013479,608.39999999999998,0.037810499902511799,608.39999999999998,0.032891245560048493,608.39999999999998,0.031660393513220246,608.39999999999998,0.10939798920000339,608.39999999999998,0.10815200528979427,608.39999999999998,0.076502759339792989,608.39999999999998,0.07729338860490155,608.39999999999998,0.064690665717216406,608.39999999999998,0.064979781795986874,608.39999999999998,0.049964395615574371,608.39999999999998,0.051083136237633837,608.39999999999998,0.19052736875121865,608.39999999999998,0.18808342446360299,608.39999999999998,0.13451332197383931,608.39999999999998,0.13464705034629504,608.39999999999998,0.11320176665564628,608.39999999999998,0.11245640582216457,608.39999999999998,0.083871044310504142,608.39999999999998,0.085134788026754157
609.10000000000002,0.071357883404118236,609.10000000000002,0.070139916753558323,609.10000000000002,0.066315158142807487,609.10000000000002,0.052425167213448282,609.10000000000002,0.046242974492001723,609.10000000000002,0.044890813221094748,609.10000000000002,0.043743546705322857,609.10000000000002,0.037481032188058976,609.10000000000002,0.081504497172842333,609.10000000000002,0.082721065079728387,609.10000000000002,0.058827895187474027,609.10000000000002,0.058881174605596671,609.10000000000002,0.054677865093291957,609.10000000000002,0.050562676432440681,609.10000000000002,0.040955469087764804,609.10000000000002,0.041136203724896785,609.10000000000002,0.12052452887769895,609.10000000000002,0.14328793774319065,609.10000000000002,0.11972143807804143,609.10000000000002,0.10228020650542967,609.10000000000002,0.085240668684248469,609.10000000000002,0.08538011918991549,609.10000000000002,0.065767995049295105,609.10000000000002,0.064340344006171418,609.10000000000002,0.22428265642616754,609.10000000000002,0.22058416622161184,609.10000000000002,0.15948021837355783,609.10000000000002,0.16044878478845059,609.10000000000002,0.1328764527860431,609.10000000000002,0.13372417622474844,609.10000000000002,0.10104024143163536,609.10000000000002,0.1006688114069666,609.10000000000002,0.044528284292532395,609.10000000000002,0.045586624619584112,609.10000000000002,0.03517513966243653,609.10000000000002,0.035852894551681468,609.10000000000002,0.032824317794562706,609.10000000000002,0.032314878394072717,609.10000000000002,0.029082593694633067,609.10000000000002,0.029080983020099524,609.10000000000002,0.054847791256580444,609.10000000000002,0.055329679645312504,609.10000000000002,0.042180302298178242,609.10000000000002,0.042310131142815982,609.10000000000002,0.037038647711570567,609.10000000000002,0.038132634809219836,609.10000000000002,0.032730178106694471,609.10000000000002,0.031758729432110062,609.10000000000002,0.10875880572721953,609.10000000000002,0.1074772174325848,609.10000000000002,0.076535820553902498,609.10000000000002,0.07662199164144691,609.10000000000002,0.063772581233098508,609.10000000000002,0.065183235421276159,609.10000000000002,0.049632088027601877,609.10000000000002,0.050472775361765983,609.10000000000002,0.18934394683078598,609.10000000000002,0.18590477522613022,609.10000000000002,0.13316883260005261,609.10000000000002,0.13286259250782023,609.10000000000002,0.11177759127862129,609.10000000000002,0.11197574663241863,609.10000000000002,0.083376821545738944,609.10000000000002,0.084137017539397937
609.79999999999995,0.071053550689623005,609.79999999999995,0.069449022151013451,609.79999999999995,0.066160024753524407,609.79999999999995,0.052092011902037078,609.79999999999995,0.046246365385756542,609.79999999999995,0.044766197875605061,609.79999999999995,0.043217958173325549,609.79999999999995,0.036936793740410132,609.79999999999995,0.081134889753566794,609.79999999999995,0.081460500326373503,609.79999999999995,0.058387078999347246,609.79999999999995,0.058250468367199888,609.79999999999995,0.053890330018734695,609.79999999999995,0.050117621627120371,609.79999999999995,0.040857133168874994,609.79999999999995,0.040498715698990349,609.79999999999995,0.11947674270745913,609.79999999999995,0.14129070132160085,609.79999999999995,0.11810059086323678,609.79999999999995,0.10101625085831997,609.79999999999995,0.083602019277231002,609.79999999999995,0.083907623576884291,609.79999999999995,0.064110695726626143,609.79999999999995,0.063223892237396453,609.79999999999995,0.22268385002076921,609.79999999999995,0.21827751074489457,609.79999999999995,0.15723459898442735,609.79999999999995,0.15847019828251227,609.79999999999995,0.13115642192890992,609.79999999999995,0.13238816408534881,609.79999999999995,0.10025016318676196,609.79999999999995,0.098512202978900176,609.79999999999995,0.044435882437713521,609.79999999999995,0.044888100506090892,609.79999999999995,0.034915736290192692,609.79999999999995,0.035590948009121513,609.79999999999995,0.032549655400422171,609.79999999999995,0.032007154785822674,609.79999999999995,0.028757067894170214,609.79999999999995,0.0288715953307393,609.79999999999995,0.054142485355577578,609.79999999999995,0.054939726863508051,609.79999999999995,0.0415716368691878,609.79999999999995,0.042411857955460618,609.79999999999995,0.03747692072938124,609.79999999999995,0.037835083882234256,609.79999999999995,0.03294719530700304,609.79999999999995,0.031805354221238868,609.79999999999995,0.1072329035375499,609.79999999999995,0.10622936853081053,609.79999999999995,0.075841535057602813,609.79999999999995,0.075246984223866831,609.79999999999995,0.06289179658028364,609.79999999999995,0.063772623619270441,609.79999999999995,0.048950518382882773,609.79999999999995,0.050213371989522144,609.79999999999995,0.18679569017403766,609.79999999999995,0.18313695819875722,609.79999999999995,0.13135724761153927,609.79999999999995,0.13108830735060994,609.79999999999995,0.11057551944253706,609.79999999999995,0.11028369064876273,609.79999999999995,0.082742724413587321,609.79999999999995,0.082117740308401785
610.5,0.070815340403346791,610.5,0.06833426582911592,610.5,0.06551829811042445,610.5,0.050664445631257257,610.5,0.046054779888609128,610.5,0.044327077134355686,610.5,0.042728821749192548,610.5,0.03701224112645491,610.5,0.079661546417096885,610.5,0.080465273009333441,610.5,0.057886074447072382,610.5,0.057420547120707349,610.5,0.053745369310716072,610.5,0.050014199367598308,610.5,0.040334935530632485,610.5,0.040350364097216922,610.5,0.11811275569458222,610.5,0.13894081194950961,610.5,0.11678238091604995,610.5,0.098067868738502734,610.5,0.082288895670676418,610.5,0.082819994405025313,610.5,0.063140900112747214,610.5,0.062348193925213832,610.5,0.21978378813695817,610.5,0.21550715054720548,610.5,0.15487368920763289,610.5,0.15658401363139288,610.5,0.12871328297856108,610.5,0.13024088061510813,610.5,0.09832922187465562,610.5,0.097275374481829047,610.5,0.044331612454752756,610.5,0.044127692581572189,610.5,0.034832659393199558,610.5,0.035158609055381783,610.5,0.032356374456397344,610.5,0.031995286657680796,610.5,0.028601086781448425,610.5,0.028318031925264702,610.5,0.053795766469147098,610.5,0.054111501063892904,610.5,0.041615718488000476,610.5,0.042116850198791154,610.5,0.036451175368547771,610.5,0.03700516263574171,610.5,0.032742046234836349,610.5,0.031758729432110069,610.5,0.10515852428303787,610.5,0.10483825436789503,610.5,0.075205742478573798,610.5,0.073948271915770206,610.5,0.061564261675271063,610.5,0.062989327161906694,610.5,0.048926782126599018,610.5,0.049501284301009647,610.5,0.18486711935098296,610.5,0.18174838720615782,610.5,0.12981947729372773,610.5,0.12937336283410902,610.5,0.10819850292040725,610.5,0.10895615574375014,610.5,0.081518611768096771,610.5,0.081220848910251525
611.29999999999995,0.069482719157701975,611.29999999999995,0.067890058747234305,611.29999999999995,0.064200088163237634,611.29999999999995,0.049881996897332213,611.29999999999995,0.045463068928392796,611.29999999999995,0.044088019124640769,611.29999999999995,0.042025211295067096,611.29999999999995,0.036479023083509234,611.29999999999995,0.078591719437450733,611.29999999999995,0.079393750582809869,611.29999999999995,0.056872197214380783,611.29999999999995,0.056759322838517166,611.29999999999995,0.052764553292133969,611.29999999999995,0.049548799199749069,611.29999999999995,0.040300178869645556,611.29999999999995,0.040207098836075719,611.29999999999995,0.1163850953265007,611.29999999999995,0.13752680925374908,611.29999999999995,0.11515051329654212,611.29999999999995,0.096482625908123731,611.29999999999995,0.080471376618092116,611.29999999999995,0.081738299297237277,611.29999999999995,0.061238608716292393,611.29999999999995,0.061542856658443737,611.29999999999995,0.21532984919000023,611.29999999999995,0.2125994591524461,611.29999999999995,0.15296800691742327,611.29999999999995,0.15349067080355702,611.29999999999995,0.12684659596653192,611.29999999999995,0.12789777303052652,611.29999999999995,0.096619363698786917,611.29999999999995,0.096065673134796498,611.29999999999995,0.043778049049278164,611.29999999999995,0.043392716360214648,611.29999999999995,0.034702957707077639,611.29999999999995,0.034584700287378249,611.29999999999995,0.031321304137738107,611.29999999999995,0.031623983791527852,611.29999999999995,0.028345922026398112,611.29999999999995,0.028047608148317697,611.29999999999995,0.052764934767681383,611.29999999999995,0.05256186261793952,611.29999999999995,0.041280867729711859,611.29999999999995,0.041740460992005977,611.29999999999995,0.036413875537244726,611.29999999999995,0.036456685570899344,611.29999999999995,0.032559785695514702,611.29999999999995,0.031941837694870433,611.29999999999995,0.10321638988496391,611.29999999999995,0.1020636555530124,611.29999999999995,0.074046904537863556,611.29999999999995,0.072852165509524183,611.29999999999995,0.060679238405262667,611.29999999999995,0.060882734416723892,611.29999999999995,0.048233344353738036,611.29999999999995,0.049032493239405582,611.29999999999995,0.18176614701219876,611.29999999999995,0.17798958147893831,611.29999999999995,0.12731954087298561,611.29999999999995,0.12666064783025188,611.29999999999995,0.10661665098378306,611.29999999999995,0.10679361325161277,611.29999999999995,0.081171892881666277,611.29999999999995,0.080159499164992432
612,0.068425608029636403,612,0.066423497198274034,612,0.062594499970329676,612,0.049214838551071095,612,0.04501208005900155,612,0.043835397539906576,612,0.041650517535159332,612,0.035960216339021557,612,0.077286225341844469,612,0.078107754126293838,612,0.055958351347456407,612,0.056212541220552213,612,0.052341539296220006,612,0.048561201393657334,612,0.039982282580131055,612,0.039611996982104561,612,0.11444380865186543,612,0.1352218492239092,612,0.11380008985868449,612,0.094437916973966418,612,0.079802522824953592,612,0.080962632350821878,612,0.06059518662631503,612,0.061361443842560794,612,0.21125060400295007,612,0.21003000940973016,612,0.15133529157447675,612,0.15093817552961519,612,0.12518166713291459,612,0.12576659630562126,612,0.094564482083365126,612,0.094711011079745347,612,0.043942507396387005,612,0.043024804387816515,612,0.034752973389961257,612,0.034945830472266737,612,0.03141964005662793,612,0.032173308579808928,612,0.028355246984223866,612,0.028211218771987828,612,0.052430084009392766,612,0.052488958402210857,612,0.041107084424777264,612,0.040382408043199994,612,0.036165492569704055,612,0.036284597712842155,612,0.032167289743394119,612,0.031608682383459222,612,0.10239494587285843,612,0.10080732941685105,612,0.073568788518433736,612,0.071640768715614228,612,0.060005298271491911,612,0.060401227503539247,612,0.047502606749574024,612,0.0481025406271458,612,0.17943321210888158,612,0.17620173274670869,612,0.12508663733543568,612,0.12470325441028121,612,0.10452192636674211,612,0.10552033264667733,612,0.07912887939438637,612,0.078891304900689199
612.70000000000005,0.06639191950018225,612.70000000000005,0.064784847791256581,612.70000000000005,0.061577231843883251,612.70000000000005,0.048630757101803104,612.70000000000005,0.043501436891228602,612.70000000000005,0.042620609852241802,612.70000000000005,0.040683265091596511,612.70000000000005,0.035422759678882358,612.70000000000005,0.076214702915320925,612.70000000000005,0.075790078244873396,612.70000000000005,0.055338665513762791,612.70000000000005,0.055267329586395741,612.70000000000005,0.050840221086272806,612.70000000000005,0.047534608309385142,612.70000000000005,0.039245610911896107,612.70000000000005,0.038820223290353756,612.70000000000005,0.11206340123598078,612.70000000000005,0.13315933809753905,612.70000000000005,0.11090680976238311,612.70000000000005,0.093109534345515124,612.70000000000005,0.077848520298737747,612.70000000000005,0.079151047362308533,612.70000000000005,0.059687274823461589,612.70000000000005,0.060011868128141875,612.70000000000005,0.20842938039893863,612.70000000000005,0.20619406084958838,612.70000000000005,0.14855052007832964,612.70000000000005,0.14748455024032958,612.70000000000005,0.12404402227817196,612.70000000000005,0.12389990929359207,612.70000000000005,0.09284868984342548,612.70000000000005,0.09294350771004467,612.70000000000005,0.042978645846579011,612.70000000000005,0.042675542331069911,612.70000000000005,0.033726380305689072,612.70000000000005,0.034404135194934016,612.70000000000005,0.030936437696565872,612.70000000000005,0.031667217686901825,612.70000000000005,0.027984791841509631,612.70000000000005,0.028303620626806709,612.70000000000005,0.051569644719106834,612.70000000000005,0.052083746598509693,612.70000000000005,0.040380585437806781,612.70000000000005,0.039340555937031112,612.70000000000005,0.035694158337783881,612.70000000000005,0.03567508456041301,612.70000000000005,0.031557776590964967,612.70000000000005,0.030962717123165739,612.70000000000005,0.10019510354941802,612.70000000000005,0.09917630952078195,612.70000000000005,0.071821630511262002,612.70000000000005,0.070157252697879854,612.70000000000005,0.059807778710273561,612.70000000000005,0.059473818061595587,612.70000000000005,0.046570110966998125,612.70000000000005,0.047470986665310314,612.70000000000005,0.17630511262005882,612.70000000000005,0.17211316260183279,612.70000000000005,0.12234425201122386,612.70000000000005,0.12249069623526021,612.70000000000005,0.10315963480074261,612.70000000000005,0.1035985436111323,612.70000000000005,0.078372710087061204,612.70000000000005,0.077138212829446509
613.39999999999998,0.065067775488924492,613.39999999999998,0.06373875706789417,613.39999999999998,0.061225426616820525,613.39999999999998,0.048183159126166671,613.39999999999998,0.042987716487373151,613.39999999999998,0.042128082534353989,613.39999999999998,0.040288225969159819,613.39999999999998,0.035415977891372713,613.39999999999998,0.074890558904063168,613.39999999999998,0.074613438111950356,613.39999999999998,0.054295117960716496,613.39999999999998,0.054730720649695246,613.39999999999998,0.050983486347414023,613.39999999999998,0.046929333774149519,613.39999999999998,0.038706458804879496,613.39999999999998,0.038165780795673211,613.39999999999998,0.1096762120325865,613.39999999999998,0.1311248018446462,613.39999999999998,0.10912235192390835,613.39999999999998,0.09211345930503631,613.39999999999998,0.0773034341276502,613.39999999999998,0.078088849893610729,613.39999999999998,0.059198138399328602,613.39999999999998,0.058860659698380009,613.39999999999998,0.20607270923933774,613.39999999999998,0.20285572594796672,613.39999999999998,0.14687626628688655,613.39999999999998,0.14550342056407517,613.39999999999998,0.12241045921178675,613.39999999999998,0.12219513745835558,613.39999999999998,0.091011673151750988,613.39999999999998,0.091018327780744812,613.39999999999998,0.042563261361613383,613.39999999999998,0.042287284996142857,613.39999999999998,0.033450870188109834,613.39999999999998,0.034176945313360983,613.39999999999998,0.031535778167730566,613.39999999999998,0.031378143994303304,613.39999999999998,0.027524478014292621,613.39999999999998,0.028152725854717155,613.39999999999998,0.051263616557734197,613.39999999999998,0.052220230072141258,613.39999999999998,0.039486237209972623,613.39999999999998,0.039165924908657807,613.39999999999998,0.035584802014190883,613.39999999999998,0.035870060951315237,613.39999999999998,0.031395013690733539,613.39999999999998,0.030215872773666316,613.39999999999998,0.098342827835846816,613.39999999999998,0.098239575121012515,613.39999999999998,0.070591583801700525,613.39999999999998,0.069148461805820488,613.39999999999998,0.058604859150750657,613.39999999999998,0.058964336274933665,613.39999999999998,0.046095385841323132,613.39999999999998,0.047344675872943214,613.39999999999998,0.17313886557649433,613.39999999999998,0.17057200139026646,613.39999999999998,0.12083445656688961,613.39999999999998,0.12155820045268431,613.39999999999998,0.10140230411230641,613.39999999999998,0.10205738239956597,613.39999999999998,0.075930418860151061,613.39999999999998,0.075524995125590216
614.20000000000005,0.063464730466332636,614.20000000000005,0.062891881352627521,614.20000000000005,0.060566745504946465,614.20000000000005,0.047209972618532922,614.20000000000005,0.042379051058382709,614.20000000000005,0.040701363987012872,614.20000000000005,0.039928791231148744,614.20000000000005,0.035269321736476691,614.20000000000005,0.073511312869289538,614.20000000000005,0.07285780287039155,614.20000000000005,0.053766138534964349,614.20000000000005,0.053855022337512604,614.20000000000005,0.050064554139857408,614.20000000000005,0.04635118638895247,614.20000000000005,0.038495375668641862,614.20000000000005,0.037880097996829516,614.20000000000005,0.10773577308138994,614.20000000000005,0.12922844451226231,614.20000000000005,0.10633758042776124,614.20000000000005,0.090449378194857696,614.20000000000005,0.075551189779846234,614.20000000000005,0.075816103354441652,614.20000000000005,0.05808762069462458,614.20000000000005,0.057510236260522374,614.20000000000005,0.20256313420309757,614.20000000000005,0.19939531887117143,614.20000000000005,0.1440796266625976,614.20000000000005,0.14222273085628542,614.20000000000005,0.12022163729304951,614.20000000000005,0.12050816781533194,614.20000000000005,0.089224672142960107,614.20000000000005,0.089710290514822447,614.20000000000005,0.04092376423115722,614.20000000000005,0.041177615014877551,614.20000000000005,0.03284729109975161,614.20000000000005,0.033463162177971066,614.20000000000005,0.030756720327560338,614.20000000000005,0.030135381433161246,614.20000000000005,0.027112484423081815,614.20000000000005,0.027630528216474656,614.20000000000005,0.050226003068758844,614.20000000000005,0.050987640192263678,614.20000000000005,0.039571857277281866,614.20000000000005,0.038963319006807225,614.20000000000005,0.035332180429456697,614.20000000000005,0.035425853869433636,614.20000000000005,0.030529488059815365,614.20000000000005,0.030156532132956944,614.20000000000005,0.095802200690046871,614.20000000000005,0.096738256911065315,614.20000000000005,0.068428193586124467,614.20000000000005,0.068554207675288026,614.20000000000005,0.057695251901019803,614.20000000000005,0.057968261234454872,614.20000000000005,0.045932622941091704,614.20000000000005,0.046999652433390132,614.20000000000005,0.16904012275035393,614.20000000000005,0.16699630392580725,614.20000000000005,0.11891097208446716,614.20000000000005,0.11979154480642236,614.20000000000005,0.099343183879691099,614.20000000000005,0.10004743012639555,614.20000000000005,0.074893653094614418,614.20000000000005,0.07461369242898197
614.89999999999998,0.062311826589693378,614.89999999999998,0.062741834303976673,614.89999999999998,0.059444359672100579,614.89999999999998,0.046987869077592122,614.89999999999998,0.042335817163008736,614.89999999999998,0.04065050058069055,614.89999999999998,0.039807566779413883,614.89999999999998,0.034741190034163254,614.89999999999998,0.072627137322719831,614.89999999999998,0.072103329009943803,614.89999999999998,0.053035400930800329,614.89999999999998,0.052952196875291402,614.89999999999998,0.050351932385578523,614.89999999999998,0.045953604096199661,614.89999999999998,0.038333460491849131,614.89999999999998,0.037702923798140088,614.89999999999998,0.10625988657460392,614.89999999999998,0.12701673406068004,614.89999999999998,0.10530929189661165,614.89999999999998,0.089338012766714978,614.89999999999998,0.074271127387401131,614.89999999999998,0.075094690708103401,614.89999999999998,0.05752642777820164,614.89999999999998,0.05703296796453125,614.89999999999998,0.19935026237040426,614.89999999999998,0.19636131668404497,614.89999999999998,0.14217479209582667,614.89999999999998,0.14016191517679272,614.89999999999998,0.11834901621694939,614.89999999999998,0.11822185770114359,614.89999999999998,0.088469350559073623,614.89999999999998,0.088620118172647352,614.89999999999998,0.04064316777294575,614.89999999999998,0.040566406415570987,614.89999999999998,0.033488170019412865,614.89999999999998,0.033130854589998572,614.89999999999998,0.030710095538431539,614.89999999999998,0.029792053440485577,614.89999999999998,0.02724727244983597,614.89999999999998,0.027326195501979435,614.89999999999998,0.049321482159660222,614.89999999999998,0.049740639013928098,614.89999999999998,0.038953866890465656,614.89999999999998,0.039027745988148836,614.89999999999998,0.034701474191059907,614.89999999999998,0.0353563405474598,614.89999999999998,0.030387918245551575,614.89999999999998,0.029976814763951413,614.89999999999998,0.094929893271619048,614.89999999999998,0.095254740893330969,614.89999999999998,0.067440595780032739,614.89999999999998,0.067565762145757588,614.89999999999998,0.056643227113586457,614.89999999999998,0.057192594288039474,614.89999999999998,0.045545213329603346,614.89999999999998,0.046061222586743299,614.89999999999998,0.16653255681866352,614.89999999999998,0.1648981884150115,614.89999999999998,0.11711718928816664,614.89999999999998,0.11787823300526437,614.89999999999998,0.098236057068741903,614.89999999999998,0.09822821562693386,614.89999999999998,0.073465239100395888,614.89999999999998,0.072987758873545111
615.60000000000002,0.06093003738460364,615.60000000000002,0.061179480006442695,615.60000000000002,0.057898112119902,615.60000000000002,0.046035027932487302,615.60000000000002,0.041770385629392261,615.60000000000002,0.040042682875138805,615.60000000000002,0.039195510456668609,615.60000000000002,0.034103702008256832,615.60000000000002,0.071538660427422157,615.60000000000002,0.0706172698218933,615.60000000000002,0.051965573951154184,615.60000000000002,0.051822181531497161,615.60000000000002,0.048708196637928844,615.60000000000002,0.045056712698049388,615.60000000000002,0.037921466900638329,615.60000000000002,0.037555419919805356,615.60000000000002,0.10498151962903622,615.60000000000002,0.12493981163585192,615.60000000000002,0.10325695345150598,615.60000000000002,0.087417919178047351,615.60000000000002,0.071849181523019931,615.60000000000002,0.072543890881038978,615.60000000000002,0.056990666564939854,615.60000000000002,0.056646406076481616,615.60000000000002,0.19506502038774867,615.60000000000002,0.19264150623500587,615.60000000000002,0.13903482447886201,615.60000000000002,0.13752040894178683,615.60000000000002,0.11557611284894417,615.60000000000002,0.11628904826089535,615.60000000000002,0.086187279062078792,615.60000000000002,0.086801751396624369,615.60000000000002,0.039922602850046202,615.60000000000002,0.039713596636233403,615.60000000000002,0.032982926849944472,615.60000000000002,0.033152895399404907,615.60000000000002,0.029926799081067792,615.60000000000002,0.029719149224756915,615.60000000000002,0.027698261319227223,615.60000000000002,0.02728804794723769,615.60000000000002,0.048324559395742726,615.60000000000002,0.048730152674991312,615.60000000000002,0.038847053737188782,615.60000000000002,0.038390257962242401,615.60000000000002,0.03416995159499165,615.60000000000002,0.034665445944914927,615.60000000000002,0.02999033595279876,615.60000000000002,0.029864915270042303,615.60000000000002,0.093320914184956277,615.60000000000002,0.093398226562566231,615.60000000000002,0.06663525851326263,615.60000000000002,0.066628180022549444,615.60000000000002,0.055977764214202752,615.60000000000002,0.056621228690352056,615.60000000000002,0.045212905741630845,615.60000000000002,0.045227910446495934,615.60000000000002,0.16439290285937116,615.60000000000002,0.1622922865644312,615.60000000000002,0.11423238642625229,615.60000000000002,0.11556479574103745,615.60000000000002,0.096540610191331172,615.60000000000002,0.096152140925544416,615.60000000000002,0.072247908242415004,615.60000000000002,0.072830082313945901
616.29999999999995,0.060180649864788119,616.29999999999995,0.060701363987012869,616.29999999999995,0.056843544162152544,616.29999999999995,0.04584429015877859,616.29999999999995,0.040935378042267483,616.29999999999995,0.039814645270127076,616.29999999999995,0.038520722599459156,616.29999999999995,0.033981629833083261,616.29999999999995,0.070326415910073506,616.29999999999995,0.070130676568076436,616.29999999999995,0.051044946296720163,616.29999999999995,0.050431067368581675,616.29999999999995,0.048216517043479734,616.29999999999995,0.044493824334749028,616.29999999999995,0.037307715131015648,616.29999999999995,0.036977272534608301,616.29999999999995,0.10295206971677559,616.29999999999995,0.12270351720454718,616.29999999999995,0.10198621601688665,616.29999999999995,0.086840619516288992,616.29999999999995,0.071006544424946791,616.29999999999995,0.07265748582182549,616.29999999999995,0.056016632333867396,616.29999999999995,0.055713910293905725,616.29999999999995,0.19308389071149429,616.29999999999995,0.18994913659367765,616.29999999999995,0.13677309834439613,616.29999999999995,0.13633020523384451,616.29999999999995,0.11432656850029246,616.29999999999995,0.11447576782550462,616.29999999999995,0.085659995083204057,616.29999999999995,0.085728533523223377,616.29999999999995,0.039759839949814774,616.29999999999995,0.039721226147181751,616.29999999999995,0.033096521790730991,616.29999999999995,0.033198672465094996,616.29999999999995,0.029602121004043636,616.29999999999995,0.029564863558912545,616.29999999999995,0.027040427930791866,616.29999999999995,0.027251595839373362,616.29999999999995,0.047772691437145541,616.29999999999995,0.048524155879385911,616.29999999999995,0.037868780888922801,616.29999999999995,0.038253774488610837,616.29999999999995,0.033027220399616822,616.29999999999995,0.034612887091715193,616.29999999999995,0.029453727016098268,616.29999999999995,0.029369844781838371,616.29999999999995,0.091812814187499453,616.29999999999995,0.091023753210752512,616.29999999999995,0.065923170824750146,616.29999999999995,0.065795715605740782,616.29999999999995,0.05462903622322253,616.29999999999995,0.055707382823427687,616.29999999999995,0.044500818053118348,616.29999999999995,0.04452853860956401,616.29999999999995,0.16310266778566163,616.29999999999995,0.16053919449318857,616.29999999999995,0.11209358019039868,616.29999999999995,0.11409314785144493,616.29999999999995,0.095532667022710516,616.29999999999995,0.094888185278434733,616.29999999999995,0.070983104871866598,616.29999999999995,0.071504242855810723
617.10000000000002,0.059094716139806547,617.10000000000002,0.059233954714613901,617.10000000000002,0.05532188058967643,617.10000000000002,0.044440460144282525,617.10000000000002,0.040351296592999499,617.10000000000002,0.03933568152725854,617.10000000000002,0.037807787187507942,617.10000000000002,0.033795978400006789,617.10000000000002,0.069506667344845438,617.10000000000002,0.068736171511406124,617.10000000000002,0.050323533650381905,617.10000000000002,0.05017081627289912,617.10000000000002,0.047426438798606342,617.10000000000002,0.044313259242304781,617.10000000000002,0.036837228622534177,617.10000000000002,0.036357586700914692,617.10000000000002,0.1007403592651933,617.10000000000002,0.12082835295813092,617.10000000000002,0.10031450539575967,617.10000000000002,0.085588531997321179,617.10000000000002,0.070455524189788329,617.10000000000002,0.070836575875486391,617.10000000000002,0.054873053415053871,617.10000000000002,0.055196798996295454,617.10000000000002,0.18996511618049725,617.10000000000002,0.18708806998804708,617.10000000000002,0.13394254978255896,617.10000000000002,0.13420665801988757,617.10000000000002,0.11231831167399946,617.10000000000002,0.11296427693429296,617.10000000000002,0.083370294075260906,617.10000000000002,0.084023761687986892,617.10000000000002,0.039487720725990355,617.10000000000002,0.039134601527597644,617.10000000000002,0.032203021286335544,617.10000000000002,0.033202063358849808,617.10000000000002,0.029252858947297032,617.10000000000002,0.029435161872790622,617.10000000000002,0.026518230292549363,617.10000000000002,0.027190559751786577,617.10000000000002,0.047612471707230229,617.10000000000002,0.047844281681544212,617.10000000000002,0.037065986792468836,617.10000000000002,0.037379771623305622,617.10000000000002,0.032873782457211155,617.10000000000002,0.034437408339903185,617.10000000000002,0.029410493120724295,617.10000000000002,0.029045166704814225,617.10000000000002,0.089233191763519071,617.10000000000002,0.089436814933496089,617.10000000000002,0.064542229343099111,617.10000000000002,0.065028525893712441,617.10000000000002,0.053586336393614938,617.10000000000002,0.05457651975619475,617.10000000000002,0.044393157176402763,617.10000000000002,0.044091113315192047,617.10000000000002,0.15966854013546619,617.10000000000002,0.15806892839280112,617.10000000000002,0.11009634376880886,617.10000000000002,0.11243160991158245,617.10000000000002,0.092788586251621286,617.10000000000002,0.09341992828259707,617.10000000000002,0.06992429829692362,617.10000000000002,0.070191966972694836
617.79999999999995,0.058826835533175657,617.79999999999995,0.058685477649771528,617.79999999999995,0.054831896442104726,617.79999999999995,0.04454218695692716,617.79999999999995,0.039583259157532448,617.79999999999995,0.038523562472978813,617.79999999999995,0.037848477912565799,617.79999999999995,0.033625585988827006,617.79999999999995,0.067744250315776994,617.79999999999995,0.068173283148105765,617.79999999999995,0.050326924544136717,617.79999999999995,0.04927392487474886,617.79999999999995,0.04737811856260013,617.79999999999995,0.044321736476691846,617.79999999999995,0.035781812941346004,617.79999999999995,0.036181260225663973,617.79999999999995,0.099585759941676621,617.79999999999995,0.11870480574417402,617.79999999999995,0.098446970660291774,617.79999999999995,0.083791358307265834,617.79999999999995,0.069931631104668407,617.79999999999995,0.06991086188042013,617.79999999999995,0.054143163534328555,617.79999999999995,0.054371116366996437,617.79999999999995,0.18768219696006375,617.79999999999995,0.18447284317964105,617.79999999999995,0.13151975619473902,617.79999999999995,0.13221535566236869,617.79999999999995,0.1108025821655943,617.79999999999995,0.11079156176089112,617.79999999999995,0.082685333536786962,617.79999999999995,0.082792867254986732,617.79999999999995,0.039064706730076386,617.79999999999995,0.03862003340030349,617.79999999999995,0.032092817239303836,617.79999999999995,0.032019489161855839,617.79999999999995,0.028819672270118595,617.79999999999995,0.028740876376490938,617.79999999999995,0.02654790061290405,617.79999999999995,0.026758220798046847,617.79999999999995,0.047308138992734998,617.79999999999995,0.047568771563964968,617.79999999999995,0.03636152861490468,617.79999999999995,0.036761781236489419,617.79999999999995,0.032485525122284101,617.79999999999995,0.034275493163110467,617.79999999999995,0.028871341013707686,617.79999999999995,0.028620457262022836,617.79999999999995,0.088182014699524414,617.79999999999995,0.08812877766757371,617.79999999999995,0.063115510795757987,617.79999999999995,0.063435653552385077,617.79999999999995,0.053058204691301507,617.79999999999995,0.053964463433449482,617.79999999999995,0.043546281461136115,617.79999999999995,0.043272212473402676,617.79999999999995,0.15761959258411537,617.79999999999995,0.15464836431762499,617.79999999999995,0.10880610869509931,617.79999999999995,0.11085484431559046,617.79999999999995,0.090637911887625794,617.79999999999995,0.092039834524384731,617.79999999999995,0.069841221399930487,617.79999999999995,0.068566033417257949
618.5,0.058231733679204499,618.5,0.057591914413841622,618.5,0.05430885108042352,618.5,0.043877571780982172,618.5,0.039504420877732843,618.5,0.038798224867119348,618.5,0.03794172749082339,618.5,0.033444173172944062,618.5,0.067065223841374005,618.5,0.067348448242245451,618.5,0.049856438035655246,618.5,0.049930062816306804,618.5,0.046574476742707455,618.5,0.043991124335596758,618.5,0.035302849198477482,618.5,0.036144808117799646,618.5,0.098122589286471162,618.5,0.11745610911896102,618.5,0.097017708942634548,618.5,0.082217983605028674,618.5,0.06880161576087418,618.5,0.068391741478260132,618.5,0.054454278036333417,618.5,0.053789578088044562,618.5,0.18515767655959919,618.5,0.18178301670862898,618.5,0.12925803006027314,618.5,0.12977391215889725,618.5,0.10925040054932478,618.5,0.10913426243822215,618.5,0.081056009087595277,618.5,0.081474657307799903,618.5,0.038964675364309143,618.5,0.038604774378406793,618.5,0.03139090223205581,618.5,0.031874528453837224,618.5,0.029802183735578105,618.5,0.028649322245110759,618.5,0.026664038724006682,618.5,0.026707357391724522,618.5,0.046903774912472544,618.5,0.047149148461805818,618.5,0.036019048345667715,618.5,0.036385392029704235,618.5,0.032706780939786198,618.5,0.033646482371591097,618.5,0.029275705093970143,618.5,0.028650975305816229,618.5,0.087113035443316958,618.5,0.087815967718691434,618.5,0.062297457677407332,618.5,0.06164526164983937,618.5,0.053064138755372442,618.5,0.052887854666293671,618.5,0.043159719573086473,618.5,0.042519434059832314,618.5,0.15452879292659563,618.5,0.15278930681654415,618.5,0.10704793028322442,618.5,0.10855836152013766,618.5,0.089408712901503026,618.5,0.090177386129549078,618.5,0.06881717148597441,618.5,0.068299000534065762
619.20000000000005,0.057994371116366995,619.20000000000005,0.057335901935352609,619.20000000000005,0.05489886659376246,619.20000000000005,0.044331103820689534,619.20000000000005,0.03890338495969075,619.20000000000005,0.03883213380466756,619.20000000000005,0.037618744860676651,619.20000000000005,0.033042352262997725,619.20000000000005,0.06558594644083314,619.20000000000005,0.066682985342861739,619.20000000000005,0.049775904308978249,619.20000000000005,0.048903469732034618,619.20000000000005,0.046117553809245267,619.20000000000005,0.043627450980392155,619.20000000000005,0.034893398777582796,619.20000000000005,0.035930334087807186,619.20000000000005,0.097958978662801038,619.20000000000005,0.11613535600145809,619.20000000000005,0.095618117545332004,619.20000000000005,0.080666649712197877,619.20000000000005,0.068427769724405119,619.20000000000005,0.067961945694836531,619.20000000000005,0.054145706704644671,619.20000000000005,0.052921509286810282,619.20000000000005,0.18232458482744587,619.20000000000005,0.17914151047362312,619.20000000000005,0.12797118588031842,619.20000000000005,0.12954417910700811,619.20000000000005,0.10734387053567644,619.20000000000005,0.10720399616829006,619.20000000000005,0.080665208582352099,619.20000000000005,0.080834626111577365,619.20000000000005,0.038308537422751199,619.20000000000005,0.038204648915337862,619.20000000000005,0.031638437476157771,619.20000000000005,0.031759238066173298,619.20000000000005,0.029937819485770956,619.20000000000005,0.029146935903630804,619.20000000000005,0.026942092011902043,619.20000000000005,0.027176148453328587,619.20000000000005,0.046944465637530401,619.20000000000005,0.047258504785398815,619.20000000000005,0.03658363215584548,619.20000000000005,0.036665988487915704,619.20000000000005,0.033130642659138884,619.20000000000005,0.032895399404898142,619.20000000000005,0.029234166645473583,619.20000000000005,0.028879012910827971,619.20000000000005,0.086789205089731522,619.20000000000005,0.087030128091011572,619.20000000000005,0.062550926985580235,619.20000000000005,0.061202750014835168,619.20000000000005,0.052665708739180937,619.20000000000005,0.05284970711155193,619.20000000000005,0.042307757517187593,619.20000000000005,0.042098963234234468,619.20000000000005,0.15347083407509138,619.20000000000005,0.15094889923111485,619.20000000000005,0.10594334664259134,619.20000000000005,0.1072486288073379,619.20000000000005,0.088942465010215091,619.20000000000005,0.089403414630011113,619.20000000000005,0.067999118367623762,619.20000000000005,0.068155735272924553
620,0.057044073141578291,620,0.057109559777218273,620,0.05384768952976781,620,0.043924196570110957,620,0.038784703678271998,620,0.038765163653009839,620,0.036940566109712365,620,0.032673592567160896,620,0.065477437840678859,620,0.065451243186422856,620,0.048791697396641312,620,0.048704254723938863,620,0.045508888380254825,620,0.04247030848655934,620,0.03504598899654976,620,0.035176707950798129,620,0.09612789603519746,620,0.11477052126514248,620,0.095485024965455287,620,0.080234310758458161,620,0.067500360282461466,620,0.068202699151428847,620,0.053147936217288465,620,0.051868636775938226,620,0.18065880827038985,620,0.17739774336020617,620,0.12715143731509029,620,0.12789281384841011,620,0.10640713613590702,620,0.1059315632867933,620,0.079915821062536571,620,0.079870764561769364,620,0.039023168281579819,620,0.038184303552808933,620,0.031468045064978009,620,0.032277197087222279,620,0.029758102116765425,620,0.02929189661164942,620,0.026157100107660883,620,0.027507608317862378,620,0.046203555352101917,620,0.046588803268821567,620,0.036363224061782093,620,0.036235344981053387,620,0.032839873519662943,620,0.032854708679840285,620,0.029242643879860634,620,0.029009562320388597,620,0.085280257368835988,620,0.085937412578520375,620,0.061865118723667602,620,0.060939108025397794,620,0.051787467256682179,620,0.051878216050795588,620,0.041789798496138612,620,0.042132872171782687,620,0.15097428854810407,620,0.14968748675432125,620,0.1047370361893136,620,0.10561591346439136,620,0.088511821503352767,620,0.088248815306494408,620,0.066460500326373545,620,0.067233412171613133
620.70000000000005,0.056417605520375037,620.70000000000005,0.055904944770817963,620.70000000000005,0.053077108923984637,620.70000000000005,0.043530852894551671,620.70000000000005,0.038092961352288429,620.70000000000005,0.03822770699287064,620.70000000000005,0.036646406076481612,620.70000000000005,0.032266685316582319,620.70000000000005,0.06452290124869664,620.70000000000005,0.064842577757432407,620.70000000000005,0.048310190483456673,620.70000000000005,0.047224977323398011,620.70000000000005,0.045280003051804373,620.70000000000005,0.042444029059959483,620.70000000000005,0.034834905860312126,620.70000000000005,0.034947822622347677,620.70000000000005,0.094922433305358447,620.70000000000005,0.11243250002119309,620.70000000000005,0.094276171341861448,620.70000000000005,0.07870925629222722,620.70000000000005,0.065805761128489446,620.70000000000005,0.067089638276408722,620.70000000000005,0.052095063706416415,620.70000000000005,0.051353220925205369,620.70000000000005,0.17822245110755067,620.70000000000005,0.17502411773183119,620.70000000000005,0.12537460898756392,620.70000000000005,0.12706797894254979,620.70000000000005,0.10410387155294455,620.70000000000005,0.10429460932665327,620.70000000000005,0.078647626798233353,620.70000000000005,0.07879585124149098,620.70000000000005,0.038851928146961333,620.70000000000005,0.037606156167611877,620.70000000000005,0.031635894305841662,620.70000000000005,0.031807558302179503,620.70000000000005,0.028645888965183997,620.70000000000005,0.029500436577570937,620.70000000000005,0.026389376329866151,620.70000000000005,0.026830277290336803,620.70000000000005,0.045920415723574338,620.70000000000005,0.045984376457024648,620.70000000000005,0.036174181734950787,620.70000000000005,0.036081059315209017,620.70000000000005,0.032446529844103657,620.70000000000005,0.032763154548460106,620.70000000000005,0.028840822969914293,620.70000000000005,0.029071446131414089,620.70000000000005,0.084389300034756656,620.70000000000005,0.084144477505658552,620.70000000000005,0.060541822435848533,620.70000000000005,0.061070505158397126,620.70000000000005,0.051338173834168332,620.70000000000005,0.051838373049176441,620.70000000000005,0.041225214685960861,620.70000000000005,0.042365996117426662,620.70000000000005,0.14949162025380841,620.70000000000005,0.146862872256555,620.70000000000005,0.10350614175631342,620.70000000000005,0.10432737383755923,620.70000000000005,0.086850283563490255,620.70000000000005,0.087458737061621009,620.70000000000005,0.065373718877953263,620.70000000000005,0.065783805091426964
621.39999999999998,0.05556479574103744,621.39999999999998,0.055726922848689839,621.39999999999998,0.05157833388435356,621.39999999999998,0.043112077515831231,621.39999999999998,0.038094656799165842,621.39999999999998,0.037552071412222478,621.39999999999998,0.036552308774785318,621.39999999999998,0.032169197121131206,621.39999999999998,0.063854047455558102,621.39999999999998,0.064034697320346223,621.39999999999998,0.046941964853386232,621.39999999999998,0.046730754558632792,621.39999999999998,0.044479752125666523,621.39999999999998,0.041708205115163238,621.39999999999998,0.034181311089070292,621.39999999999998,0.034550240329594875,621.39999999999998,0.093263438535812052,621.39999999999998,0.11122534184447665,621.39999999999998,0.092704492086501708,621.39999999999998,0.077863228300399268,621.39999999999998,0.064354458601425857,621.39999999999998,0.065996075040478816,621.39999999999998,0.051243101650517535,621.39999999999998,0.049634885514949607,621.39999999999998,0.17656769495519781,621.39999999999998,0.17304468350245414,621.39999999999998,0.12334685452218069,621.39999999999998,0.12333036630129786,621.39999999999998,0.10280939786204149,621.39999999999998,0.10281278875579632,621.39999999999998,0.077511677390368169,621.39999999999998,0.077885396268321416,621.39999999999998,0.038421284640099009,621.39999999999998,0.03790540254147487,621.39999999999998,0.031362079635139831,621.39999999999998,0.031420148690691152,621.39999999999998,0.027946517128252073,621.39999999999998,0.028206810610106561,621.39999999999998,0.026142688809202893,621.39999999999998,0.025806227376380726,621.39999999999998,0.044133414714783444,621.39999999999998,0.044829777133507956,621.39999999999998,0.035552800454379765,621.39999999999998,0.035589379720759907,621.39999999999998,0.032086247382653886,621.39999999999998,0.033038664666039351,621.39999999999998,0.02846358603969041,621.39999999999998,0.028661147987080696,621.39999999999998,0.083460195145935584,621.39999999999998,0.082464289650144518,621.39999999999998,0.05926430321371956,621.39999999999998,0.060450819324703503,621.39999999999998,0.051060968269711682,621.39999999999998,0.050879597840000679,621.39999999999998,0.040564838127209381,621.39999999999998,0.041831082627603572,621.39999999999998,0.14749947017285084,621.39999999999998,0.14510554156811881,621.39999999999998,0.10238290820002882,621.39999999999998,0.10253020014750387,621.39999999999998,0.085771131626018321,621.39999999999998,0.086069318345582915,621.39999999999998,0.064462416181345003,621.39999999999998,0.064787730050948178
622.10000000000002,0.055700431491230301,622.10000000000002,0.05482579283334605,622.10000000000002,0.051580029331230973,622.10000000000002,0.042648372794859404,622.10000000000002,0.038215881250900703,622.10000000000002,0.037907267533040023,622.10000000000002,0.036550613327907905,622.10000000000002,0.032137831353899096,622.10000000000002,0.063097030424794212,622.10000000000002,0.063164085348795834,622.10000000000002,0.046889406000186491,622.10000000000002,0.046786704305587345,622.10000000000002,0.043792248416876477,622.10000000000002,0.041908267846697697,622.10000000000002,0.034204199621915336,622.10000000000002,0.034544306265523933,622.10000000000002,0.092284317964107382,622.10000000000002,0.11000970643337317,622.10000000000002,0.091200630706238392,622.10000000000002,0.077091799971177391,622.10000000000002,0.064253579512219938,622.10000000000002,0.064715164924595003,622.10000000000002,0.050935378042267485,622.10000000000002,0.049746785008858707,622.10000000000002,0.1738456549935149,622.10000000000002,0.17077024151640768,622.10000000000002,0.12155391944931887,622.10000000000002,0.12234276849520613,622.10000000000002,0.10167938251824725,622.10000000000002,0.1015912192806219,622.10000000000002,0.076680908420436927,622.10000000000002,0.076526495596076743,622.10000000000002,0.038119495095919907,622.10000000000002,0.037849452794520316,622.10000000000002,0.031361231911701128,622.10000000000002,0.031408280562549275,622.10000000000002,0.028447521680526944,622.10000000000002,0.028513686494917898,622.10000000000002,0.026352924222001819,622.10000000000002,0.025352695336673364,622.10000000000002,0.044339411510388844,622.10000000000002,0.044591566847231756,622.10000000000002,0.035228970100794323,622.10000000000002,0.035851326263319855,622.10000000000002,0.032512652272322681,622.10000000000002,0.032045980519315384,622.10000000000002,0.028875579630901215,622.10000000000002,0.028806956418538018,622.10000000000002,0.082988860914015403,622.10000000000002,0.0818259539007994,622.10000000000002,0.05937789815450608,622.10000000000002,0.059955748836499581,622.10000000000002,0.051704390359689045,622.10000000000002,0.051211905427973187,622.10000000000002,0.040547035934996575,622.10000000000002,0.041369921076947855,622.10000000000002,0.14615498079906414,622.10000000000002,0.14395178996804087,622.10000000000002,0.10130714715631173,622.10000000000002,0.10154175461797343,622.10000000000002,0.084704695540127009,622.10000000000002,0.085695472309113854,622.10000000000002,0.06398599560879259,622.10000000000002,0.06462411942727804
622.89999999999998,0.054749285793002887,622.89999999999998,0.055334426896569262,622.89999999999998,0.051118020057136553,622.89999999999998,0.042350821867873825,622.89999999999998,0.038178581419597672,622.89999999999998,0.03692645151445792,622.89999999999998,0.03642938887617303,622.89999999999998,0.031625806396921065,622.89999999999998,0.06276980917745395,622.89999999999998,0.061749234929596573,622.89999999999998,0.046526580368420604,622.89999999999998,0.046467960292634128,622.89999999999998,0.043603206090045178,622.89999999999998,0.041271627544229972,622.89999999999998,0.03396429388876173,622.89999999999998,0.034546849435840042,622.89999999999998,0.091823156413451679,622.89999999999998,0.10911111958834549,622.89999999999998,0.089502640658511573,622.89999999999998,0.076708628976882576,622.89999999999998,0.063783093003738467,622.89999999999998,0.06447949780863492,622.89999999999998,0.050471673321295658,622.89999999999998,0.049198307944016355,622.89999999999998,0.17246895212905741,622.89999999999998,0.16949696091147221,622.89999999999998,0.12021112552240959,622.89999999999998,0.12013783983113349,622.89999999999998,0.10085624305926434,622.89999999999998,0.10047646295872434,622.89999999999998,0.075839119045802511,622.89999999999998,0.075955977721828036,622.89999999999998,0.037545586327916373,622.89999999999998,0.037537490569076744,622.89999999999998,0.031222205267753444,622.89999999999998,0.031484575672032757,622.89999999999998,0.028187270584844399,622.89999999999998,0.027910107406559682,622.89999999999998,0.02639276722362097,622.89999999999998,0.025734170884090777,622.89999999999998,0.044286004933750407,622.89999999999998,0.044050719293337738,622.89999999999998,0.035165390842891421,622.89999999999998,0.035649568084907976,622.89999999999998,0.032548256656748299,622.89999999999998,0.032070564499037835,622.89999999999998,0.029166348770377153,622.89999999999998,0.028287301950611632,622.89999999999998,0.081761357374770055,622.89999999999998,0.081514839398794531,622.89999999999998,0.059301603045022598,622.89999999999998,0.059096157269652352,622.89999999999998,0.050820214813119366,622.89999999999998,0.05036842060646135,622.89999999999998,0.040106219746869787,622.89999999999998,0.040740062561989775,622.89999999999998,0.1444086705153311,622.89999999999998,0.1433143019421344,622.89999999999998,0.10005760280766003,622.89999999999998,0.099433466425913219,622.89999999999998,0.083773895204428517,622.89999999999998,0.084920653086137166,622.89999999999998,0.063392589201698837,622.89999999999998,0.063764527860430811
623.60000000000002,0.054427998609733554,623.60000000000002,0.054469748989089795,623.60000000000002,0.050208412807405713,623.60000000000002,0.041874401295321412,623.60000000000002,0.037799649042496372,623.60000000000002,0.036611098395259521,623.60000000000002,0.036024177072471873,623.60000000000002,0.031107847375872091,623.60000000000002,0.061909369887168011,623.60000000000002,0.061389800191585506,623.60000000000002,0.045893330959707705,623.60000000000002,0.046210252367267703,623.60000000000002,0.042866534421810223,623.60000000000002,0.041225002755101173,623.60000000000002,0.034016852741961458,623.60000000000002,0.034096708289887499,623.60000000000002,0.090089561981299235,623.60000000000002,0.10717322380746505,623.60000000000002,0.088454006764833032,623.60000000000002,0.076191517679272305,623.60000000000002,0.062981146630723184,623.60000000000002,0.063958995617269823,623.60000000000002,0.049796885464086192,623.60000000000002,0.049357679950492964,623.60000000000002,0.16983677085187729,623.60000000000002,0.16787272280291279,623.60000000000002,0.1197219890982766,623.60000000000002,0.11945966108016921,623.60000000000002,0.10027300933343505,623.60000000000002,0.099133669031815058,623.60000000000002,0.074293719217042656,623.60000000000002,0.074530106897925635,623.60000000000002,0.037470138941871609,623.60000000000002,0.03704920186838246,623.60000000000002,0.030279536803913088,623.60000000000002,0.03121923823571798,623.60000000000002,0.028659452540203283,623.60000000000002,0.028495884302705086,623.60000000000002,0.025777320007120876,623.60000000000002,0.025851156718632109,623.60000000000002,0.044194450802370229,623.60000000000002,0.043808270389868009,623.60000000000002,0.034472800793469149,623.60000000000002,0.035136695404491249,623.60000000000002,0.031880250587048485,623.60000000000002,0.031517848817001946,623.60000000000002,0.028958656527894339,623.60000000000002,0.028216093181760382,623.60000000000002,0.079907386214321446,623.60000000000002,0.081004509888693912,623.60000000000002,0.058418275221891615,623.60000000000002,0.058344226579520701,623.60000000000002,0.050048786483897482,623.60000000000002,0.04972415079304527,623.60000000000002,0.040274916711172157,623.60000000000002,0.040175478751812009,623.60000000000002,0.14242669311563796,623.60000000000002,0.14259543246611225,623.60000000000002,0.098719047497944273,623.60000000000002,0.098411959682273259,623.60000000000002,0.082382781041513017,623.60000000000002,0.083086179564778775,623.60000000000002,0.062243076218814378,623.60000000000002,0.063215203072149742
624.29999999999995,0.053506523231860836,624.29999999999995,0.054132355060485061,624.29999999999995,0.050166026635470443,624.29999999999995,0.041548875494858556,624.29999999999995,0.037313055788679494,624.29999999999995,0.035629434653238728,624.29999999999995,0.03577155548773768,624.29999999999995,0.031316387341793608,624.29999999999995,0.061246450158100423,624.29999999999995,0.060790459720420811,624.29999999999995,0.045550002967032037,624.29999999999995,0.045123470918847434,624.29999999999995,0.043334477759975579,624.29999999999995,0.040551062621330417,624.29999999999995,0.033887998779278249,624.29999999999995,0.033653348931444602,624.29999999999995,0.089316438205199938,624.29999999999995,0.10648402465179758,624.29999999999995,0.08737061621016759,624.29999999999995,0.075200528979425751,624.29999999999995,0.061755338538355242,624.29999999999995,0.063124835753583741,624.29999999999995,0.049879114637640609,624.29999999999995,0.048660003560438453,624.29999999999995,0.16823203038240803,624.29999999999995,0.16590769987199375,624.29999999999995,0.1183630884260319,624.29999999999995,0.11775997558556497,624.29999999999995,0.099238786738214513,624.29999999999995,0.098170655205445781,624.29999999999995,0.073162856149809691,624.29999999999995,0.07437243033832644,624.29999999999995,0.036968286666158034,624.29999999999995,0.036654162745945761,624.29999999999995,0.030371938658731976,624.29999999999995,0.031086993379279948,624.29999999999995,0.028816281376363769,624.29999999999995,0.027919432364385443,624.29999999999995,0.025615404830328155,624.29999999999995,0.025935081339063939,624.29999999999995,0.0436688622703729,624.29999999999995,0.043108898552936085,624.29999999999995,0.034519425582597935,624.29999999999995,0.034699270110119279,624.29999999999995,0.031749701177487856,624.29999999999995,0.032346922340055775,624.29999999999995,0.02805667878911184,624.29999999999995,0.027571823368344312,624.29999999999995,0.079007103922416347,624.29999999999995,0.079744792858777752,624.29999999999995,0.057612090231682817,624.29999999999995,0.058083975483838153,624.29999999999995,0.049178174512347086,624.29999999999995,0.049094292278087197,624.29999999999995,0.039550113171079072,624.29999999999995,0.039901664081110177,624.29999999999995,0.14038113645804193,624.29999999999995,0.13993188542169999,624.29999999999995,0.09691170112662445,624.29999999999995,0.097537956816968044,624.29999999999995,0.081389249171350334,624.29999999999995,0.081892584963081647,624.29999999999995,0.061595415511643478,624.29999999999995,0.062171655519103461
625,0.053466680230241689,625,0.053151539041902972,625,0.049655697125369824,625,0.041280147164788956,625,0.036792553597314419,625,0.036052448649152698,625,0.035050142841399429,625,0.031304519213651738,625,0.060143561964344748,625,0.060651433076473145,625,0.044771792850300522,625,0.045318447309749675,625,0.042687664776243396,625,0.040112789603519744,625,0.033736256283749988,625,0.032854793452184158,625,0.087510787280757535,625,0.10531670947670031,625,0.086956927172079382,625,0.074407907564236223,625,0.061818070072819434,625,0.061876986851809472,625,0.049143290692844364,625,0.048694760221425368,625,0.16542691352373201,625,0.16439027491671115,625,0.11792227223790511,625,0.11609165585819282,625,0.098046887583394776,625,0.096871942897349156,625,0.072439748056594033,625,0.07337720302128635,625,0.036605461034392141,625,0.036563456338004292,625,0.029395361257343405,625,0.030670761170875614,625,0.02910874596271712,625,0.028037265922365492,625,0.025117791171808113,625,0.025914735976535017,625,0.042534608309385137,625,0.042232352517314754,625,0.034200681569644717,625,0.034283885625153658,625,0.031617456321049814,625,0.032177377652314709,625,0.027582801386875546,625,0.027765104312369129,625,0.078403524834058144,625,0.077690758966794657,625,0.056671117214719874,625,0.057475310054847711,625,0.048115977043649276,625,0.049411340844162994,625,0.039642515025897954,625,0.039435416189822235,625,0.13887897052465606,625,0.13826271797088915,625,0.09593088510804236,625,0.097565083967006611,625,0.080788213253308233,625,0.080601502165933384,625,0.060693437772860993,625,0.062013978959504251
625.70000000000005,0.053244576689300882,625.70000000000005,0.052297033815687961,625.70000000000005,0.050453404881191564,625.70000000000005,0.04018743165229776,625.70000000000005,0.036801030831701463,625.70000000000005,0.036172825377448863,625.70000000000005,0.034627976568924156,625.70000000000005,0.031639369971940348,625.70000000000005,0.059816340717004479,625.70000000000005,0.059742673550180994,625.70000000000005,0.045183786441511324,625.70000000000005,0.04502937361715114,625.70000000000005,0.042960631723506518,625.70000000000005,0.039776243398353714,625.70000000000005,0.033862567076117081,625.70000000000005,0.033416834092045808,625.70000000000005,0.087548934835499276,625.70000000000005,0.10401291082797147,625.70000000000005,0.086316048252418134,625.70000000000005,0.073562727295847008,625.70000000000005,0.061483219314530824,625.70000000000005,0.061529420241940275,625.70000000000005,0.04858803184049236,625.70000000000005,0.048501479277400554,625.70000000000005,0.16368823275094732,625.70000000000005,0.16227350949026384,625.70000000000005,0.11563257122996196,625.70000000000005,0.11533379110399024,625.70000000000005,0.096826165831659067,625.70000000000005,0.095857217941218875,625.70000000000005,0.072058272509176624,625.70000000000005,0.072832964573637499,625.70000000000005,0.036425743665386603,625.70000000000005,0.036411713842476032,625.70000000000005,0.029939599704992239,625.70000000000005,0.030759772131939679,625.70000000000005,0.028788306502886496,625.70000000000005,0.027956732195688484,625.70000000000005,0.025028780210744048,625.70000000000005,0.026041894492340817,625.70000000000005,0.042788925340996743,625.70000000000005,0.042690123174215645,625.70000000000005,0.03456774581860414,625.70000000000005,0.034572111594313476,625.70000000000005,0.031793782796300532,625.70000000000005,0.032272322677449707,625.70000000000005,0.027645532921339741,625.70000000000005,0.027396344616532304,625.70000000000005,0.07888333630036537,625.70000000000005,0.077336410569415828,625.70000000000005,0.0557742258165696,625.70000000000005,0.057104007188694753,625.70000000000005,0.048015097954443337,625.70000000000005,0.04927655281740885,625.70000000000005,0.039511117892898621,625.70000000000005,0.039461695616422099,625.70000000000005,0.13817366462365321,625.70000000000005,0.13568309554690877,625.70000000000005,0.094675406695319736,625.70000000000005,0.096914880089519595,625.70000000000005,0.080656816120308908,625.70000000000005,0.080376855454676446,625.70000000000005,0.060194976390902231,625.70000000000005,0.06175372786382171
626.5,0.052053525257919862,626.5,0.052037630443444123,626.5,0.049114849571475806,626.5,0.039716945143816282,626.5,0.036255096937175213,626.5,0.03597445809279181,626.5,0.034114256165068704,626.5,0.031100217864923743,626.5,0.059432321999270954,626.5,0.058726253147173266,626.5,0.044369124216915468,626.5,0.045082780193789578,626.5,0.041432186363520765,626.5,0.039383747446233137,626.5,0.033435314463009583,626.5,0.033666064783025182,626.5,0.086441808024550065,626.5,0.10170286445749938,626.5,0.084545153988962646,626.5,0.072617515661690529,626.5,0.060710095538431534,626.5,0.060808855319040719,626.5,0.047362223748124412,626.5,0.047891118401532692,626.5,0.16222421437230317,626.5,0.1611545145511728,626.5,0.11433131575154924,626.5,0.11439366581046601,626.5,0.095785161448928902,626.5,0.094323686240600876,626.5,0.071059654298381708,626.5,0.071811457829997552,626.5,0.03583488042860896,626.5,0.036194696642167463,626.5,0.029544560582555546,626.5,0.029799301475886504,626.5,0.027709154565414573,626.5,0.027621881437399864,626.5,0.024811763010435476,626.5,0.025980010681315328,626.5,0.041797088917711472,626.5,0.042430719801971807,626.5,0.03423289506031553,626.5,0.034082127446741779,626.5,0.030904520909098617,626.5,0.031371192662105911,626.5,0.027529394810237109,626.5,0.027688809202885648,626.5,0.077250620957418858,626.5,0.076180115799021716,626.5,0.05465268770716241,626.5,0.05615031832015123,626.5,0.046629917855598786,626.5,0.048823868501140184,626.5,0.039182201198680953,626.5,0.039372684655358037,626.5,0.13677492094978935,626.5,0.13448865322177295,626.5,0.094394810237108245,626.5,0.095839966769241183,626.5,0.080106643608589143,626.5,0.078843323754058461,626.5,0.059270110119274681,626.5,0.060657621457575688
627.20000000000005,0.051873807888914318,627.20000000000005,0.05102883955138475,627.20000000000005,0.049125022252740264,627.20000000000005,0.039702533845358289,627.20000000000005,0.036790858150436999,627.20000000000005,0.036332197383925471,627.20000000000005,0.033860786856895815,627.20000000000005,0.031558836245263344,627.20000000000005,0.059200045777065689,627.20000000000005,0.058752532573773136,627.20000000000005,0.044373362834108997,627.20000000000005,0.044828463162177971,627.20000000000005,0.041221950950721835,627.20000000000005,0.039476149301052033,627.20000000000005,0.033267465222145923,627.20000000000005,0.033850868492662944,627.20000000000005,0.085739893017302032,627.20000000000005,0.10047620864169272,627.20000000000005,0.083608419589193211,627.20000000000005,0.072175851750125045,627.20000000000005,0.060584632469503144,627.20000000000005,0.06014763103685053,627.20000000000005,0.047293558149589278,627.20000000000005,0.047262955333452018,627.20000000000005,0.1605855649652857,627.20000000000005,0.15845366767545752,627.20000000000005,0.11267486415231896,627.20000000000005,0.11312208065240797,627.20000000000005,0.094523748972135335,627.20000000000005,0.093266575112535277,627.20000000000005,0.070601035918042121,627.20000000000005,0.071021379585124153,627.20000000000005,0.035204174190212184,627.20000000000005,0.035693692089892599,627.20000000000005,0.03015916007561693,627.20000000000005,0.030022252740266014,627.20000000000005,0.027795622356162519,627.20000000000005,0.027582886159219423,627.20000000000005,0.024810915286996773,627.20000000000005,0.025892695167128676,627.20000000000005,0.041956460924188088,627.20000000000005,0.043168239193645465,627.20000000000005,0.034148970439883693,627.20000000000005,0.033949034866865041,627.20000000000005,0.030695133219738394,627.20000000000005,0.031401710705899304,627.20000000000005,0.027297118588031841,627.20000000000005,0.027444664852538506,627.20000000000005,0.076806413875537244,627.20000000000005,0.077127870603494311,627.20000000000005,0.054433127336537726,627.20000000000005,0.055874808202571992,627.20000000000005,0.04693764146384883,627.20000000000005,0.048069394640692417,627.20000000000005,0.038862609462289026,627.20000000000005,0.039621915346337404,627.20000000000005,0.13510999211617203,627.20000000000005,0.13355870060951314,627.20000000000005,0.093704763358002083,627.20000000000005,0.093945304883734732,627.20000000000005,0.079406424048218502,627.20000000000005,0.078438959673796008,627.20000000000005,0.059370141485041925,627.20000000000005,0.060098971711468857
627.89999999999998,0.051654247518289627,627.89999999999998,0.051295872434576936,627.89999999999998,0.048069606571552098,627.89999999999998,0.040106897925620742,627.89999999999998,0.036676415486211776,627.89999999999998,0.036013453370972254,627.89999999999998,0.034158337783881387,627.89999999999998,0.031280782957367984,627.89999999999998,0.058910972084467168,627.89999999999998,0.057991276925815731,627.89999999999998,0.044184320507277698,627.89999999999998,0.044802183735578108,627.89999999999998,0.04113209226621907,627.89999999999998,0.039077719284860507,627.89999999999998,0.033052991192153471,627.89999999999998,0.033443961242084375,627.89999999999998,0.084540364351533948,627.89999999999998,0.099818375253257388,627.89999999999998,0.082587760568991961,627.89999999999998,0.071126370133007807,627.89999999999998,0.060038698574976887,627.89999999999998,0.059162576401074911,627.89999999999998,0.047567372820291109,627.89999999999998,0.047012029195595238,627.89999999999998,0.15961661707484548,627.89999999999998,0.1575474513194815,627.89999999999998,0.11189580631214874,627.89999999999998,0.1120047811601943,627.89999999999998,0.09345307426905046,627.89999999999998,0.092467171909836124,627.89999999999998,0.06937098920848063,627.89999999999998,0.069747251256749992,627.89999999999998,0.034931207242949062,627.89999999999998,0.035427506930139116,627.89999999999998,0.029931122470605184,627.89999999999998,0.029626365894390615,627.89999999999998,0.027599798241821585,627.89999999999998,0.027653247204631963,627.89999999999998,0.025466205505116014,627.89999999999998,0.026416588252248584,627.89999999999998,0.041476649457880856,627.89999999999998,0.042651975619473904,627.89999999999998,0.034446521366869279,627.89999999999998,0.03402448225290982,627.89999999999998,0.030443359358442904,627.89999999999998,0.031221993336893773,627.89999999999998,0.027036019768910593,627.89999999999998,0.028088086942515873,627.89999999999998,0.075496681162737472,627.89999999999998,0.075907996575197312,627.89999999999998,0.054444995464679596,627.89999999999998,0.054912642099641418,627.89999999999998,0.046094156642337,627.89999999999998,0.04762179666505599,627.89999999999998,0.038126785517492774,627.89999999999998,0.03962615396353094,627.89999999999998,0.13349253579512221,627.89999999999998,0.13240494900943514,627.89999999999998,0.092978264371031585,627.89999999999998,0.092380407415884644,627.89999999999998,0.078422217135881586,627.89999999999998,0.077874375863618242,627.89999999999998,0.059312496291209965,627.89999999999998,0.059028297008383995
628.60000000000002,0.051672897433941149,628.60000000000002,0.050683816111831669,628.60000000000002,0.048113688190364774,628.60000000000002,0.039722879207887224,628.60000000000002,0.036777294575417709,628.60000000000002,0.036050753202275292,628.60000000000002,0.034226155658977811,628.60000000000002,0.031385052940328742,628.60000000000002,0.058181082203741845,628.60000000000002,0.057712375914481667,628.60000000000002,0.044047837033646141,628.60000000000002,0.044231665861329407,628.60000000000002,0.041320286869611651,628.60000000000002,0.039660953010689788,628.60000000000002,0.033135220365707888,628.60000000000002,0.033012470011783354,628.60000000000002,0.083606173122080657,628.60000000000002,0.099635266990497032,628.60000000000002,0.082457211159431346,628.60000000000002,0.070357484974102033,628.60000000000002,0.059797945118384578,628.60000000000002,0.058928604731992233,628.60000000000002,0.047474970965472221,628.60000000000002,0.046756864440544915,628.60000000000002,0.15756088773598501,628.60000000000002,0.15551461051346607,628.60000000000002,0.1104682400413689,628.60000000000002,0.11066368268016241,628.60000000000002,0.091449903783389699,628.60000000000002,0.092406135822249352,628.60000000000002,0.068353721082034191,628.60000000000002,0.069292023770165218,628.60000000000002,0.035111772335393296,628.60000000000002,0.034853598162135582,628.60000000000002,0.02961237845765197,628.60000000000002,0.030192645151445794,628.60000000000002,0.027784601951459355,628.60000000000002,0.027495570645032767,628.60000000000002,0.02581716300874003,628.60000000000002,0.02598679246882497,628.60000000000002,0.041677559912854031,628.60000000000002,0.04255787831777761,628.60000000000002,0.034090477522613023,628.60000000000002,0.033949034866865041,628.60000000000002,0.030662919729067588,628.60000000000002,0.031085509863262209,628.60000000000002,0.027654857879165502,628.60000000000002,0.027762561142053017,628.60000000000002,0.075739130066207194,628.60000000000002,0.075319676508735792,628.60000000000002,0.054005026999991525,628.60000000000002,0.054726142943126242,628.60000000000002,0.046179776709646243,628.60000000000002,0.047207259903529079,628.60000000000002,0.037986063426667681,628.60000000000002,0.039101413154972321,628.60000000000002,0.13160889431431891,628.60000000000002,0.13093075794952655,628.60000000000002,0.092039834524384759,628.60000000000002,0.091263107923670983,628.60000000000002,0.077822876664716892,628.60000000000002,0.07736489407695632,628.60000000000002,0.05869959224502598,628.60000000000002,0.058800259403372253
629.39999999999998,0.050154624755219854,629.39999999999998,0.050293863330027208,629.39999999999998,0.046965870654357721,629.39999999999998,0.03864542271729271,629.39999999999998,0.035793935386519503,629.39999999999998,0.035077566694641536,629.39999999999998,0.03397777269143714,629.39999999999998,0.030722133211261157,629.39999999999998,0.056749277315768509,629.39999999999998,0.056112721785644658,629.39999999999998,0.043581589142358199,629.39999999999998,0.042765104312369136,629.39999999999998,0.041358434424353392,629.39999999999998,0.038998033281622199,629.39999999999998,0.032754592541729174,629.39999999999998,0.033174385188576072,629.39999999999998,0.082525325737731331,629.39999999999998,0.097820291108228846,629.39999999999998,0.081723082661512514,629.39999999999998,0.068400091554131376,629.39999999999998,0.058321210888159836,629.39999999999998,0.057944397819655311,629.39999999999998,0.047227435721370253,629.39999999999998,0.045752312165679071,629.39999999999998,0.15533222281562864,629.39999999999998,0.15360977594669514,629.39999999999998,0.10854899417613999,629.39999999999998,0.10949891067538126,629.39999999999998,0.090200359434738017,629.39999999999998,0.091183718623636223,629.39999999999998,0.06683120978611938,629.39999999999998,0.068345964412570043,629.39999999999998,0.0353491348982308,629.39999999999998,0.03473915549791036,629.39999999999998,0.029495392623110631,629.39999999999998,0.02967807702415164,629.39999999999998,0.027402278680603239,629.39999999999998,0.027570170307638839,629.39999999999998,0.025828183413443204,629.39999999999998,0.025878283868670686,629.39999999999998,0.040745911853716843,629.39999999999998,0.041609275789866319,629.39999999999998,0.033881937556691506,629.39999999999998,0.033830353585446289,629.39999999999998,0.030590015513338925,629.39999999999998,0.030280172596492124,629.39999999999998,0.02755058789620474,629.39999999999998,0.027278511058552259,629.39999999999998,0.074100480659189741,629.39999999999998,0.073016411925773322,629.39999999999998,0.052602044708934162,629.39999999999998,0.053941151038885075,629.39999999999998,0.045769478565312854,629.39999999999998,0.046991938150097917,629.39999999999998,0.037148512669226794,629.39999999999998,0.03837915278519536,629.39999999999998,0.13007960123089446,629.39999999999998,0.12808834125954749,629.39999999999998,0.090697888320914188,629.39999999999998,0.090442511635004205,629.39999999999998,0.076118104829480435,629.39999999999998,0.075691488008951952,629.39999999999998,0.056858336936157952,629.39999999999998,0.058360290938684167
630.10000000000002,0.049084797775573702,630.10000000000002,0.049213863669116592,630.10000000000002,0.046974347888744779,630.10000000000002,0.038185108890075703,630.10000000000002,0.035504861693920968,630.10000000000002,0.034778320320778537,630.10000000000002,0.034048981460288397,630.10000000000002,0.030800123767622051,630.10000000000002,0.055285258937124354,630.10000000000002,0.056011842696438725,630.10000000000002,0.042895780880445558,630.10000000000002,0.042288683739816722,630.10000000000002,0.040737900867221073,630.10000000000002,0.038444469876147608,630.10000000000002,0.032611327280587972,630.10000000000002,0.032942108966370807,630.10000000000002,0.081271542771886099,630.10000000000002,0.095958690436831875,630.10000000000002,0.080157337470223716,630.10000000000002,0.067388757491755893,630.10000000000002,0.057371760636809842,630.10000000000002,0.057712121597450039,630.10000000000002,0.04621864482931088,630.10000000000002,0.045197901036765777,630.10000000000002,0.15274497088069985,630.10000000000002,0.15034095436704731,630.10000000000002,0.10704682824275409,630.10000000000002,0.10755677627730729,630.10000000000002,0.088441333299424385,630.10000000000002,0.089345854208523021,630.10000000000002,0.066244585166535294,630.10000000000002,0.067556733891135354,630.10000000000002,0.034751489873943518,630.10000000000002,0.034527224638234023,630.10000000000002,0.029199537143002465,630.10000000000002,0.029408500970643341,630.10000000000002,0.027592168730873241,630.10000000000002,0.027209887846189058,630.10000000000002,0.02556538914744454,630.10000000000002,0.025050058069055556,630.10000000000002,0.04051956969558252,630.10000000000002,0.041249841051855252,630.10000000000002,0.032949441774115615,630.10000000000002,0.033077575171875935,630.10000000000002,0.030744301179183298,630.10000000000002,0.030060612225867433,630.10000000000002,0.027842204759119381,630.10000000000002,0.026948746640895881,630.10000000000002,0.073002678806066298,630.10000000000002,0.072286522045048013,630.10000000000002,0.052195985181794288,630.10000000000002,0.053581716300874008,630.10000000000002,0.04505908632367777,630.10000000000002,0.046440917914939435,630.10000000000002,0.037016267812788758,630.10000000000002,0.037853564253198038,630.10000000000002,0.12809253749056909,630.10000000000002,0.12603769826131922,630.10000000000002,0.08884306943702687,630.10000000000002,0.089370989208480647,630.10000000000002,0.074598136703881712,630.10000000000002,0.074227469630307796,630.10000000000002,0.05571984435797666,630.10000000000002,0.056859820452175691
630.79999999999995,0.048387969108957901,630.79999999999995,0.048251697566186004,630.79999999999995,0.046639497130456162,630.79999999999995,0.038297856107423513,630.79999999999995,0.034947059671252848,630.79999999999995,0.034381585751464432,630.79999999999995,0.033586124462755274,630.79999999999995,0.030355916685740444,630.79999999999995,0.05504874409772556,630.79999999999995,0.0553446843501776,630.79999999999995,0.042675372786382178,630.79999999999995,0.041772420165645155,630.79999999999995,0.040299627849410408,630.79999999999995,0.037368708832430507,630.79999999999995,0.032180683773725662,630.79999999999995,0.032803082322423127,630.79999999999995,0.080023693870111809,630.79999999999995,0.09358591253189559,630.79999999999995,0.079552062934988108,630.79999999999995,0.065917109602163404,630.79999999999995,0.056461305663640285,630.79999999999995,0.05687033222281563,630.79999999999995,0.045620152081584903,630.79999999999995,0.044562956181175464,630.79999999999995,0.14995596076735923,630.79999999999995,0.1477952408806151,630.79999999999995,0.10490547883658437,630.79999999999995,0.10551206734314997,630.79999999999995,0.087338445105668724,630.79999999999995,0.087652950501428406,630.79999999999995,0.065745276061137836,630.79999999999995,0.066546247552198581,630.79999999999995,0.034281851088900757,630.79999999999995,0.034427193272466801,630.79999999999995,0.029448767833981843,630.79999999999995,0.02919996100472182,630.79999999999995,0.027317506336732703,630.79999999999995,0.027552368115426031,630.79999999999995,0.025024541593550522,630.79999999999995,0.025333197697583139,630.79999999999995,0.039787136644541074,630.79999999999995,0.040414833464730474,630.79999999999995,0.032817196917677573,630.79999999999995,0.03299958461551504,630.79999999999995,0.030341632545798258,630.79999999999995,0.029812229258326765,630.79999999999995,0.027264057373922332,630.79999999999995,0.026914837703347662,630.79999999999995,0.071170748455024024,630.79999999999995,0.071778735705263497,630.79999999999995,0.051850114018802504,630.79999999999995,0.052750099607504056,630.79999999999995,0.044911582445343032,630.79999999999995,0.045525376601137646,630.79999999999995,0.037009486025279113,630.79999999999995,0.037568729177793032,630.79999999999995,0.1258147046107678,630.79999999999995,0.12435157634173427,630.79999999999995,0.086834812610733864,630.79999999999995,0.087822198485965952,630.79999999999995,0.073053584598560567,630.79999999999995,0.073461127641718152,630.79999999999995,0.05525698736044353,630.79999999999995,0.056158753168366354
631.5,0.048855064723684546,631.5,0.048868840229563511,631.5,0.047110831362376336,631.5,0.038808185617524138,631.5,0.034873307732085482,631.5,0.034549434992328092,631.5,0.033931995625747051,631.5,0.03006175665250968,631.5,0.055088587099344707,631.5,0.055014919932521229,631.5,0.042399862668802926,631.5,0.042295465527326367,631.5,0.039128074057119606,631.5,0.037759509337673684,631.5,0.032021311767249046,631.5,0.032046065291659244,631.5,0.078597823046209395,631.5,0.093457906292651091,631.5,0.078807761755804798,631.5,0.065830641811415458,631.5,0.056406203640124448,631.5,0.057095826657511249,631.5,0.045161533701245302,631.5,0.044946974898908983,631.5,0.14878271152819103,631.5,0.14629477039410663,631.5,0.10388142892262829,631.5,0.10375897527190729,631.5,0.087034960114612203,631.5,0.08616265269618438,631.5,0.065469765943558578,631.5,0.066096954129684735,631.5,0.034065681612030892,631.5,0.03454248366013072,631.5,0.029386884022956347,631.5,0.02921691547349593,631.5,0.02731411544297788,631.5,0.027415036918355763,631.5,0.024843128777667579,631.5,0.025725693649703722,631.5,0.040268643557725727,631.5,0.039996058086010026,631.5,0.032807024236413115,631.5,0.032834278544967503,631.5,0.030085620067309242,631.5,0.030540423692174669,631.5,0.027734543882403803,631.5,0.027629468562176279,631.5,0.071069869365818092,631.5,0.071845705856921224,631.5,0.052346032230445143,631.5,0.052021905173656152,631.5,0.044732712799776198,631.5,0.045024372048862789,631.5,0.037518120088502332,631.5,0.037355102871239283,631.5,0.12451175368547764,631.5,0.12368441799547315,631.5,0.085710731331010592,631.5,0.086812559870467862,631.5,0.07225672456617753,631.5,0.073116104202165091,631.5,0.056015699838084826,631.5,0.055350025007841447
632.29999999999995,0.047989539092766376,632.29999999999995,0.048251697566186004,632.29999999999995,0.046756482964997508,632.29999999999995,0.038483507540499985,632.29999999999995,0.034025584293380123,632.29999999999995,0.034259513576290861,632.29999999999995,0.033543738290820004,632.29999999999995,0.029798114663072316,632.29999999999995,0.055184379847918415,632.29999999999995,0.053979001890423275,632.29999999999995,0.042038732483914446,632.29999999999995,0.041494366877749808,632.29999999999995,0.038812720937921215,632.29999999999995,0.037383967854327203,632.29999999999995,0.031743258479353692,632.29999999999995,0.031779032408467051,632.29999999999995,0.077507650704034314,632.29999999999995,0.09266274170714546,632.29999999999995,0.078290650458194513,632.29999999999995,0.065312682790366464,632.29999999999995,0.055456753388774441,632.29999999999995,0.05605566999821978,632.29999999999995,0.044811423921059995,632.29999999999995,0.044460381645092112,632.29999999999995,0.14724494121037948,632.29999999999995,0.1448502496545527,632.29999999999995,0.10224193179217213,632.29999999999995,0.10258063969210683,632.29999999999995,0.085655714079838588,632.29999999999995,0.085890533472359976,632.29999999999995,0.06464747420801438,632.29999999999995,0.065225494434695636,632.29999999999995,0.034022447716656919,632.29999999999995,0.033769359884031437,632.29999999999995,0.029653916906148537,632.29999999999995,0.029224544984444274,632.29999999999995,0.027265795206971675,632.29999999999995,0.027267533040021028,632.29999999999995,0.024030161999949135,632.29999999999995,0.02511957139102939,632.29999999999995,0.039720166492883353,632.29999999999995,0.038927078829802571,632.29999999999995,0.032865517153683785,632.29999999999995,0.032622347685291153,632.29999999999995,0.029921161720200401,632.29999999999995,0.030047896374286856,632.29999999999995,0.027334418419334879,632.29999999999995,0.027083534667650025,632.29999999999995,0.070709586904368321,632.29999999999995,0.070453743970567029,632.29999999999995,0.051219407780405721,632.29999999999995,0.051532768749523158,632.29999999999995,0.04449874113069352,632.29999999999995,0.044464874579317248,632.29999999999995,0.036794164271847958,632.29999999999995,0.036878682298686877,632.29999999999995,0.12278578876427354,632.29999999999995,0.12229415155599638,632.29999999999995,0.084760433356221868,632.29999999999995,0.085746123784576536,632.29999999999995,0.071714181565406113,632.29999999999995,0.07198439341149343,632.29999999999995,0.05494841602875479,632.29999999999995,0.055502615226808411
633,0.047313903512118206,633,0.048371226571043459,633,0.04600031365767232,633,0.037850258131787086,633,0.033544925103634188,633,0.033766138534964352,633,0.033475920415723573,633,0.029602290548731383,633,0.053458414926714305,633,0.052872722802912782,633,0.041764070089773911,633,0.040608495884302702,633,0.038466849774929424,633,0.036928740367742428,633,0.031631358985444592,633,0.031622203572306565,633,0.076164009053686324,633,0.0921608894314319,633,0.077392063613166834,633,0.064921882285123314,633,0.054217381721387209,633,0.055195230707933828,633,0.044633401998931864,633,0.044229800869764253,633,0.14578600917236756,633,0.14311580749896155,633,0.10088896518399838,633,0.10103269669303087,633,0.084742715936352922,633,0.083956876308673059,633,0.064166815018268444,633,0.063973406915727823,633,0.033385807414189186,633,0.033659155836999743,633,0.029299568508769698,633,0.029084670617057891,633,0.026785136017225739,633,0.026622415503166248,633,0.024153081898561413,633,0.025001737833049348,633,0.039253918601595411,633,0.038845697379686857,633,0.032833303663012979,633,0.032089977365784186,633,0.029749073862143208,633,0.030181836677602304,633,0.02697837457507863,633,0.027171697905275384,633,0.070094987411306944,633,0.068592991022608768,633,0.050369988894822956,633,0.05082491967820419,633,0.043527250069937178,633,0.043761264125191802,633,0.036327916380560016,633,0.036189483143019417,633,0.12159982367352475,633,0.12020366555614896,633,0.083644829310885627,633,0.084484711307782956,633,0.070022973305188918,633,0.070829794087976738,633,0.053964209116417867,633,0.054894797521256665
633.70000000000005,0.046022820714969943,633.70000000000005,0.046336690318150603,633.70000000000005,0.044822825801310584,633.70000000000005,0.037155124912048698,633.70000000000005,0.033464391376957184,633.70000000000005,0.033208336512296224,633.70000000000005,0.032675669489585717,633.70000000000005,0.029485304714190041,633.70000000000005,0.052260581707823633,633.70000000000005,0.051838500207692255,633.70000000000005,0.040882437713520341,633.70000000000005,0.03963870027042378,633.70000000000005,0.038464306604613308,633.70000000000005,0.03575888202232904,633.70000000000005,0.031884828293617481,633.70000000000005,0.031645092105151609,633.70000000000005,0.074792392529861071,633.70000000000005,0.090017844578384743,633.70000000000005,0.075970431406457956,633.70000000000005,0.064175885659062584,633.70000000000005,0.052552452887769892,633.70000000000005,0.054453472699066655,633.70000000000005,0.04363987012876918,633.70000000000005,0.043087917397828135,633.70000000000005,0.14305379652942021,633.70000000000005,0.14063536871730967,633.70000000000005,0.098722184074667499,633.70000000000005,0.099934894839907432,633.70000000000005,0.082958258097878157,633.70000000000005,0.082283470240668677,633.70000000000005,0.063035104227596797,633.70000000000005,0.06247463187609674,633.70000000000005,0.03337054839229249,633.70000000000005,0.032815671015487914,633.70000000000005,0.028846036469062333,633.70000000000005,0.028966837059077849,633.70000000000005,0.026647804820155472,633.70000000000005,0.026272305722980938,633.70000000000005,0.023805515288692212,633.70000000000005,0.024387986063426667,633.70000000000005,0.038508769698973405,633.70000000000005,0.038669370904436139,633.70000000000005,0.031728720022379898,633.70000000000005,0.031312614972491382,633.70000000000005,0.029576986004086023,633.70000000000005,0.029036562311911363,633.70000000000005,0.026256114205301665,633.70000000000005,0.02672494765307766,633.70000000000005,0.068587735137288802,633.70000000000005,0.066990793723455649,633.70000000000005,0.049306095979247733,633.70000000000005,0.050554495901257178,633.70000000000005,0.042933843662843432,633.70000000000005,0.043002551647550499,633.70000000000005,0.0351868806320626,633.70000000000005,0.036028415689665402,633.70000000000005,0.1194101540313488,633.70000000000005,0.11768847011351016,633.70000000000005,0.082241847019828243,633.70000000000005,0.0829249001805651,633.70000000000005,0.069037918669413278,633.70000000000005,0.069234378576333272,633.70000000000005,0.052668039978637372,633.70000000000005,0.053886854352636002
634.39999999999998,0.045809194408416194,634.39999999999998,0.045817035850224223,634.39999999999998,0.044012402193908264,634.39999999999998,0.036483727948594051,634.39999999999998,0.033159210939023256,634.39999999999998,0.032664945788086083,634.39999999999998,0.032289955324974778,634.39999999999998,0.028968193416579774,634.39999999999998,0.050814365521392305,634.39999999999998,0.05105859464408332,634.39999999999998,0.040584039063096052,634.39999999999998,0.039101243610284581,634.39999999999998,0.037870052474080852,634.39999999999998,0.035467265159414389,634.39999999999998,0.031073556962776461,634.39999999999998,0.031281418749947013,634.39999999999998,0.07384124683163365,634.39999999999998,0.088139289438213669,634.39999999999998,0.07533209565711281,634.39999999999998,0.062701694599153965,634.39999999999998,0.051813238049218814,634.39999999999998,0.053416706933529998,634.39999999999998,0.043316039775183744,634.39999999999998,0.042091842357349342,634.39999999999998,0.14009354628146109,634.39999999999998,0.13805320312301314,634.39999999999998,0.097108118647372496,634.39999999999998,0.097770656900892663,634.39999999999998,0.08208849384976645,634.39999999999998,0.080627866364877121,634.39999999999998,0.062151776404465807,634.39999999999998,0.061867661893983697,634.39999999999998,0.03309079965751973,634.39999999999998,0.032674101201224118,634.39999999999998,0.028492535795122197,634.39999999999998,0.028700651899324369,634.39999999999998,0.026155277502267656,634.39999999999998,0.026033247713266029,634.39999999999998,0.024201402134567621,634.39999999999998,0.02476776616396667,634.39999999999998,0.038090842043691661,634.39999999999998,0.038081050837974625,634.39999999999998,0.03159562744250316,634.39999999999998,0.030820935378042272,634.39999999999998,0.028763171502928883,634.39999999999998,0.029358697218619396,634.39999999999998,0.025869552317252024,634.39999999999998,0.026496062324627215,634.39999999999998,0.066598128226647332,634.39999999999998,0.065764985631087708,634.39999999999998,0.048811025491043804,634.39999999999998,0.04990005340657664,634.39999999999998,0.042669353949967362,634.39999999999998,0.042322677449708808,634.39999999999998,0.035108890075701706,634.39999999999998,0.035591838118732143,634.39999999999998,0.11716114374846351,634.39999999999998,0.11558272509176605,634.39999999999998,0.080926180242957543,634.39999999999998,0.081235387367225312,634.39999999999998,0.06704322541813959,634.39999999999998,0.068644363062994318,634.39999999999998,0.052993565779100235,634.39999999999998,0.053097623831201313
635.20000000000005,0.044978425438484938,635.20000000000005,0.044515780371811503,635.20000000000005,0.0432121512677704,635.20000000000005,0.036153963530937673,635.20000000000005,0.033328755626764323,635.20000000000005,0.032948933140052386,635.20000000000005,0.032319625645329475,635.20000000000005,0.028362071157905445,635.20000000000005,0.050678729771199443,635.20000000000005,0.050516899366750599,635.20000000000005,0.039668497749294269,635.20000000000005,0.039680238718920346,635.20000000000005,0.036820570856963622,635.20000000000005,0.035188364148080332,635.20000000000005,0.030426743979044272,635.20000000000005,0.030889770521265136,635.20000000000005,0.072408594220221598,635.20000000000005,0.086537092139060551,635.20000000000005,0.073305188915168323,635.20000000000005,0.062224426303162855,635.20000000000005,0.051352076498563104,635.20000000000005,0.052534226833837717,635.20000000000005,0.042269949051821326,635.20000000000005,0.041486567822113719,635.20000000000005,0.13775552503751176,635.20000000000005,0.13577197934945701,635.20000000000005,0.095227868060324017,635.20000000000005,0.096056560107830424,635.20000000000005,0.080710095538431545,635.20000000000005,0.079316438205199929,635.20000000000005,0.060885277587040008,635.20000000000005,0.060958902367691553,635.20000000000005,0.0330068750370879,635.20000000000005,0.032162923967684789,635.20000000000005,0.027974576774073227,635.20000000000005,0.028554843467867047,635.20000000000005,0.026435873960479129,635.20000000000005,0.025955257156905134,635.20000000000005,0.024068309554690876,635.20000000000005,0.024553292133974215,635.20000000000005,0.038225630070445812,635.20000000000005,0.037910658426794849,635.20000000000005,0.030877605689919721,635.20000000000005,0.031238863033324016,635.20000000000005,0.028741130693522545,635.20000000000005,0.028933140052389311,635.20000000000005,0.026043335622186619,635.20000000000005,0.026055246136500433,635.20000000000005,0.065032383035358549,635.20000000000005,0.06467820418266744,635.20000000000005,0.048258309809007915,635.20000000000005,0.049300712935411946,635.20000000000005,0.042385366598001066,635.20000000000005,0.042000542543000771,635.20000000000005,0.034395106940311795,635.20000000000005,0.035922450259827231,635.20000000000005,0.11575816145740613,635.20000000000005,0.11362448394835668,635.20000000000005,0.079145961021676287,635.20000000000005,0.079992624806083268,635.20000000000005,0.066520180056458364,635.20000000000005,0.067327000839246184,635.20000000000005,0.052546815526902518,635.20000000000005,0.051981172062426355
635.89999999999998,0.04442655747988776,635.89999999999998,0.044125827590007036,635.89999999999998,0.042444961555742053,635.89999999999998,0.03526894026092927,635.89999999999998,0.032017327467087131,635.89999999999998,0.032667488958402206,635.89999999999998,0.032440850097064329,635.89999999999998,0.028262887515576918,635.89999999999998,0.05021672049710503,635.89999999999998,0.049522519773149219,635.89999999999998,0.039397226248908554,635.89999999999998,0.039484414604579403,635.89999999999998,0.036451811161126793,635.89999999999998,0.035617312208065237,635.89999999999998,0.029671422395157805,635.89999999999998,0.030254825665674827,635.89999999999998,0.072335690004492914,635.89999999999998,0.085046794333816539,635.89999999999998,0.072152285038529024,635.89999999999998,0.060777362393292809,635.89999999999998,0.050510287123928681,635.89999999999998,0.050941354492510353,635.89999999999998,0.041730796944804714,635.89999999999998,0.041377211498520722,635.89999999999998,0.1354395446029687,635.89999999999998,0.13262607766842144,635.89999999999998,0.093809626747369937,635.89999999999998,0.094345854208523025,635.89999999999998,0.079296940566109739,635.89999999999998,0.078747615777828628,635.89999999999998,0.060113001534379422,635.89999999999998,0.059394004899841472,635.89999999999998,0.032259182964149771,635.89999999999998,0.032240066800606974,635.89999999999998,0.027520197010927151,635.89999999999998,0.028214058645507491,635.89999999999998,0.026058637030255245,635.89999999999998,0.025827250917660628,635.89999999999998,0.024089502640658511,635.89999999999998,0.024378661105600913,635.89999999999998,0.037448267677153001,635.89999999999998,0.037213829760179049,635.89999999999998,0.031670227105109229,635.89999999999998,0.031426209913277894,635.89999999999998,0.028372370997685713,635.89999999999998,0.028851758602273597,635.89999999999998,0.025946695150174209,635.89999999999998,0.025754304315760028,635.89999999999998,0.063922713054093236,635.89999999999998,0.063914405364393925,635.89999999999998,0.047094385527665455,635.89999999999998,0.048456380390461413,635.89999999999998,0.041586811118740616,635.89999999999998,0.041441892796893941,635.89999999999998,0.034253537126048006,635.89999999999998,0.035301916702694912,635.89999999999998,0.11362105066842994,635.89999999999998,0.11165098378305062,635.89999999999998,0.077136856471944584,635.89999999999998,0.078823614184108576,635.89999999999998,0.065081593380975383,635.89999999999998,0.06671833541025575,635.89999999999998,0.051454100014411308,635.89999999999998,0.051445410849164576
636.60000000000002,0.043788221730542622,636.60000000000002,0.043600239058009714,636.60000000000002,0.041922763917499557,636.60000000000002,0.034661122555377531,636.60000000000002,0.031989352593609854,636.60000000000002,0.032786170239820958,636.60000000000002,0.032237396471775044,636.60000000000002,0.028101820062222903,636.60000000000002,0.050220959114298552,636.60000000000002,0.048981672219255194,636.60000000000002,0.038636818324389845,636.60000000000002,0.039445419326398966,636.60000000000002,0.036103396827818893,636.60000000000002,0.035467265159414389,636.60000000000002,0.030152081584903741,636.60000000000002,0.030030178954417903,636.60000000000002,0.071139552232479655,636.60000000000002,0.083940515246306052,636.60000000000002,0.070574671719098384,636.60000000000002,0.060384866441172226,636.60000000000002,0.050299203987691055,636.60000000000002,0.050986283834761746,636.60000000000002,0.041163669964310839,636.60000000000002,0.041733255342776977,636.60000000000002,0.13355251222841058,636.60000000000002,0.13103829166772632,636.60000000000002,0.092741495214601191,636.60000000000002,0.092789433975059982,636.60000000000002,0.077938039893865024,636.60000000000002,0.077375999254003389,636.60000000000002,0.059361918567686481,636.60000000000002,0.058450488712562407,636.60000000000002,0.032224426303162849,636.60000000000002,0.032341793613251617,636.60000000000002,0.027506633435907864,636.60000000000002,0.028188626942346334,636.60000000000002,0.02602727126302315,636.60000000000002,0.025983232030382407,636.60000000000002,0.024099675321922975,636.60000000000002,0.024552444410535511,636.60000000000002,0.037120198706374029,636.60000000000002,0.037388460788552347,636.60000000000002,0.030934403160312981,636.60000000000002,0.031396539592923212,636.60000000000002,0.028460534235311075,636.60000000000002,0.028444851351695024,636.60000000000002,0.026056899197205899,636.60000000000002,0.02626293837898324,636.60000000000002,0.063631096191178585,636.60000000000002,0.063285394572874548,636.60000000000002,0.047070649271381708,636.60000000000002,0.047545925417291857,636.60000000000002,0.041224833210413432,636.60000000000002,0.040972254011851166,636.60000000000002,0.033680476081483182,636.60000000000002,0.03551978162644219,636.60000000000002,0.11251392385748073,636.60000000000002,0.10997588226816885,636.60000000000002,0.076279808075413472,636.60000000000002,0.077808041504539571,636.60000000000002,0.065177386129549097,636.60000000000002,0.065979120571704686,636.60000000000002,0.050407161567610194,636.60000000000002,0.050672287073065293
637.29999999999995,0.043687342641336689,637.29999999999995,0.042800835855310554,637.29999999999995,0.041810016700151741,637.29999999999995,0.034094843298322353,637.29999999999995,0.031962225443571288,637.29999999999995,0.032278383900036449,637.29999999999995,0.031474445376940226,637.29999999999995,0.028695226469316652,637.29999999999995,0.049561430278985789,637.29999999999995,0.048669709993811629,637.29999999999995,0.038463882742893953,637.29999999999995,0.038474775989081327,637.29999999999995,0.036469613353339606,637.29999999999995,0.035411315412459836,637.29999999999995,0.030976916490764051,637.29999999999995,0.030008138145011565,637.29999999999995,0.070586836550443774,637.29999999999995,0.082032289785780282,637.29999999999995,0.069632003255257993,637.29999999999995,0.058566499665149235,637.29999999999995,0.049457414613056631,637.29999999999995,0.050251307613404191,637.29999999999995,0.040704203860532535,637.29999999999995,0.04139925230792707,637.29999999999995,0.13119329789849354,637.29999999999995,0.12845019200935884,637.29999999999995,0.090573018658392887,637.29999999999995,0.091923908344141811,637.29999999999995,0.076501148665259464,637.29999999999995,0.076440960301111374,637.29999999999995,0.058253096309859871,637.29999999999995,0.057299280282800534,637.29999999999995,0.032105745021744105,637.29999999999995,0.032323143697600094,637.29999999999995,0.02772110746590032,637.29999999999995,0.027876664716902755,637.29999999999995,0.025979798750455651,637.29999999999995,0.026652933546959641,637.29999999999995,0.024205640751761143,637.29999999999995,0.024609241880928764,637.29999999999995,0.036300450141145947,637.29999999999995,0.036728084229800874,637.29999999999995,0.031358264879665664,637.29999999999995,0.030484389172876249,637.29999999999995,0.027962072853352324,637.29999999999995,0.028760204470893419,637.29999999999995,0.025932283851716212,637.29999999999995,0.026366360638505296,637.29999999999995,0.06302243076218815,637.29999999999995,0.062574154607800747,637.29999999999995,0.046916363605537331,637.29999999999995,0.046866898942888868,637.29999999999995,0.040554283970397502,637.29999999999995,0.040352568178157557,637.29999999999995,0.033841543534837204,637.29999999999995,0.035083204055508931,637.29999999999995,0.110292040724634,637.29999999999995,0.10875092189923959,637.29999999999995,0.075835600993531871,637.29999999999995,0.076365216211863068,637.29999999999995,0.064667056619448465,637.29999999999995,0.06541368903808821,637.29999999999995,0.049801887032374564,637.29999999999995,0.0501526326051389
638.10000000000002,0.042941346015275973,638.10000000000002,0.042954273797716234,638.10000000000002,0.041122512991361701,638.10000000000002,0.033811703669794774,638.10000000000002,0.032100404364080258,638.10000000000002,0.031840958605664479,638.10000000000002,0.031103990234225984,638.10000000000002,0.028078083805939152,638.10000000000002,0.049085009706433383,638.10000000000002,0.0484272610903419,638.10000000000002,0.037686520349601148,638.10000000000002,0.037674525062943463,638.10000000000002,0.035991497333909786,638.10000000000002,0.034855208836669128,638.10000000000002,0.030859082932784002,638.10000000000002,0.02979366411501911,638.10000000000002,0.068773556115053022,638.10000000000002,0.08128544543628087,638.10000000000002,0.067953510846621393,638.10000000000002,0.05767808550138602,638.10000000000002,0.049031857446826539,638.10000000000002,0.049994447411476468,638.10000000000002,0.040022634215813431,638.10000000000002,0.04008443325449506,638.10000000000002,0.12885273348422807,638.10000000000002,0.12691750803217958,638.10000000000002,0.088418953400642583,638.10000000000002,0.090009748819545099,638.10000000000002,0.074813331298797095,638.10000000000002,0.074803158617532631,638.10000000000002,0.057102735603536708,638.10000000000002,0.057161101362291564,638.10000000000002,0.031445368462992639,638.10000000000002,0.031642421776319693,638.10000000000002,0.027418470198282509,638.10000000000002,0.027242567584751156,638.10000000000002,0.025699202292244178,638.10000000000002,0.026343514491832185,638.10000000000002,0.024290413095631683,638.10000000000002,0.024394767850936309,638.10000000000002,0.035844374931122462,638.10000000000002,0.03642459923874436,638.10000000000002,0.030750447174113918,638.10000000000002,0.030189381416206786,638.10000000000002,0.028038367962835806,638.10000000000002,0.028655086764493954,638.10000000000002,0.025822927528123225,638.10000000000002,0.026127302628790382,638.10000000000002,0.061995837677915951,638.10000000000002,0.061075379568169684,638.10000000000002,0.046793443706925057,638.10000000000002,0.046088688826157354,638.10000000000002,0.040122792740096468,638.10000000000002,0.039897340691572775,638.10000000000002,0.033536363096903277,638.10000000000002,0.034855166450497188,638.10000000000002,0.10890686062578944,638.10000000000002,0.10687660537626203,638.10000000000002,0.074863262209336826,638.10000000000002,0.075089392436611488,638.10000000000002,0.064278799284521418,638.10000000000002,0.064361664250654871,638.10000000000002,0.049901918398141794,638.10000000000002,0.048942083534667648
638.79999999999995,0.041897798462229678,638.79999999999995,0.042666895551995113,638.79999999999995,0.040544365606164652,638.79999999999995,0.034055000296703199,638.79999999999995,0.031986809423293745,638.79999999999995,0.031602748319388273,638.79999999999995,0.030665717216415318,638.79999999999995,0.02789412781974009,638.79999999999995,0.048081305155006235,638.79999999999995,0.047974576774073227,638.79999999999995,0.03717110449886829,638.79999999999995,0.037290506345209938,638.79999999999995,0.035921984011935949,638.79999999999995,0.034355052007832967,638.79999999999995,0.030366555614896193,638.79999999999995,0.029841984351025315,638.79999999999995,0.067201029136254573,638.79999999999995,0.079378915422632521,638.79999999999995,0.066636148622873273,638.79999999999995,0.057177928672549866,638.79999999999995,0.048361308206810609,638.79999999999995,0.048494824648406702,638.79999999999995,0.039277485313191418,638.79999999999995,0.039681764621110019,638.79999999999995,0.12650114866525941,638.79999999999995,0.12403100972338783,638.79999999999995,0.086103820689538244,638.79999999999995,0.088522841908055913,638.79999999999995,0.073690097742512492,638.79999999999995,0.073094995888541334,638.79999999999995,0.055711621440621216,638.79999999999995,0.055624178767918746,638.79999999999995,0.031934504887125625,638.79999999999995,0.031534760899604115,638.79999999999995,0.026751311852021391,638.79999999999995,0.02739346235684071,638.79999999999995,0.025616125395251051,638.79999999999995,0.026029009096072496,638.79999999999995,0.024102218492239095,638.79999999999995,0.024327797699278588,638.79999999999995,0.035065317090952237,638.79999999999995,0.035898162983308335,638.79999999999995,0.030257919856226105,638.79999999999995,0.029977450556530446,638.79999999999995,0.027953595618965269,638.79999999999995,0.028822936005357614,638.79999999999995,0.025508422132363536,638.79999999999995,0.025699202292244181,638.79999999999995,0.060455524189788327,638.79999999999995,0.060210701660690216,638.79999999999995,0.045435390758119074,638.79999999999995,0.045517323228469943,638.79999999999995,0.039290328323287806,638.79999999999995,0.039512474250400539,638.79999999999995,0.033641480803302738,638.79999999999995,0.034016767969617591,638.79999999999995,0.10591100599340469,638.79999999999995,0.10524812865050906,638.79999999999995,0.073393309766621728,638.79999999999995,0.073644871697057551,638.79999999999995,0.062933462187296008,638.79999999999995,0.062144019735001652,638.79999999999995,0.048690521604231832,638.79999999999995,0.048229995846155151
639.5,0.041701126624450038,639.5,0.042946644286767886,639.5,0.039989954477251344,639.5,0.033887998779278249,639.5,0.031079745343879014,639.5,0.031130566364029392,639.5,0.030746250943092326,639.5,0.027156608428066425,639.5,0.046917380873663782,639.5,0.047056492289955336,639.5,0.037201622542661683,639.5,0.037052296058933738,639.5,0.035716834939769251,639.5,0.033888804116545018,639.5,0.029653620202944993,639.5,0.029635987555419914,639.5,0.065709883607571865,639.5,0.078083594008290735,639.5,0.065061926197197417,639.5,0.056614192585810803,639.5,0.047909471613980646,639.5,0.047801386875545714,639.5,0.038804455634393831,639.5,0.038823868501140196,639.5,0.12345527834999109,639.5,0.12189644210472775,639.5,0.085217949696091158,639.5,0.085877097055856499,639.5,0.071710663513135472,639.5,0.071403787628324139,639.5,0.055158058035146611,639.5,0.054721353305697551,639.5,0.031765807922823262,639.5,0.031383866127514565,639.5,0.026042615057263716,639.5,0.027083195578274551,639.5,0.025534743945135333,639.5,0.025474597967159195,639.5,0.02409374125785204,639.5,0.023986165153480329,639.5,0.035160262116087249,639.5,0.035175902613531367,639.5,0.030185015640497442,639.5,0.030152081584903748,639.5,0.027968006917423259,639.5,0.028393140221933996,639.5,0.024676805438993581,639.5,0.025689877334418416,639.5,0.059067800920627654,639.5,0.059013716165238254,639.5,0.044580885531904077,639.5,0.044726397260157848,639.5,0.039130956316811211,639.5,0.039320041029814436,639.5,0.033233725829285458,639.5,0.033316548409246964,639.5,0.10323728626772802,639.5,0.10221751735713741,639.5,0.071767376211184855,639.5,0.07219356916999399,639.5,0.061235472139569182,639.5,0.060908038961369239,639.5,0.047560506260437591,639.5,0.047255961615082692
640.20000000000005,0.041523104702321914,640.20000000000005,0.042083661826165825,640.20000000000005,0.039804303044174871,640.20000000000005,0.033920212269949054,640.20000000000005,0.030842382781041511,640.20000000000005,0.030699922857167071,640.20000000000005,0.030948009121504198,640.20000000000005,0.027494850080109864,640.20000000000005,0.046329060807202269,640.20000000000005,0.045969710841535068,640.20000000000005,0.036581936708968067,640.20000000000005,0.036814085772657532,640.20000000000005,0.035075108296669287,640.20000000000005,0.033262336495341757,640.20000000000005,0.029196697269482808,640.20000000000005,0.029223146240770409,640.20000000000005,0.063475284623144543,640.20000000000005,0.07586510176919882,640.20000000000005,0.063937844917474132,640.20000000000005,0.055754601018963575,640.20000000000005,0.04745678729771198,640.20000000000005,0.046912972711782498,640.20000000000005,0.038343294083738128,640.20000000000005,0.038661953324347471,640.20000000000005,0.12093499656672006,640.20000000000005,0.12031798106185836,640.20000000000005,0.083744606359621235,640.20000000000005,0.084647898069733732,640.20000000000005,0.070707806685147048,640.20000000000005,0.069746488305655177,640.20000000000005,0.054422234090350373,640.20000000000005,0.053554038130600272,640.20000000000005,0.032099810957673169,640.20000000000005,0.031939124979866576,640.20000000000005,0.026364749963971753,640.20000000000005,0.027346837567711911,640.20000000000005,0.02549320549663877,640.20000000000005,0.025431364071785222,640.20000000000005,0.02360121393996422,640.20000000000005,0.024087044242686265,640.20000000000005,0.034913574595423984,640.20000000000005,0.034989403457016184,640.20000000000005,0.029698422386680572,640.20000000000005,0.029756194739028349,640.20000000000005,0.027690801352966605,640.20000000000005,0.028359231284385788,640.20000000000005,0.024488610835600992,640.20000000000005,0.025383001449607083,640.20000000000005,0.057723311546840961,640.20000000000005,0.057807405711960531,640.20000000000005,0.043827259394895013,640.20000000000005,0.043870196587065438,640.20000000000005,0.038452777565846918,640.20000000000005,0.03890889516204233,640.20000000000005,0.032926849944474118,640.20000000000005,0.033052058696370894,640.20000000000005,0.10061442994837363,640.20000000000005,0.10002445682120664,640.20000000000005,0.070657706229919556,640.20000000000005,0.070711748599137009,640.20000000000005,0.060126649881742572,640.20000000000005,0.059275323618422728,640.20000000000005,0.046448293108856162,640.20000000000005,0.046898222323949031
640.89999999999998,0.041817264735552674,640.89999999999998,0.041527555250375117,640.89999999999998,0.039505056670311879,640.89999999999998,0.033227622220526776,640.89999999999998,0.029880216678110933,640.89999999999998,0.030204004645524439,640.89999999999998,0.030487695294287191,640.89999999999998,0.027034536252892854,640.89999999999998,0.045632232140586461,640.89999999999998,0.044749836813238054,640.89999999999998,0.036873553571882704,640.89999999999998,0.036059611912209757,640.89999999999998,0.034624967150716744,640.89999999999998,0.033093639531039394,640.89999999999998,0.028908471300322983,640.89999999999998,0.028786568669837146,640.89999999999998,0.062691988165780796,640.89999999999998,0.074564694014224789,640.89999999999998,0.062536558073294168,640.89999999999998,0.053803989386502542,640.89999999999998,0.0461139933708027,640.89999999999998,0.046288200537456664,640.89999999999998,0.03824665361172571,640.89999999999998,0.038067699193815016,640.89999999999998,0.1176797385620915,640.89999999999998,0.11826394716987527,640.89999999999998,0.08162445003941915,640.89999999999998,0.082954994362639145,640.89999999999998,0.068878419504420876,640.89999999999998,0.068256190500411151,640.89999999999998,0.053694887379941172,640.89999999999998,0.053058119918957633,640.89999999999998,0.031014724956130314,640.89999999999998,0.031047319922348538,640.89999999999998,0.026506319778235546,640.89999999999998,0.026993336893771779,640.89999999999998,0.025245670252536809,640.89999999999998,0.025410170985817587,640.89999999999998,0.023402846655307171,640.89999999999998,0.023545348965353544,640.89999999999998,0.034627044073141572,640.89999999999998,0.034624882378372884,640.89999999999998,0.029904419182285973,640.89999999999998,0.029433212108881605,640.89999999999998,0.027554317879335044,640.89999999999998,0.028026923696413283,640.89999999999998,0.024153760077312379,640.89999999999998,0.025220238549375652,640.89999999999998,0.057051066859947611,640.89999999999998,0.056614658833702092,640.89999999999998,0.043078719598518181,640.89999999999998,0.043296287819061918,640.89999999999998,0.03812555631850665,640.89999999999998,0.038535896849011979,640.89999999999998,0.032735264447326697,640.89999999999998,0.032934225138390852,640.89999999999998,0.099194493188542177,640.89999999999998,0.097001475038783341,640.89999999999998,0.069248789874791244,640.89999999999998,0.069620728533523218,640.89999999999998,0.058717733526614267,640.89999999999998,0.059115103888507416,640.89999999999998,0.046132939989657763,640.89999999999998,0.046064910183701673
641.70000000000005,0.040963607232776374,641.70000000000005,0.040770538219611227,641.70000000000005,0.038812466620889607,641.70000000000005,0.033119961343811191,641.70000000000005,0.029777642142027588,641.70000000000005,0.029867458440358416,641.70000000000005,0.030385120758203838,641.70000000000005,0.026803107754126296,641.70000000000005,0.045334681213600882,641.70000000000005,0.044235268685943907,641.70000000000005,0.036342878699253151,641.70000000000005,0.035737477005501721,641.70000000000005,0.033904402227817196,641.70000000000005,0.032796088604053808,641.70000000000005,0.028376100980816017,641.70000000000005,0.028496647253799915,641.70000000000005,0.061627247526766862,641.70000000000005,0.073529623695565538,641.70000000000005,0.06122682536049439,641.70000000000005,0.053440316031297952,641.70000000000005,0.04594614412993904,641.70000000000005,0.046155107957579912,641.70000000000005,0.037862634893992185,641.70000000000005,0.037754889244932734,641.70000000000005,0.11594783957681645,641.70000000000005,0.11634385358120765,641.70000000000005,0.080211295067097302,641.70000000000005,0.081407899087001856,641.70000000000005,0.068028152895399402,641.70000000000005,0.0665387028135941,641.70000000000005,0.052621669506540195,641.70000000000005,0.052329077761671033,641.70000000000005,0.030634097132151608,641.70000000000005,0.031202453311631618,641.70000000000005,0.026591092122106082,641.70000000000005,0.026898391868636781,641.70000000000005,0.024745513423700651,641.70000000000005,0.025341505387282453,641.70000000000005,0.023329942439578512,641.70000000000005,0.023608928223256442,641.70000000000005,0.033664030246772288,641.70000000000005,0.034718979680069186,641.70000000000005,0.029177920195315482,641.70000000000005,0.029329789849359553,641.70000000000005,0.027424616193213125,641.70000000000005,0.027905699244678419,641.70000000000005,0.024376711341691892,641.70000000000005,0.025594084585844716,641.70000000000005,0.055947330942753233,641.70000000000005,0.055688097115197142,641.70000000000005,0.042290336800522195,641.70000000000005,0.042667277027542541,641.70000000000005,0.037576231530225573,641.70000000000005,0.037431313208378891,641.70000000000005,0.032615735442469249,641.70000000000005,0.032652780956740672,641.70000000000005,0.097488873629866996,641.70000000000005,0.09546370472097182,641.70000000000005,0.067643201681883286,641.70000000000005,0.068461042869374295,641.70000000000005,0.058198926782126591,641.70000000000005,0.0576561718504955,641.70000000000005,0.04537592295889388,641.70000000000005,0.045875867856870374
642.39999999999998,0.040243042309876832,642.39999999999998,0.040225452048523687,642.39999999999998,0.038542890567381298,642.39999999999998,0.032396853250595534,642.39999999999998,0.029856480421827182,642.39999999999998,0.030009875978060915,642.39999999999998,0.029608606088349736,642.39999999999998,0.026711553622746118,642.39999999999998,0.044357256088773604,642.39999999999998,0.043724091452404579,642.39999999999998,0.036538702813594087,642.39999999999998,0.035523002975509269,642.39999999999998,0.033735705263514833,642.39999999999998,0.033109746276374794,642.39999999999998,0.028539711604486154,642.39999999999998,0.028890838652797905,642.39999999999998,0.062028220713274497,642.39999999999998,0.072140204979527472,642.39999999999998,0.060332477132660239,642.39999999999998,0.052777396302230356,642.39999999999998,0.045020430134872794,642.39999999999998,0.044981858718411705,642.39999999999998,0.038099997456829682,642.39999999999998,0.037402236294431304,642.39999999999998,0.11309355475869554,642.39999999999998,0.1131072454922306,642.39999999999998,0.078776099285369133,642.39999999999998,0.079582750523469234,642.39999999999998,0.066131795563015516,642.39999999999998,0.065985987131558191,642.39999999999998,0.050997431397980728,642.39999999999998,0.051492374727668842,642.39999999999998,0.030499309105397453,642.39999999999998,0.030511558709086749,642.39999999999998,0.026498690267287198,642.39999999999998,0.027004357298474949,642.39999999999998,0.024683629612675156,642.39999999999998,0.025557674864152318,642.39999999999998,0.023276535862940075,642.39999999999998,0.02377253884692658,642.39999999999998,0.033530937666895549,642.39999999999998,0.034314615599806725,642.39999999999998,0.029432237226927085,642.39999999999998,0.029039020709883616,642.39999999999998,0.027720471673321291,642.39999999999998,0.027798886091401544,642.39999999999998,0.02437077727762095,642.39999999999998,0.025659359290625031,642.39999999999998,0.055309842916846805,642.39999999999998,0.055306621567779733,642.39999999999998,0.041702864457499385,642.39999999999998,0.042630824919678213,642.39999999999998,0.03701842950755746,642.39999999999998,0.037133762281393312,642.39999999999998,0.032770021108313625,642.39999999999998,0.031914413841628304,642.39999999999998,0.095883285436959037,642.39999999999998,0.093017174876868169,642.39999999999998,0.065973186507633744,642.39999999999998,0.067339504759967098,642.39999999999998,0.056616227122063684,642.39999999999998,0.056928825140086306,642.39999999999998,0.044868136619109378,642.39999999999998,0.04482808168663055
643.10000000000002,0.038845994082890391,643.10000000000002,0.039465891847443695,643.10000000000002,0.03779265532412706,643.10000000000002,0.032987716487373163,643.10000000000002,0.029460593575951783,643.10000000000002,0.029614836855624219,643.10000000000002,0.029603519747717504,643.10000000000002,0.026916702694912812,643.10000000000002,0.0434230648593203,643.10000000000002,0.042974703932589037,643.10000000000002,0.035199299780439626,643.10000000000002,0.035016064359163469,643.10000000000002,0.033342361587955546,643.10000000000002,0.033008867187168861,643.10000000000002,0.027923416664547358,643.10000000000002,0.028884056865288263,643.10000000000002,0.060837169281893477,643.10000000000002,0.071146673109364802,643.10000000000002,0.059218568534201398,643.10000000000002,0.052576485847257187,643.10000000000002,0.044997541602027749,643.10000000000002,0.044430838483253215,643.10000000000002,0.037467595771555479,643.10000000000002,0.036585030899519345,643.10000000000002,0.11102256639793834,643.10000000000002,0.11033434212422538,643.10000000000002,0.077718140433864838,643.10000000000002,0.077096377677746408,643.10000000000002,0.064984825750447187,643.10000000000002,0.064978891686376244,643.10000000000002,0.050526944889499249,643.10000000000002,0.050958308961284463,643.10000000000002,0.030411145867772094,643.10000000000002,0.030697210142163221,643.10000000000002,0.026190966659037154,643.10000000000002,0.026298203674033384,643.10000000000002,0.024203818146367927,643.10000000000002,0.024790485152123971,643.10000000000002,0.022969659978128734,643.10000000000002,0.024126887244305423,643.10000000000002,0.033264752507142066,643.10000000000002,0.034190000254317038,643.10000000000002,0.029262692539186015,643.10000000000002,0.028788942295465532,643.10000000000002,0.027647567457592632,643.10000000000002,0.027635275467731407,643.10000000000002,0.02437077727762095,643.10000000000002,0.025032043945983063,643.10000000000002,0.054170502615226802,643.10000000000002,0.05396043674711562,643.10000000000002,0.04084157744377475,643.10000000000002,0.042290887820757357,643.10000000000002,0.036818366776022994,643.10000000000002,0.036585285216550946,643.10000000000002,0.032352093453031888,643.10000000000002,0.03142951603468884,643.10000000000002,0.093378262675584717,643.10000000000002,0.09189139815026745,643.10000000000002,0.064515949916499227,643.10000000000002,0.065558437815247159,643.10000000000002,0.055743071980197172,643.10000000000002,0.055739469155582685,643.10000000000002,0.043863584344243534,643.10000000000002,0.044093953188711704
643.79999999999995,0.038378050744725035,643.79999999999995,0.038351983248984853,643.79999999999995,0.037740096470927319,643.79999999999995,0.032358705695853786,643.79999999999995,0.029335978230462096,643.79999999999995,0.029720802285462387,643.79999999999995,0.028994006595288353,643.79999999999995,0.027118460873324684,643.79999999999995,0.042603316294092218,643.79999999999995,0.042055771725032436,643.79999999999995,0.034750006357925793,643.79999999999995,0.034660020514907221,643.79999999999995,0.033237243881556085,643.79999999999995,0.032614675788170865,643.79999999999995,0.028087875011656199,643.79999999999995,0.028105846748556745,643.79999999999995,0.059916541627459456,643.79999999999995,0.068917160465569713,643.79999999999995,0.057976653696498057,643.79999999999995,0.051003958868458751,643.79999999999995,0.043930257792697713,643.79999999999995,0.042988860914015409,643.79999999999995,0.036978459347422492,643.79999999999995,0.035867856870374616,643.79999999999995,0.10820897230487525,643.79999999999995,0.10774200384866439,643.79999999999995,0.076036257131473439,643.79999999999995,0.075504353059857754,643.79999999999995,0.063796317489382262,643.79999999999995,0.063881937556691512,643.79999999999995,0.049630901214787693,643.79999999999995,0.050113128692895227,643.79999999999995,0.030428948059984907,643.79999999999995,0.029549392606156168,643.79999999999995,0.026174859913701755,643.79999999999995,0.026449946169561648,643.79999999999995,0.024658197909513995,643.79999999999995,0.024793876045878793,643.79999999999995,0.022682281732407619,643.79999999999995,0.023912413214312964,643.79999999999995,0.03333426582911591,643.79999999999995,0.033845824538202667,643.79999999999995,0.028790510583827127,643.79999999999995,0.028374405533938614,643.79999999999995,0.027211837610098079,643.79999999999995,0.026913862821393152,643.79999999999995,0.02453862651848461,643.79999999999995,0.024466612412366591,643.79999999999995,0.053424505989166093,643.79999999999995,0.053300907911802857,643.79999999999995,0.040622864796588769,643.79999999999995,0.041557607046277222,643.79999999999995,0.036448759356747455,643.79999999999995,0.036848079482549617,643.79999999999995,0.03220543729813586,643.79999999999995,0.031129421937387144,643.79999999999995,0.091185202139653962,643.79999999999995,0.090503674881106777,643.79999999999995,0.063646185668387548,643.79999999999995,0.064399599874536931,643.79999999999995,0.053960309588599806,643.79999999999995,0.054897679780948269,643.79999999999995,0.043523647245322677,643.79999999999995,0.043093639531039389
644.60000000000002,0.038293278400854502,644.60000000000002,0.038175656773734135,644.60000000000002,0.037022074718343886,644.60000000000002,0.032739333519832492,644.60000000000002,0.028782414824987498,644.60000000000002,0.029619923196256448,644.60000000000002,0.028758339479328265,644.60000000000002,0.026851427990132497,644.60000000000002,0.041914964861863468,644.60000000000002,0.041981172062426367,644.60000000000002,0.034326992362011817,644.60000000000002,0.034095436704729455,644.60000000000002,0.032951561082712383,644.60000000000002,0.032037376126412526,644.60000000000002,0.027774217339335217,644.60000000000002,0.027731152988648977,644.60000000000002,0.058849257818129407,644.60000000000002,0.067826988123394633,644.60000000000002,0.057224723006366406,644.60000000000002,0.050122326492205181,644.60000000000002,0.043556411756228645,644.60000000000002,0.043255893797207595,644.60000000000002,0.036157015335317004,644.60000000000002,0.035460949619796046,644.60000000000002,0.10629226960996244,644.60000000000002,0.10464357468019632,644.60000000000002,0.074711265396776957,644.60000000000002,0.073442689656926324,644.60000000000002,0.063387714791926286,644.60000000000002,0.062057636716597579,644.60000000000002,0.049618185363207112,644.60000000000002,0.049414604579402013,644.60000000000002,0.030250926137856782,644.60000000000002,0.029292532404228445,644.60000000000002,0.025969710841535057,644.60000000000002,0.026149852072259946,644.60000000000002,0.024085984588387878,644.60000000000002,0.024558208929918706,644.60000000000002,0.023271449522307846,644.60000000000002,0.023580105626340463,644.60000000000002,0.032732382187635106,644.60000000000002,0.033758509024016017,644.60000000000002,0.028260683434636284,644.60000000000002,0.028386273662080488,644.60000000000002,0.026942261556589773,644.60000000000002,0.026759577155548778,644.60000000000002,0.02425972550715055,644.60000000000002,0.024569186948449936,644.60000000000002,0.052703941066266545,644.60000000000002,0.051881818875410088,644.60000000000002,0.039919254342463316,644.60000000000002,0.040963352915744766,644.60000000000002,0.036845493926061561,644.60000000000002,0.036407263294422822,644.60000000000002,0.031646787552029022,644.60000000000002,0.031210803387502865,644.60000000000002,0.089115061502335488,644.60000000000002,0.089103235760365537,644.60000000000002,0.062455134237006514,644.60000000000002,0.063105973907072566,644.60000000000002,0.053313496604867623,644.60000000000002,0.05452892008511144,644.60000000000002,0.042640319422191701,644.60000000000002,0.042779134135279701
645.29999999999995,0.038182226630384106,645.29999999999995,0.03784589235607775,645.29999999999995,0.036624492425591078,645.29999999999995,0.031928062188991461,645.29999999999995,0.029183388011495132,645.29999999999995,0.029856438035655245,645.29999999999995,0.028740537287115453,645.29999999999995,0.026914159524596696,645.29999999999995,0.041742029280367576,645.29999999999995,0.0418133228215627,645.29999999999995,0.033972643964632974,645.29999999999995,0.03464730466332664,645.29999999999995,0.032364936463128269,645.29999999999995,0.031273577308138997,645.29999999999995,0.028062443308495038,645.29999999999995,0.027292879970838312,645.29999999999995,0.057890482608953651,645.29999999999995,0.065595780032722123,645.29999999999995,0.056157439197036363,645.29999999999995,0.049471274891279469,645.29999999999995,0.04276379034103913,645.29999999999995,0.042152157880013218,645.29999999999995,0.035554283970397491,645.29999999999995,0.035367700041538455,645.29999999999995,0.10405427973178029,645.29999999999995,0.10321176979222298,645.29999999999995,0.073030229817824241,645.29999999999995,0.072873867229555037,645.29999999999995,0.062855344472419306,645.29999999999995,0.060768249366326743,645.29999999999995,0.048817934437069249,645.29999999999995,0.048654196654883304,645.29999999999995,0.029777896459059195,645.29999999999995,0.029492595135762908,645.29999999999995,0.025963776777464122,645.29999999999995,0.026662724752676691,645.29999999999995,0.024660741079830111,645.29999999999995,0.02515670167764469,645.29999999999995,0.023580868577435299,645.29999999999995,0.023369022490102833,645.29999999999995,0.032819697701821755,645.29999999999995,0.033389749328179182,645.29999999999995,0.028391232844196906,645.29999999999995,0.028387121385519194,645.29999999999995,0.026783737273551874,645.29999999999995,0.026792638369658287,645.29999999999995,0.024316522977543806,645.29999999999995,0.02531179268075583,645.29999999999995,0.052078321168501994,645.29999999999995,0.051215508252587673,645.29999999999995,0.040006569856649972,645.29999999999995,0.03999525274874325,645.29999999999995,0.036297864584657905,645.29999999999995,0.036110560090875952,645.29999999999995,0.031034731229283758,645.29999999999995,0.031356611818960184,645.29999999999995,0.087236506362164401,645.29999999999995,0.086957647737002292,645.29999999999995,0.061510770326288745,645.29999999999995,0.062292159405915419,645.29999999999995,0.052773496774412315,645.29999999999995,0.054143205920500495,645.29999999999995,0.042219848596593848,645.29999999999995,0.042719793494570328
646,0.03758797249985165,646,0.038009502979747888,646,0.036604994786500852,646,0.031881437399862669,646,0.029215601502165931,646,0.029235056755084216,646,0.028717648754270405,646,0.026225808092367946,646,0.040943473801107133,646,0.041370811186558491,646,0.033569127607809231,646,0.033808906182447036,646,0.032034324322033181,646,0.031662682366504748,646,0.027433432516975664,646,0.027612471707230229,646,0.057390325780117483,646,0.064470003306121418,646,0.055853954205979842,646,0.048982138467146476,646,0.042082220696320026,646,0.041838500207692239,646,0.03496681162737468,646,0.034503869857497697,646,0.10222997889168638,646,0.10104075006569853,646,0.071373778218593961,646,0.071391198935259373,646,0.061332833176504488,646,0.060490196078431376,646,0.048073633257885953,646,0.047751371192662102,646,0.028954757000076294,646,0.029285750616718804,646,0.025785754855335997,646,0.026506743639954901,646,0.024208056763561452,646,0.024652306231615004,646,0.0235495028102032,646,0.023630969032662787,646,0.032999415070827293,646,0.033477064842365831,646,0.028737951730627397,646,0.028097199969481963,646,0.026719310292210269,646,0.026738384069581143,646,0.024438595152717377,646,0.024883692344209625,646,0.051303501945525284,646,0.05063905631426803,646,0.039169866822647781,646,0.039860464721989099,646,0.035860439290285942,646,0.035807075099819438,646,0.030715987216330547,646,0.031237930537541436,646,0.086089536549596044,646,0.085202860218882195,646,0.060611335757822363,646,0.060921390605528855,646,0.05192662105914566,646,0.053599815196290361,646,0.04113391487161229,646,0.042329840712765868
646.70000000000005,0.036610547375024373,646.70000000000005,0.037418639742970251,646.70000000000005,0.036124335596754917,646.70000000000005,0.031184608733246862,646.70000000000005,0.029163890372404907,646.70000000000005,0.028625543602655065,646.70000000000005,0.028611683324432237,646.70000000000005,0.025956232038859644,646.70000000000005,0.040868874138501064,646.70000000000005,0.040740952671600418,646.70000000000005,0.032838390003645204,646.70000000000005,0.033574934513364366,646.70000000000005,0.03157570594169358,646.70000000000005,0.031043844256249838,646.70000000000005,0.027349507896543834,646.70000000000005,0.027459033764824562,646.70000000000005,0.055967845849969902,646.70000000000005,0.063214524893398794,646.70000000000005,0.054757847799733826,646.70000000000005,0.047945372701609826,646.70000000000005,0.041393869264091276,646.70000000000005,0.041001797173690048,646.70000000000005,0.034363232539016464,646.70000000000005,0.03375024372048864,646.70000000000005,0.099743606045963565,646.70000000000005,0.10005569542992292,646.70000000000005,0.069566431847274138,646.70000000000005,0.069720336037571121,646.70000000000005,0.060149411256071816,646.70000000000005,0.059515314123920221,646.70000000000005,0.046830022973305192,646.70000000000005,0.046679848766138531,646.70000000000005,0.028700439968464685,646.70000000000005,0.029523113179556304,646.70000000000005,0.025806100217864923,646.70000000000005,0.026177826945737226,646.70000000000005,0.024596314098488503,646.70000000000005,0.024591270144028218,646.70000000000005,0.022850130973271279,646.70000000000005,0.023469901579308769,646.70000000000005,0.032748488932970506,646.70000000000005,0.032659859447453865,646.70000000000005,0.028416664547358066,646.70000000000005,0.028015818519366249,646.70000000000005,0.026247128336851385,646.70000000000005,0.02638827428939583,646.70000000000005,0.024801420784483271,646.70000000000005,0.024573425565643466,646.70000000000005,0.050259106669040286,646.70000000000005,0.050195696955825139,646.70000000000005,0.038421327026270956,646.70000000000005,0.039134813458457318,646.70000000000005,0.034570204216576375,646.70000000000005,0.035073794325339296,646.70000000000005,0.030404024990886971,646.70000000000005,0.030943770504310672,646.70000000000005,0.084083822893619181,646.70000000000005,0.083687130710477009,646.70000000000005,0.0595567678000729,646.70000000000005,0.059732034621025235,646.70000000000005,0.05152140925544451,646.70000000000005,0.051979815704924423,646.70000000000005,0.040518467655112196,646.70000000000005,0.041469401422479936
647.5,0.036262133041716479,647.5,0.036445453235336496,647.5,0.035586878936615725,647.5,0.030568313793308072,647.5,0.028596763391911022,647.5,0.028152513923857477,647.5,0.028281071183337145,647.5,0.025990140976407856,647.5,0.040150004662478915,647.5,0.039914422318862684,647.5,0.032810415130167934,647.5,0.031854055932792481,647.5,0.03134936378355925,647.5,0.030441960614769035,647.5,0.027055347863313074,647.5,0.027059756025194334,647.5,0.054856480421827176,647.5,0.061792892686689901,647.5,0.053939794681383151,647.5,0.046101574222425674,647.5,0.040458830311199276,647.5,0.040552503751176215,647.5,0.034130108593372496,647.5,0.033278061765129749,647.5,0.097871832693302116,647.5,0.096329950916812887,647.5,0.068102413468629983,647.5,0.067690038401871766,647.5,0.058126743131320838,647.5,0.058704890516517894,647.5,0.045096428541152735,647.5,0.045594762764595675,647.5,0.0278637369344625,647.5,0.028744055339386079,647.5,0.025175393979468139,647.5,0.025564922899553255,647.5,0.023786738214524893,647.5,0.024118240465230627,647.5,0.022845044632639047,647.5,0.023347829404135198,647.5,0.032411095004365773,647.5,0.032320770071971726,647.5,0.027754592541729184,647.5,0.027669947356374461,647.5,0.025605401693751431,647.5,0.025765197561947388,647.5,0.024550494646626484,647.5,0.023938480710053153,647.5,0.048767961140357571,647.5,0.049668412976950405,647.5,0.037888108983325279,647.5,0.038518518518518514,647.5,0.034048854301772589,647.5,0.034385442893110546,647.5,0.030316709476700322,647.5,0.030359689055042684,647.5,0.082358705695853796,647.5,0.082197680628671707,647.5,0.058108856166764145,647.5,0.057894170205912025,647.5,0.049530954621364323,647.5,0.050541229029441442,647.5,0.039904715885489515,647.5,0.040546230597729799
648.20000000000005,0.035546654459449142,648.20000000000005,0.035773208548443153,648.20000000000005,0.034220348753422683,648.20000000000005,0.030600527283978878,648.20000000000005,0.028138992735010127,648.20000000000005,0.027868526571891185,648.20000000000005,0.028521824639929468,648.20000000000005,0.026384332375405849,648.20000000000005,0.039913489823080121,648.20000000000005,0.040005128726804166,648.20000000000005,0.032245831319990162,648.20000000000005,0.032273679034951631,648.20000000000005,0.031275611844391885,648.20000000000005,0.029175461797343236,648.20000000000005,0.027517357137407494,648.20000000000005,0.026978374575078623,648.20000000000005,0.053028788687978438,648.20000000000005,0.06087311275569459,648.20000000000005,0.052770784059408458,648.20000000000005,0.045750616718801651,648.20000000000005,0.039407653247204619,648.20000000000005,0.040087103583326969,648.20000000000005,0.033867314327373839,648.20000000000005,0.033555267329586407,648.20000000000005,0.09630184888481981,648.20000000000005,0.093962259352508834,648.20000000000005,0.066948661868552001,648.20000000000005,0.066546459483058235,648.20000000000005,0.057574027449284949,648.20000000000005,0.05716372930495156,648.20000000000005,0.044500478963742866,648.20000000000005,0.045166662428049467,648.20000000000005,0.028247755652196026,648.20000000000005,0.029451904410705054,648.20000000000005,0.02497448352449497,648.20000000000005,0.025438612107186152,648.20000000000005,0.023859642430253552,648.20000000000005,0.024221662724752679,648.20000000000005,0.022745013266871818,648.20000000000005,0.023066385222485022,648.20000000000005,0.031542178479692783,648.20000000000005,0.031964726227715477,648.20000000000005,0.027416350889685751,648.20000000000005,0.027904766748895842,648.20000000000005,0.025595229012486963,648.20000000000005,0.025809279180760071,648.20000000000005,0.024322457041614738,648.20000000000005,0.024027491671117215,648.20000000000005,0.04756673702771208,648.20000000000005,0.048178115171706386,648.20000000000005,0.037152285038529034,648.20000000000005,0.03769876995329044,648.20000000000005,0.033474945533769063,648.20000000000005,0.033704720971830152,648.20000000000005,0.029836050286954383,648.20000000000005,0.030257114518959332,648.20000000000005,0.080412332680586285,648.20000000000005,0.079912218237922078,648.20000000000005,0.056581258530217088,648.20000000000005,0.057161737154870593,648.20000000000005,0.049721692395073028,648.20000000000005,0.04912044454617126,648.20000000000005,0.039917431737070103,648.20000000000005,0.039496748980612562
648.89999999999998,0.03540423692174665,648.89999999999998,0.034784763018912708,648.89999999999998,0.034078778939158894,648.89999999999998,0.030527623068250215,648.89999999999998,0.027781253443876469,648.89999999999998,0.027868526571891185,648.89999999999998,0.028236989564524466,648.89999999999998,0.026311428159677186,648.89999999999998,0.039164102303264586,648.89999999999998,0.039044658070750998,648.89999999999998,0.032304324237260831,648.89999999999998,0.032238074650526014,648.89999999999998,0.030870400040690721,648.89999999999998,0.029250061459949305,648.89999999999998,0.027413087154446732,648.89999999999998,0.026308673058501392,648.89999999999998,0.051974220730228969,648.89999999999998,0.059705797580597311,648.89999999999998,0.051505132965421356,648.89999999999998,0.045052940328747147,648.89999999999998,0.03895666437781338,648.89999999999998,0.039982833600366217,648.89999999999998,0.033544331697227099,648.89999999999998,0.033416240685638726,648.89999999999998,0.094429227808719679,648.89999999999998,0.090978272848265984,648.89999999999998,0.065435475530462944,648.89999999999998,0.065759772131939676,648.89999999999998,0.055997261853292984,648.89999999999998,0.056174436051982406,648.89999999999998,0.044253791443079608,648.89999999999998,0.044709739494587279,648.89999999999998,0.027997677237777945,648.89999999999998,0.028579596992277245,648.89999999999998,0.024520103761348899,648.89999999999998,0.02550219136508906,648.89999999999998,0.023623127590854755,648.89999999999998,0.024052118037011606,648.89999999999998,0.022522062002492307,648.89999999999998,0.022676432440680554,648.89999999999998,0.031247170723023323,648.89999999999998,0.031647677661639666,648.89999999999998,0.027032332171952222,648.89999999999998,0.027152836058764195,648.89999999999998,0.025631681120351295,648.89999999999998,0.02557445978823869,648.89999999999998,0.024141044225731795,648.89999999999998,0.024078355077439537,648.89999999999998,0.046373142426014945,648.89999999999998,0.047115917703008575,648.89999999999998,0.037334545577850681,648.89999999999998,0.037185049549434988,648.89999999999998,0.033663987860600361,648.89999999999998,0.033593669201359748,648.89999999999998,0.029808075413477103,648.89999999999998,0.030148605918805051,648.89999999999998,0.078258267422835981,648.89999999999998,0.077808168663055371,648.89999999999998,0.055923425141781738,648.89999999999998,0.056025787747005416,648.89999999999998,0.047977077558217403,648.89999999999998,0.048193882827666304,648.89999999999998,0.038761136966675991,648.89999999999998,0.039160202775446538
649.60000000000002,0.03505073624780651,649.60000000000002,0.034906835194086286,649.60000000000002,0.0334472249773234,649.60000000000002,0.030517450386985747,649.60000000000002,0.027337894085433564,649.60000000000002,0.027388715105583956,649.60000000000002,0.027747005416952773,649.60000000000002,0.025448445699075135,649.60000000000002,0.038596975322770705,649.60000000000002,0.038483465154328052,649.60000000000002,0.032066113950984632,649.60000000000002,0.03219823164890686,649.60000000000002,0.030781389079626662,649.60000000000002,0.029403499402354975,649.60000000000002,0.027377482770021111,649.60000000000002,0.026462958724345766,649.60000000000002,0.050609385993913354,649.60000000000002,0.059091198087535934,649.60000000000002,0.050585353034426045,649.60000000000002,0.044698591931368305,649.60000000000002,0.038285267414358733,649.60000000000002,0.039798877614167151,649.60000000000002,0.033123013148190536,649.60000000000002,0.032542237820333511,649.60000000000002,0.092074252095996192,649.60000000000002,0.089679560540169387,649.60000000000002,0.06426307401473344,649.60000000000002,0.065139238574807357,649.60000000000002,0.055174122394310084,649.60000000000002,0.055141908903639285,649.60000000000002,0.044303807125963227,649.60000000000002,0.04424518705017675,649.60000000000002,0.028403736764917809,649.60000000000002,0.028587226503225593,649.60000000000002,0.024675237150631975,649.60000000000002,0.025119868094232941,649.60000000000002,0.023520553054771406,649.60000000000002,0.02409196103863076,649.60000000000002,0.022570382238498509,649.60000000000002,0.022447547112230109,649.60000000000002,0.030732602595729169,649.60000000000002,0.031201775132880652,649.60000000000002,0.027128124920525926,649.60000000000002,0.027037545671100265,649.60000000000002,0.025757991912718395,649.60000000000002,0.025336249501962484,649.60000000000002,0.023913006620720056,649.60000000000002,0.023983410052304536,649.60000000000002,0.046069657434958416,649.60000000000002,0.045829921246492544,649.60000000000002,0.036578376270525501,649.60000000000002,0.036711172147198691,649.60000000000002,0.032773878249959733,649.60000000000002,0.033584344243533994,649.60000000000002,0.029711434941464693,649.60000000000002,0.030046031382721699,649.60000000000002,0.076973966413197356,649.60000000000002,0.075788891432059219,649.60000000000002,0.055347820926900805,649.60000000000002,0.055334045421021855,649.60000000000002,0.047869416681501825,649.60000000000002,0.047316489068606263,649.60000000000002,0.037703178115171702,649.60000000000002,0.038887235828183417
650.39999999999998,0.034808287344336782,650.39999999999998,0.033863287641039984,650.39999999999998,0.033558276747793804,650.39999999999998,0.029406084958843025,650.39999999999998,0.027031865924060938,650.39999999999998,0.027420928596254755,650.39999999999998,0.027207853309936164,650.39999999999998,0.025289921416037232,650.39999999999998,0.038202783923772708,650.39999999999998,0.037477217432584795,650.39999999999998,0.031355721709349541,650.39999999999998,0.031596348007426056,650.39999999999998,0.029575926349787642,650.39999999999998,0.029643405135508588,650.39999999999998,0.026600968100167006,650.39999999999998,0.0259941676627417,650.39999999999998,0.050199935573018661,650.39999999999998,0.057658545476123882,650.39999999999998,0.04944177411561252,650.39999999999998,0.043749141680018311,650.39999999999998,0.038221688156455838,650.39999999999998,0.039203775760195993,650.39999999999998,0.03308995193408102,650.39999999999998,0.0322090825089223,650.39999999999998,0.088924111797767089,650.39999999999998,0.087707755821740715,650.39999999999998,0.062711740121902629,650.39999999999998,0.063864262522994486,650.39999999999998,0.053691454100014406,650.39999999999998,0.053566838754524733,650.39999999999998,0.043179725846239921,650.39999999999998,0.043232157540923848,650.39999999999998,0.027795071335927367,650.39999999999998,0.027779346066139389,650.39999999999998,0.024289522986021037,650.39999999999998,0.024591736391919503,650.39999999999998,0.022970380543051633,650.39999999999998,0.023777455642871072,650.39999999999998,0.021904071615676101,650.39999999999998,0.022627264481235643,650.39999999999998,0.030944533455405508,650.39999999999998,0.030563439383535521,650.39999999999998,0.026419428125768248,650.39999999999998,0.026688283614353658,650.39999999999998,0.025574035926519328,650.39999999999998,0.025410001441129849,650.39999999999998,0.023690055356340552,650.39999999999998,0.023707899934725298,650.39999999999998,0.045416062663716589,650.39999999999998,0.044882166442019963,650.39999999999998,0.036079914888566753,650.39999999999998,0.035872773666319094,650.39999999999998,0.032543297474631874,650.39999999999998,0.033242711697735725,650.39999999999998,0.029785186880632059,650.39999999999998,0.029791714351110093,650.39999999999998,0.075630324762849366,650.39999999999998,0.074391843205072791,650.39999999999998,0.054558590405466116,650.39999999999998,0.053947169875299891,650.39999999999998,0.046704644676720662,650.39999999999998,0.046655264786416087,650.39999999999998,0.036336647931978661,650.39999999999998,0.03901354662055051
651.10000000000002,0.034654001678492405,651.10000000000002,0.034190508888380253,651.10000000000002,0.033039470003306121,651.10000000000002,0.029454405194849233,651.10000000000002,0.027192085653976249,651.10000000000002,0.027389562829022655,651.10000000000002,0.027454540830599426,651.10000000000002,0.025223798987818215,651.10000000000002,0.03756614362130499,651.10000000000002,0.036899917770826442,651.10000000000002,0.03085132626331985,651.10000000000002,0.030614684265405253,651.10000000000002,0.029559819604452239,651.10000000000002,0.02911612115663386,651.10000000000002,0.02636021464357468,651.10000000000002,0.026618939837067548,651.10000000000002,0.049371709773403528,651.10000000000002,0.056346269593007994,651.10000000000002,0.048717818298958146,651.10000000000002,0.04299636326644795,651.10000000000002,0.037479082424149934,651.10000000000002,0.038183964463433445,651.10000000000002,0.032941600332307593,651.10000000000002,0.032170087230741849,651.10000000000002,0.087051490721666958,651.10000000000002,0.086145401524206744,651.10000000000002,0.061513059179573254,651.10000000000002,0.062155252070564507,651.10000000000002,0.053108220374185118,651.10000000000002,0.052771674169019102,651.10000000000002,0.04217178267761925,651.10000000000002,0.042977840509312235,651.10000000000002,0.027060095114569822,651.10000000000002,0.027890397836609789,651.10000000000002,0.024496367505065144,651.10000000000002,0.024606147690377493,651.10000000000002,0.022678763680136993,651.10000000000002,0.023437518543950223,651.10000000000002,0.022170256775429584,651.10000000000002,0.022867170214389259,651.10000000000002,0.030524062629807652,651.10000000000002,0.030562591660096814,651.10000000000002,0.026370260166323337,651.10000000000002,0.027072302332087184,651.10000000000002,0.025457897815416696,651.10000000000002,0.025530378169426007,651.10000000000002,0.023242457380704122,651.10000000000002,0.02356039605639056,651.10000000000002,0.045024414435034708,651.10000000000002,0.044465086510176915,651.10000000000002,0.035738282342768497,651.10000000000002,0.035434500648508435,651.10000000000002,0.032174537778795045,651.10000000000002,0.032724752676686751,651.10000000000002,0.029335893458118222,651.10000000000002,0.029755262243245761,651.10000000000002,0.074603731678577187,651.10000000000002,0.073016835787492698,651.10000000000002,0.052706314691894914,651.10000000000002,0.053024846773988457,651.10000000000002,0.046424895941947902,651.10000000000002,0.046126285360663939,651.10000000000002,0.036653696498054472,651.10000000000002,0.037992039876910549
651.79999999999995,0.033924959521205798,651.79999999999995,0.033553020862473824,651.79999999999995,0.032724116884107736,651.79999999999995,0.029292490018056509,651.79999999999995,0.027334503191678749,651.79999999999995,0.027378542424319485,651.79999999999995,0.027323143697600097,651.79999999999995,0.025112747217347808,651.79999999999995,0.036851512762476377,651.79999999999995,0.036082712375914476,651.79999999999995,0.030496130142502308,651.79999999999995,0.030840178700100883,651.79999999999995,0.028840102404991391,651.79999999999995,0.028889778998499531,651.79999999999995,0.026233903851207583,651.79999999999995,0.026242550630282368,651.79999999999995,0.048704551427142417,651.79999999999995,0.055529064198096022,651.79999999999995,0.047813297389859538,651.79999999999995,0.042931088561667635,651.79999999999995,0.037022159490687753,651.79999999999995,0.037521892457804566,651.79999999999995,0.032805964582114738,651.79999999999995,0.032232818765206048,651.79999999999995,0.085497613658520044,651.79999999999995,0.084661037783033674,651.79999999999995,0.060249951255902275,651.79999999999995,0.060355535210193031,651.79999999999995,0.052070606885209758,651.79999999999995,0.051407687156142183,651.79999999999995,0.04117825080745658,651.79999999999995,0.041714732585641255,651.79999999999995,0.027032967964531245,651.79999999999995,0.027335138984257778,651.79999999999995,0.024617591956800008,651.79999999999995,0.024495943643345799,651.79999999999995,0.022801683578749267,651.79999999999995,0.023033154463687769,651.79999999999995,0.021723506523231857,651.79999999999995,0.022818849978383054,651.79999999999995,0.030707170892568008,651.79999999999995,0.030567678000729046,651.79999999999995,0.025714122224765393,651.79999999999995,0.026743385637869512,651.79999999999995,0.025403643515339552,651.79999999999995,0.025810974627637484,651.79999999999995,0.023355204598051932,651.79999999999995,0.023352703813907753,651.79999999999995,0.044075811907123418,651.79999999999995,0.044190424116036381,651.79999999999995,0.035364436306299436,651.79999999999995,0.035207310766935389,651.79999999999995,0.032034663411408662,651.79999999999995,0.031694768698659753,651.79999999999995,0.028976458720107155,651.79999999999995,0.02954926544764036,651.79999999999995,0.072698897111806243,651.79999999999995,0.071590117240151574,651.79999999999995,0.051540694963675047,651.79999999999995,0.052442460771597879,651.79999999999995,0.045412714156133703,651.79999999999995,0.04508528097793376,651.79999999999995,0.036735925671608889,651.79999999999995,0.03694001508947721
652.5,0.033787628324135531,652.5,0.033522502818680432,652.5,0.03224260997092309,652.5,0.029096665903715575,652.5,0.02720480150555683,652.5,0.027033518984766407,652.5,0.027340945889812902,652.5,0.024839780270084686,652.5,0.035879173978281324,652.5,0.035357908835821399,652.5,0.03060124784890177,652.5,0.030518891516831549,652.5,0.029086789925654652,652.5,0.028430312894721227,652.5,0.025993998118053967,652.5,0.025900918084484113,652.5,0.047677958342870225,652.5,0.054668624907810083,652.5,0.04705034629502472,652.5,0.042230869001297015,652.5,0.036479616489916322,652.5,0.036990369861736302,652.5,0.031632715342946517,652.5,0.031955613200749397,652.5,0.083407975382111338,652.5,0.0819898612276731,652.5,0.058996168290057042,652.5,0.059058518348973833,652.5,0.050807498961538779,652.5,0.05123814246840111,652.5,0.040166069021642381,652.5,0.041423963446165321,652.5,0.027088917711485801,652.5,0.026692564617719117,652.5,0.024957529055720858,652.5,0.024746869781202583,652.5,0.022784729109975161,652.5,0.023108601849732544,652.5,0.02220331798953909,652.5,0.022239854869747295,652.5,0.029980671905597521,652.5,0.029909844612293686,652.5,0.026068470622144228,652.5,0.026372082771716564,652.5,0.025231555657282367,652.5,0.025376092503581638,652.5,0.023034765138221305,652.5,0.023178920508973151,652.5,0.043677381890931899,652.5,0.044309105397455133,652.5,0.035006697015165768,652.5,0.035488754948585575,652.5,0.031494663580953347,652.5,0.031361613387248542,652.5,0.028441545230284072,652.5,0.029314446055118976,652.5,0.070198112967625445,652.5,0.0696157693514068,652.5,0.049991904241160366,652.5,0.051325161279384211,652.5,0.044080940633927597,652.5,0.044581733255342773,652.5,0.036646914710544827,652.5,0.035906640217695379
653.29999999999995,0.032973813822978384,653.29999999999995,0.032698515636258821,653.29999999999995,0.031751778099912691,653.29999999999995,0.028148911099242984,653.29999999999995,0.026612242821901787,653.29999999999995,0.026474869238659576,653.29999999999995,0.026747539482719157,653.29999999999995,0.024337927994371115,653.29999999999995,0.035151827267872138,653.29999999999995,0.034575460101896355,653.29999999999995,0.030385078372031905,653.29999999999995,0.030205233844510567,653.29999999999995,0.029128328374151215,653.29999999999995,0.028096309859871316,653.29999999999995,0.025700685808261913,653.29999999999995,0.025009113026966078,653.29999999999995,0.046400439120741245,653.29999999999995,0.053914151047362309,653.29999999999995,0.045744852199418456,653.29999999999995,0.041378059221959432,653.29999999999995,0.036394844146045782,653.29999999999995,0.036371531751481397,653.29999999999995,0.030980816018582099,653.29999999999995,0.031167230402753411,653.29999999999995,0.081167442333613088,653.29999999999995,0.08033256190500411,653.29999999999995,0.057807660028992139,653.29999999999995,0.057954782431779463,653.29999999999995,0.049440968778345751,653.29999999999995,0.050107279401168166,653.29999999999995,0.039565880827038991,653.29999999999995,0.04029479582580979,653.29999999999995,0.027711146715495537,653.29999999999995,0.026477242864287959,653.29999999999995,0.024525190101981127,653.29999999999995,0.024228910760153613,653.29999999999995,0.022569407356543995,653.29999999999995,0.023315446368776652,653.29999999999995,0.021921873807888913,653.29999999999995,0.021650687079847075,653.29999999999995,0.02987301102888194,653.29999999999995,0.029425794528792928,653.29999999999995,0.026008282257996149,653.29999999999995,0.026550104693844688,653.29999999999995,0.025011995286657682,653.29999999999995,0.024892042420080876,653.29999999999995,0.023248391444775054,653.29999999999995,0.022797444961555738,653.29999999999995,0.042444792011054312,653.29999999999995,0.042962920576791033,653.29999999999995,0.034035205954409432,653.29999999999995,0.034761408238176375,653.29999999999995,0.03067152412197045,653.29999999999995,0.031034392139908273,653.29999999999995,0.028244025669065725,653.29999999999995,0.028754948585573443,653.29999999999995,0.068821410103167946,653.29999999999995,0.067482049456185411,653.29999999999995,0.049402736451260136,653.29999999999995,0.049863686071056172,653.29999999999995,0.0433544416469571,653.29999999999995,0.043561921958580233,653.29999999999995,0.035746632418639734,653.29999999999995,0.035765918126870293
654,0.032974661546417094,654,0.032221247340267704,654,0.031626315030984301,654,0.02810906809762383,654,0.026718208251739959,654,0.026574052880988103,654,0.026726346396751522,654,0.024816891737239642,654,0.035002627942659986,654,0.034840797538211135,654,0.030198579215516726,654,0.029669472631248781,654,0.029085094478777242,654,0.028138696031806583,654,0.025410764392224682,654,0.025012503920720901,654,0.045947754804472579,654,0.052364512601408925,654,0.044903910548222743,654,0.040027635784101796,654,0.036405016827310246,654,0.036073133101057114,654,0.030390800505243173,654,0.030700134788026759,654,0.078909954816340722,654,0.078093724303383266,654,0.056487754634927896,654,0.057404609920059683,654,0.048609352084975792,654,0.049270576367165982,654,0.039163212193653943,654,0.039933665640921302,654,0.028115510795757991,654,0.026434856692352689,654,0.024068267168518943,654,0.024548502496545534,654,0.022627900273814665,654,0.023627408594220221,654,0.02211939336910726,654,0.021559132948466894,654,0.029748395683392249,654,0.029501241914837707,654,0.026411798614819897,654,0.026536541118825401,654,0.025054381458592949,654,0.024680111560404536,654,0.023046633266363185,654,0.023364571942049626,654,0.041712358960012887,654,0.042297457677407321,654,0.033752066325881853,654,0.034598645337944947,654,0.030279028169849866,654,0.031310749980926221,654,0.027898154506073941,654,0.028574383493129199,654,0.067604079245187049,654,0.066138407805837421,654,0.048058247077473436,654,0.048776904622635911,654,0.043366309775098977,654,0.043080415045395594,654,0.034986224494121032,654,0.035154709527563728
654.70000000000005,0.032222730856285443,654.70000000000005,0.032272110746590026,654.70000000000005,0.031348261743088933,654.70000000000005,0.027921721217669948,654.70000000000005,0.026050202182040131,654.70000000000005,0.026346862999415067,654.70000000000005,0.026012563261361615,654.70000000000005,0.024395573188203082,654.70000000000005,0.035049252731788785,654.70000000000005,0.034392351839135991,654.70000000000005,0.029735722217983599,654.70000000000005,0.029070132160084094,654.70000000000005,0.029231750633673271,654.70000000000005,0.027883531276756267,654.70000000000005,0.025662538253520172,654.70000000000005,0.024903995320566613,654.70000000000005,0.045249230690979372,654.70000000000005,0.051181938404414956,654.70000000000005,0.043959546637504975,654.70000000000005,0.039181607792273844,654.70000000000005,0.035820935378042262,654.70000000000005,0.035499224333053581,654.70000000000005,0.030256012478489018,654.70000000000005,0.030536524164356624,654.70000000000005,0.077471368140857741,654.70000000000005,0.075986283834761748,654.70000000000005,0.055590015513338926,654.70000000000005,0.05624492425591076,654.70000000000005,0.047770953604096195,654.70000000000005,0.047808253435399239,654.70000000000005,0.0393158024126209,654.70000000000005,0.039084246755338545,654.70000000000005,0.027255919228910758,654.70000000000005,0.026945186202453317,654.70000000000005,0.023897027033900457,654.70000000000005,0.023944075684748611,654.70000000000005,0.022486330459550872,654.70000000000005,0.023089951934081025,654.70000000000005,0.022249095055229179,654.70000000000005,0.021725286742453141,654.70000000000005,0.029277061451472072,654.70000000000005,0.029089248323626898,654.70000000000005,0.02645333706331646,654.70000000000005,0.0262042335308529,654.70000000000005,0.02458643812042759,654.70000000000005,0.024688588794791591,654.70000000000005,0.022903368005221979,654.70000000000005,0.023200961318379495,654.70000000000005,0.04146228054559481,654.70000000000005,0.040863109619117863,654.70000000000005,0.033256995837677925,654.70000000000005,0.033890796266625972,654.70000000000005,0.029672905911175541,654.70000000000005,0.030834329408373815,654.70000000000005,0.027564999194662737,654.70000000000005,0.028184430711324735,654.70000000000005,0.066274848893297045,654.70000000000005,0.064605723828658132,654.70000000000005,0.04748094741571509,654.70000000000005,0.048077532785703987,654.70000000000005,0.043022134058984599,654.70000000000005,0.042134355687800412,654.70000000000005,0.034785314039147863,654.70000000000005,0.034624882378372877
655.39999999999998,0.031932809440248212,655.39999999999998,0.031228563193543734,655.39999999999998,0.03116600120376728,655.39999999999998,0.027780151403406152,655.39999999999998,0.02582979408797674,655.39999999999998,0.026289217805583097,655.39999999999998,0.025864211659588174,655.39999999999998,0.024576986004086025,655.39999999999998,0.034277824402566909,655.39999999999998,0.033818443071132472,655.39999999999998,0.029276256114205298,655.39999999999998,0.029050634520993868,655.39999999999998,0.028469647262277152,655.39999999999998,0.027280799911836757,655.39999999999998,0.02567016776446852,655.39999999999998,0.024769207293812462,655.39999999999998,0.044297237269313262,655.39999999999998,0.049393241948746641,655.39999999999998,0.043489907852462213,655.39999999999998,0.038959504251333044,655.39999999999998,0.034462034705797576,655.39999999999998,0.034673541703754571,655.39999999999998,0.029734662563685225,655.39999999999998,0.030049083187101047,655.39999999999998,0.075739469155582689,655.39999999999998,0.073482108796826137,655.39999999999998,0.054156515178488164,655.39999999999998,0.054522350228461469,655.39999999999998,0.046856260013733116,655.39999999999998,0.046785898968320576,655.39999999999998,0.038627450980392164,655.39999999999998,0.038027135627272959,655.39999999999998,0.026481100005934059,655.39999999999998,0.026334825326585459,655.39999999999998,0.023880072565126354,655.39999999999998,0.02379487635953647,655.39999999999998,0.022304069920229222,655.39999999999998,0.022811898646185672,655.39999999999998,0.022227054245822841,655.39999999999998,0.021432822156099797,655.39999999999998,0.029170248298195197,655.39999999999998,0.028597568729177791,655.39999999999998,0.025890448700016101,655.39999999999998,0.025375160007799061,655.39999999999998,0.024338055152886919,655.39999999999998,0.024440205827250917,655.39999999999998,0.022541390096894789,655.39999999999998,0.023239108873121236,655.39999999999998,0.040923976162016908,655.39999999999998,0.04059183811873214,655.39999999999998,0.033034892296737117,655.39999999999998,0.033291455795461285,655.39999999999998,0.029443172859286389,655.39999999999998,0.030267202427879929,655.39999999999998,0.026866475081169516,655.39999999999998,0.028034383662673891,655.39999999999998,0.064424268626603262,655.39999999999998,0.063844468180700734,655.39999999999998,0.046247509812398793,655.39999999999998,0.047477344591100597,655.39999999999998,0.042008256826292993,655.39999999999998,0.041421420275849205,655.39999999999998,0.034056271881861257,655.39999999999998,0.033997567033730913
656.10000000000002,0.03139789595042513,656.10000000000002,0.031131922721531327,656.10000000000002,0.030974415706619875,656.10000000000002,0.026977357306952179,656.10000000000002,0.025271992065308613,656.10000000000002,0.025722938548527925,656.10000000000002,0.025599721946712103,656.10000000000002,0.024070895111178929,656.10000000000002,0.033898892025465609,656.10000000000002,0.032601112213151581,656.10000000000002,0.028939709909039275,656.10000000000002,0.028514025584293383,656.10000000000002,0.028431499707535411,656.10000000000002,0.027007832964573635,656.10000000000002,0.025259869620135132,656.10000000000002,0.024784466315709162,656.10000000000002,0.042864584657901203,656.10000000000002,0.04856840704288632,656.10000000000002,0.042908369573510338,656.10000000000002,0.037806600374693751,656.10000000000002,0.033669413290608068,656.10000000000002,0.033784279816552645,656.10000000000002,0.029660062901079157,656.10000000000002,0.029769334452328277,656.10000000000002,0.073459093105465265,656.10000000000002,0.071436552139230086,656.10000000000002,0.052985809109636066,656.10000000000002,0.052962539101243614,656.10000000000002,0.044964141298542759,656.10000000000002,0.04591528699677018,656.10000000000002,0.0376050965133135,656.10000000000002,0.037285377618405779,656.10000000000002,0.025357018726210757,656.10000000000002,0.026093224146554433,656.10000000000002,0.023962301738680775,656.10000000000002,0.023474436899705846,656.10000000000002,0.021729313428786989,656.10000000000002,0.022318523604859149,656.10000000000002,0.021999016640811102,656.10000000000002,0.021302272746539171,656.10000000000002,0.02803768978408484,656.10000000000002,0.027868526571891188,656.10000000000002,0.02579380822800369,656.10000000000002,0.024602036231699775,656.10000000000002,0.023818400684960536,656.10000000000002,0.023969719318769449,656.10000000000002,0.022239600552715677,656.10000000000002,0.022373583242203062,656.10000000000002,0.040134745640582212,656.10000000000002,0.039237176063680983,656.10000000000002,0.032535583191339666,656.10000000000002,0.032720937921212584,656.10000000000002,0.029318557513796698,656.10000000000002,0.029753482024024482,656.10000000000002,0.02642989751023626,656.10000000000002,0.027455388554038132,656.10000000000002,0.062371082458058884,656.10000000000002,0.061636996346311985,656.10000000000002,0.045469299695667272,656.10000000000002,0.04656604189449233,656.10000000000002,0.040425557166230086,656.10000000000002,0.04010999211617202,656.10000000000002,0.033517119774844652,656.10000000000002,0.033726295533345198
656.89999999999998,0.031379246034773607,656.89999999999998,0.030606334189534002,656.89999999999998,0.030331841340081211,656.89999999999998,0.026990920881971466,656.89999999999998,0.025526309096920222,656.89999999999998,0.025635623034341273,656.89999999999998,0.025830302722039955,656.89999999999998,0.024026813492366246,656.89999999999998,0.033118986461856688,656.89999999999998,0.032054330595186621,656.89999999999998,0.028509066402176951,656.89999999999998,0.028064732161779543,656.89999999999998,0.027900824834905861,656.89999999999998,0.027276561294643238,656.89999999999998,0.024613056636402939,656.89999999999998,0.024623398862355143,656.89999999999998,0.041457363749650311,656.89999999999998,0.047273933351983245,656.89999999999998,0.042173393352152796,656.89999999999998,0.037133507964361705,656.89999999999998,0.033551579732628026,656.89999999999998,0.033543526359960323,656.89999999999998,0.029563422429066743,656.89999999999998,0.029166603087408767,656.89999999999998,0.071427100022888518,656.89999999999998,0.070415045395590153,656.89999999999998,0.051564176902927188,656.89999999999998,0.051371362206793655,656.89999999999998,0.044160499478650077,656.89999999999998,0.045083670303400228,656.89999999999998,0.036915049634207338,656.89999999999998,0.036841170536524172,656.89999999999998,0.025149326483727943,656.89999999999998,0.026167823809160502,656.89999999999998,0.023063714893653095,656.89999999999998,0.023512584454447587,656.89999999999998,0.021635216127090698,656.89999999999998,0.022197299153124284,656.89999999999998,0.021370853572730435,656.89999999999998,0.020994549138289124,656.89999999999998,0.028228427557793548,656.89999999999998,0.027870222018768598,656.89999999999998,0.025029161686291459,656.89999999999998,0.02462322931766741,656.89999999999998,0.024093910802539777,656.89999999999998,0.023658604816764583,656.89999999999998,0.022309961598128227,656.89999999999998,0.02193276705407628,656.89999999999998,0.038976755423310701,656.89999999999998,0.038593753973703612,656.89999999999998,0.031736179988640506,656.89999999999998,0.032876919033934374,656.89999999999998,0.028974381797682323,656.89999999999998,0.02938387460474895,656.89999999999998,0.026362927358578536,656.89999999999998,0.027417240999296391,656.89999999999998,0.060665462899383717,656.89999999999998,0.060157718945771141,656.89999999999998,0.044543585700601025,656.89999999999998,0.04544535150852385,656.89999999999998,0.03968125598704679,656.89999999999998,0.039359756872917782,656.89999999999998,0.03332892517145207,656.89999999999998,0.033132041402812749
657.60000000000002,0.030979120571704682,657.60000000000002,0.031163288488763423,657.60000000000002,0.029844400362825634,657.60000000000002,0.026729822062850218,657.60000000000002,0.025580563396997363,657.60000000000002,0.025157507014911453,657.60000000000002,0.025699753312479336,657.60000000000002,0.023711460373167854,657.60000000000002,0.033419928282597093,657.60000000000002,0.032255241050159797,657.60000000000002,0.028555691191305747,657.60000000000002,0.027804481066096998,657.60000000000002,0.028164466824343225,657.60000000000002,0.027262997719623951,657.60000000000002,0.024418080245500712,657.60000000000002,0.025025219772301481,657.60000000000002,0.041386154980799061,657.60000000000002,0.046433839424226235,657.60000000000002,0.041488432813678859,657.60000000000002,0.035789866314013714,657.60000000000002,0.033788094572026819,657.60000000000002,0.033012003763892059,657.60000000000002,0.029835541652891158,657.60000000000002,0.029433635970600957,657.60000000000002,0.069021260903842738,657.60000000000002,0.068621262599289606,657.60000000000002,0.050433313835694236,657.60000000000002,0.050601629324449199,657.60000000000002,0.043413655129150672,657.60000000000002,0.044307155633546126,657.60000000000002,0.036163118944075687,657.60000000000002,0.036810652492730779,657.60000000000002,0.025026406585115672,657.60000000000002,0.026222925832676353,657.60000000000002,0.022927231420021527,657.60000000000002,0.023215881250900707,657.60000000000002,0.022238795215448911,657.60000000000002,0.022327000839246203,657.60000000000002,0.021332706017988694,657.60000000000002,0.021613387248544037,657.60000000000002,0.027857972415079309,657.60000000000002,0.028210159117689444,657.60000000000002,0.025638674838720617,657.60000000000002,0.024738519705331339,657.60000000000002,0.023848071005315222,657.60000000000002,0.023880708357705387,657.60000000000002,0.022054796843077915,657.60000000000002,0.022218449852919982,657.60000000000002,0.038817383416834085,657.60000000000002,0.037968134075939061,657.60000000000002,0.031564939854022027,657.60000000000002,0.032814187499470168,657.60000000000002,0.028955731882030804,657.60000000000002,0.029617846273831627,657.60000000000002,0.026626569348015907,657.60000000000002,0.026919627340776346,657.60000000000002,0.059425243508557775,657.60000000000002,0.058259666166509849,657.60000000000002,0.044349457033137502,657.60000000000002,0.044361960953858408,657.60000000000002,0.039478650085196208,657.60000000000002,0.038953697345777916,657.60000000000002,0.033235675593194472,657.60000000000002,0.032786170239820965
658.29999999999995,0.030701915007248035,658.29999999999995,0.030729254088146279,658.29999999999995,0.029009392775700856,658.29999999999995,0.026454311945270977,658.29999999999995,0.025116858676025536,658.29999999999995,0.024922687622390072,658.29999999999995,0.025268262082178309,658.29999999999995,0.023234192077176738,658.29999999999995,0.032278044810660968,658.29999999999995,0.031840704288632872,658.29999999999995,0.027887685121605926,658.29999999999995,0.027892644303722351,658.29999999999995,0.02758038537507523,658.29999999999995,0.026582275798343546,658.29999999999995,0.024180717682663208,658.29999999999995,0.024499631240304163,658.29999999999995,0.040729169315802415,658.29999999999995,0.045586963708959587,658.29999999999995,0.039867585598874225,658.29999999999995,0.035705093970143174,658.29999999999995,0.03332099895730016,658.29999999999995,0.03288230207777014,658.29999999999995,0.028821664420199553,658.29999999999995,0.028920763290184219,658.29999999999995,0.066759534769376849,658.29999999999995,0.066423115722726619,658.29999999999995,0.049009986182107945,658.29999999999995,0.049013843323754067,658.29999999999995,0.042988097962920573,658.29999999999995,0.04276090808134754,658.29999999999995,0.035734170884090775,658.29999999999995,0.036410527029661841,658.29999999999995,0.024918745708400091,658.29999999999995,0.026392470520417422,658.29999999999995,0.022394861100514564,658.29999999999995,0.022937827963005353,658.29999999999995,0.022215906682603866,658.29999999999995,0.022269355645414241,658.29999999999995,0.021057195900409449,658.29999999999995,0.021527767181234794,658.29999999999995,0.027974958249620648,658.29999999999995,0.027765952035807839,658.29999999999995,0.024900307723608246,658.29999999999995,0.025007248035400935,658.29999999999995,0.023957427328908217,658.29999999999995,0.023867992506124806,658.29999999999995,0.022206539338606175,658.29999999999995,0.0220624687401982,658.29999999999995,0.037252485948984004,658.29999999999995,0.037388291243864606,658.29999999999995,0.031013919618863541,658.29999999999995,0.032102099810957664,658.29999999999995,0.028754821427057636,658.29999999999995,0.029374549646923192,658.29999999999995,0.026968201893814166,658.29999999999995,0.026690742012325897,658.29999999999995,0.057770487356204915,658.29999999999995,0.056615930418860164,658.29999999999995,0.042997338148402453,658.29999999999995,0.042830972423556532,658.29999999999995,0.038774191907632059,658.29999999999995,0.038519662945160772,658.29999999999995,0.033003399370989207,658.29999999999995,0.032255495367191404
659,0.030121224451734867,659,0.029805235539957446,659,0.028616049100141573,659,0.026107593058840483,659,0.025132965421360932,659,0.025109186778905248,659,0.024967320261437907,659,0.023299466781957056,659,0.032433178199944047,659,0.032173859600044083,659,0.027768156116748467,659,0.028142722718140431,659,0.02706157863058755,659,0.025858319981689172,659,0.02469019946932513,659,0.024227512016479744,659,0.039988259030373931,659,0.044564609241880923,659,0.038952892008511139,659,0.034876020447089338,659,0.032223197104176725,659,0.032017624170290679,659,0.028769953290438532,659,0.028089994320252963,659,0.064815704924425455,659,0.06413765333197699,659,0.047677364936463122,659,0.048060154455210537,659,0.042065774861609145,659,0.041726685486126999,659,0.035067012537829657,659,0.03504314912303011,659,0.02535701872621076,659,0.025443020269067421,659,0.022967074421640678,659,0.022819146681586598,659,0.022522782567415203,659,0.022586404211490045,659,0.020671481735798511,659,0.021691377804904929,659,0.027502776294261767,659,0.027745606673278911,659,0.025267371972567669,659,0.024789383111653657,659,0.023881132219424735,659,0.023845951696718465,659,0.02225570729805108,659,0.022428685265718916,659,0.036486991683833063,659,0.037417961564219282,659,0.031128362283088767,659,0.030530420555597942,659,0.028551367801768354,659,0.029182964149775781,659,0.026729991607537956,659,0.026296550613327911,659,0.056804082636080805,659,0.055226511702822077,659,0.041861388740537277,659,0.0422231547180048,659,0.037627222095063709,659,0.038105973907072557,659,0.031846256877156393,659,0.032294490645371848
659.79999999999995,0.029864364249807145,659.79999999999995,0.029434780397243204,659.79999999999995,0.028326975407543045,659.79999999999995,0.025654061019133118,659.79999999999995,0.024325084984274728,659.79999999999995,0.024713299933029845,659.79999999999995,0.024582453820265679,659.79999999999995,0.02318587184117054,659.79999999999995,0.031909285114824139,659.79999999999995,0.03134563380042895,659.79999999999995,0.027144231665861329,659.79999999999995,0.028012173308579812,659.79999999999995,0.026331688749862241,659.79999999999995,0.025934615091172657,659.79999999999995,0.024351957817281694,659.79999999999995,0.023406068004374253,659.79999999999995,0.038837050600612051,659.79999999999995,0.043857607894000665,659.79999999999995,0.037577884590931053,659.79999999999995,0.034521672049710503,659.79999999999995,0.03151704347973517,659.79999999999995,0.031624280494731392,659.79999999999995,0.028044302026906744,659.79999999999995,0.027441485889643364,659.79999999999995,0.063204182667446582,659.79999999999995,0.062103964802522831,659.79999999999995,0.047022074718343888,659.79999999999995,0.046784330679958977,659.79999999999995,0.04067381297525495,659.79999999999995,0.040457643498385085,659.79999999999995,0.034556683027729032,659.79999999999995,0.034103871552944566,659.79999999999995,0.025284114510482097,659.79999999999995,0.025384527351796752,659.79999999999995,0.022420292803675725,659.79999999999995,0.02232068529962785,659.79999999999995,0.02215571831845578,659.79999999999995,0.021567440638166208,659.79999999999995,0.020668938565482398,659.79999999999995,0.021587955545382873,659.79999999999995,0.027370531437823729,659.79999999999995,0.027113204988004715,659.79999999999995,0.024936759831472581,659.79999999999995,0.024737671981892629,659.79999999999995,0.023553063248645763,659.79999999999995,0.023620457262022842,659.79999999999995,0.022342175088799029,659.79999999999995,0.021990412247908243,659.79999999999995,0.03501195290048574,659.79999999999995,0.03659906072242991,659.79999999999995,0.030578189771368988,659.79999999999995,0.030332053270940885,659.79999999999995,0.028208039809092679,659.79999999999995,0.02829031136881904,659.79999999999995,0.026465501894661885,659.79999999999995,0.025948136280020007,659.79999999999995,0.055118808439934566,659.79999999999995,0.053130939362342436,659.79999999999995,0.040639819265362857,659.79999999999995,0.04156362588269203,659.79999999999995,0.036392089044870006,659.79999999999995,0.037230275594889929,659.79999999999995,0.031654671380008978,659.79999999999995,0.031686672939820117
660.5,0.029215008095758842,660.5,0.028495502827157668,660.5,0.028357493451336438,660.5,0.025446368776650304,660.5,0.024868475708484866,660.5,0.024723472614294313,660.5,0.024495138306079026,660.5,0.023008697642481118,660.5,0.031866051219450166,660.5,0.031464315081847702,660.5,0.027052677534481151,660.5,0.027805328789535705,660.5,0.026184184871527506,660.5,0.025711663826793144,660.5,0.024402821223604015,660.5,0.023188203080626978,660.5,0.038202105745021746,660.5,0.042625865737561781,660.5,0.037391385434415884,660.5,0.033879097683171835,660.5,0.030999084458686196,660.5,0.031254673075455867,660.5,0.02795190017208786,660.5,0.027187168858031761,660.5,0.061529928876003503,660.5,0.060921390605528855,660.5,0.046098903893593751,660.5,0.045498334223442946,660.5,0.039748098980188697,660.5,0.040199087849579943,660.5,0.033565694327882478,660.5,0.032796682010460911,660.5,0.025123894780566786,660.5,0.024699566813322821,660.5,0.022472851656875459,660.5,0.022608063545348965,660.5,0.022186236362249177,660.5,0.021269889711180625,660.5,0.020358671786916235,660.5,0.021484533285860821,660.5,0.02701448759356748,660.5,0.026782592846909627,660.5,0.024670574671719094,660.5,0.024778362706950486,660.5,0.023119028848028619,660.5,0.023747615777828645,660.5,0.022026821969600634,660.5,0.022126047998101098,660.5,0.034923789662860388,660.5,0.036210803387502863,660.5,0.029983087917397826,660.5,0.02993531870162678,660.5,0.027717207938082279,660.5,0.027503624017700467,660.5,0.026413790764900857,660.5,0.02580826191263362,660.5,0.053475920415723584,660.5,0.052156905131269977,660.5,0.039684434949941928,660.5,0.040946483219314524,660.5,0.036320032552580053,660.5,0.036713164297279659,660.5,0.030848486389800193,660.5,0.031284852029873772
661.20000000000005,0.02887422327339929,661.20000000000005,0.028468375677119101,661.20000000000005,0.028124369505692467,661.20000000000005,0.024667310936480082,661.20000000000005,0.024226749065384908,661.20000000000005,0.02372739757381552,661.20000000000005,0.023880538813017639,661.20000000000005,0.022574663241863972,661.20000000000005,0.030615659147359763,661.20000000000005,0.030146952858099575,661.20000000000005,0.026746649373108514,661.20000000000005,0.027342471792002578,661.20000000000005,0.025893415732051575,661.20000000000005,0.025210659274518279,661.20000000000005,0.023603418020904862,661.20000000000005,0.023239914210387999,661.20000000000005,0.03727130540932326,661.20000000000005,0.041726431169095392,661.20000000000005,0.036925985266566638,661.20000000000005,0.033160228207149693,661.20000000000005,0.031079618185363207,661.20000000000005,0.031072412536134207,661.20000000000005,0.027457677407322634,661.20000000000005,0.026994735637445644,661.20000000000005,0.059698846248399925,661.20000000000005,0.059154734959266889,661.20000000000005,0.044384807100531519,661.20000000000005,0.043977518374405541,661.20000000000005,0.038944457160296021,661.20000000000005,0.039086874697998521,661.20000000000005,0.032554360265506982,661.20000000000005,0.032639853174300418,661.20000000000005,0.024326187024745045,661.20000000000005,0.024640226172613446,661.20000000000005,0.022098157896967691,661.20000000000005,0.022174876868170532,661.20000000000005,0.021981935013521189,661.20000000000005,0.02051880674448768,661.20000000000005,0.020507023388689673,661.20000000000005,0.020995396861727827,661.20000000000005,0.026383781355170693,661.20000000000005,0.026028118986461856,661.20000000000005,0.023948314301942129,661.20000000000005,0.024151895085747228,661.20000000000005,0.022495104397141474,661.20000000000005,0.022989751023626055,661.20000000000005,0.021372379474920104,661.20000000000005,0.021821715283605873,661.20000000000005,0.033742910912743826,661.20000000000005,0.03549617252867425,661.20000000000005,0.029096369200512024,661.20000000000005,0.029930232360994551,661.20000000000005,0.027758746386578843,661.20000000000005,0.026766104626026806,661.20000000000005,0.026082330900367066,661.20000000000005,0.024709612336071482,661.20000000000005,0.051976297652653804,661.20000000000005,0.050515712553936415,661.20000000000005,0.039354670532285543,661.20000000000005,0.039604537015843946,661.20000000000005,0.035752057848647455,661.20000000000005,0.035321202410925463,661.20000000000005,0.030940888244619075,661.20000000000005,0.030408305994252437
661.89999999999998,0.02829861905851835,661.89999999999998,0.02770288141196816,661.89999999999998,0.027758152980171751,661.89999999999998,0.024816510261692227,661.89999999999998,0.024267439790442769,661.89999999999998,0.024202122699490517,661.89999999999998,0.023883081983333755,661.89999999999998,0.021958368301925182,661.89999999999998,0.030139238574807353,661.89999999999998,0.029790909013843327,661.89999999999998,0.02621597450047896,661.89999999999998,0.026885548858540387,661.89999999999998,0.025668769020794652,661.89999999999998,0.024623186931495466,661.89999999999998,0.023302476200164457,661.89999999999998,0.023421327026270949,661.89999999999998,0.03651428837855937,661.89999999999998,0.040659147359765349,661.89999999999998,0.03653857565507828,661.89999999999998,0.032713477954951969,661.89999999999998,0.030671015487907221,661.89999999999998,0.030973228893805681,661.89999999999998,0.026902418554970629,661.89999999999998,0.026559005789951091,661.89999999999998,0.058427261090341888,661.89999999999998,0.057981485720098681,661.89999999999998,0.043153912667531345,661.89999999999998,0.043047565762145759,661.89999999999998,0.038426498139247055,661.89999999999998,0.038325619050041101,661.89999999999998,0.031647296186092258,661.89999999999998,0.032112569195425683,661.89999999999998,0.023993879436772544,661.89999999999998,0.024506285869298001,661.89999999999998,0.022569492128887869,661.89999999999998,0.0222808422980087,661.89999999999998,0.021758136025702975,661.89999999999998,0.021045242999923705,661.89999999999998,0.019924637386299092,661.89999999999998,0.020808897705212649,661.89999999999998,0.025717470732348285,661.89999999999998,0.025936564855081678,661.89999999999998,0.022881878216050793,661.89999999999998,0.024023041123064012,661.89999999999998,0.02256970405974755,661.89999999999998,0.022841399421852617,661.89999999999998,0.021087544399515105,661.89999999999998,0.021646236531793865,661.89999999999998,0.033411451048210028,661.89999999999998,0.034659469494672059,661.89999999999998,0.028906479150242022,661.89999999999998,0.02896806625806397,661.89999999999998,0.02709836982782737,661.89999999999998,0.026348176970745065,661.89999999999998,0.025766130057729965,661.89999999999998,0.024705373718877953,661.89999999999998,0.050569924467841608,661.89999999999998,0.050258852352008679,661.89999999999998,0.038096648949246796,661.89999999999998,0.038817849664725373,661.89999999999998,0.035513847562371255,661.89999999999998,0.035005001568288362,661.89999999999998,0.029670998533438454,661.89999999999998,0.030147207175131183
662.70000000000005,0.028309639463221518,662.70000000000005,0.027775785627696826,662.70000000000005,0.027563176589269517,662.70000000000005,0.02443927333146834,662.70000000000005,0.023568915676949551,662.70000000000005,0.023940176156930563,662.70000000000005,0.023810177767605096,662.70000000000005,0.022144019735001651,662.70000000000005,0.029916287310427846,662.70000000000005,0.029492510363419041,662.70000000000005,0.026287183269330206,662.70000000000005,0.026349787645278604,662.70000000000005,0.025948517755567418,662.70000000000005,0.024334113238896941,662.70000000000005,0.023178708578113476,662.70000000000005,0.023277214041691034,662.70000000000005,0.035793723455659822,662.70000000000005,0.040003009418207405,662.70000000000005,0.036091825402880563,662.70000000000005,0.032421861092037332,662.70000000000005,0.030338707899934723,662.70000000000005,0.030072946601900595,662.70000000000005,0.027131303883421075,662.70000000000005,0.026818409162194929,662.70000000000005,0.057206539338606172,662.70000000000005,0.05613853496435324,662.70000000000005,0.042296016547561523,662.70000000000005,0.042319371328297856,662.70000000000005,0.03806621567779727,662.70000000000005,0.037532997634851607,662.70000000000005,0.031423497198274038,662.70000000000005,0.031896399718555818,662.70000000000005,0.023731085170773884,662.70000000000005,0.024720759899290456,662.70000000000005,0.022773793477615864,662.70000000000005,0.021934971135016915,662.70000000000005,0.021698795384993596,662.70000000000005,0.021284301009638618,662.70000000000005,0.020095029797478868,662.70000000000005,0.020474894670362741,662.70000000000005,0.025463153700736676,662.70000000000005,0.025804319998643639,662.70000000000005,0.022654688334477761,662.70000000000005,0.023645804192840129,662.70000000000005,0.022667192255198667,662.70000000000005,0.022326831294558463,662.70000000000005,0.021089239846392511,662.70000000000005,0.021676754575587258,662.70000000000005,0.033164763527546777,662.70000000000005,0.033930427337385452,662.70000000000005,0.028911565490874255,662.70000000000005,0.028961284470554322,662.70000000000005,0.027277239473394204,662.70000000000005,0.026398192653628683,662.70000000000005,0.025288014038300145,662.70000000000005,0.024510397327975723,662.70000000000005,0.049709485177555676,662.70000000000005,0.048906733467273637,662.70000000000005,0.038352661427735808,662.70000000000005,0.038730534150538724,662.70000000000005,0.034485559031221656,662.70000000000005,0.034399727033052732,662.70000000000005,0.029826131922721533,662.70000000000005,0.030022591829641503
663.39999999999998,0.027952747895526566,663.39999999999998,0.027900400973186516,663.39999999999998,0.027338529878012597,663.39999999999998,0.024702067597467004,663.39999999999998,0.023396827818892366,663.39999999999998,0.024481023710824584,663.39999999999998,0.024020413180404026,663.39999999999998,0.022490738621432142,663.39999999999998,0.029672990683519408,663.39999999999998,0.029754456905978992,663.39999999999998,0.026086272814357041,663.39999999999998,0.025977637055686949,663.39999999999998,0.025784907131897288,663.39999999999998,0.024590125717385961,663.39999999999998,0.023101565745191295,663.39999999999998,0.023189050804065681,663.39999999999998,0.035578401702228667,663.39999999999998,0.03940960301111366,663.39999999999998,0.035378042267490653,663.39999999999998,0.032471876774920944,663.39999999999998,0.029811423921059989,663.39999999999998,0.029889838339140235,663.39999999999998,0.027186405906936925,663.39999999999998,0.026583589769673545,663.39999999999998,0.05598073124623823,663.39999999999998,0.055096682858184351,663.39999999999998,0.042101040156659289,663.39999999999998,0.04183786441511321,663.39999999999998,0.037544018039554782,663.39999999999998,0.036782762391597362,663.39999999999998,0.031665098378305064,663.39999999999998,0.031850622652865729,663.39999999999998,0.023792121258360669,663.39999999999998,0.024703805430516354,663.39999999999998,0.022679696175919566,663.39999999999998,0.022372396429388878,663.39999999999998,0.02112319117011266,663.39999999999998,0.021885336927680715,663.39999999999998,0.020350194552529181,663.39999999999998,0.020448615243762878,663.39999999999998,0.0254038130600273,663.39999999999998,0.026205293185151277,663.39999999999998,0.022257106041724949,663.39999999999998,0.0234991480379441,663.39999999999998,0.023063926824512773,663.39999999999998,0.023033832642438728,663.39999999999998,0.021510558395429074,663.39999999999998,0.021869187796173379,663.39999999999998,0.033209692869798156,663.39999999999998,0.032611369666759919,663.39999999999998,0.029321015911768944,663.39999999999998,0.028983325279960667,663.39999999999998,0.026457490908166119,663.39999999999998,0.026563498724176231,663.39999999999998,0.025321075252409654,663.39999999999998,0.025126692267914513,663.39999999999998,0.048415011486652587,663.39999999999998,0.047695336673363682,663.39999999999998,0.037250620957418837,663.39999999999998,0.03843976501106279,663.39999999999998,0.034069326822817325,663.39999999999998,0.03431071607198867,663.39999999999998,0.029721861939760771,663.39999999999998,0.029897128760713106
664.10000000000002,0.02779507133592737,664.10000000000002,0.027522316319523923,664.10000000000002,0.026547603909700498,664.10000000000002,0.024401125776726599,664.10000000000002,0.023622322253587989,664.10000000000002,0.02409022320558141,664.10000000000002,0.023683866975237999,664.10000000000002,0.022507693090206251,664.10000000000002,0.028933775844968337,664.10000000000002,0.029674770902740694,664.10000000000002,0.025939616659461016,664.10000000000002,0.025355408051677221,664.10000000000002,0.02593071556335461,664.10000000000002,0.024302747471664846,664.10000000000002,0.023245678729771204,664.10000000000002,0.022978815391266755,664.10000000000002,0.0355207565083967,664.10000000000002,0.038542381933318076,664.10000000000002,0.034461653230250168,664.10000000000002,0.031802175258343716,664.10000000000002,0.029286683112501377,664.10000000000002,0.029097216923950727,664.10000000000002,0.027071115519272996,664.10000000000002,0.026937938167052384,664.10000000000002,0.053759695836830199,664.10000000000002,0.053956494833125639,664.10000000000002,0.040520883666912505,664.10000000000002,0.040823987182421612,664.10000000000002,0.037020124954434866,664.10000000000002,0.03635805294880598,664.10000000000002,0.031390435984164522,664.10000000000002,0.031369963463119793,664.10000000000002,0.023854005069386161,664.10000000000002,0.024654637471071439,664.10000000000002,0.022051533107838896,664.10000000000002,0.022513118520213971,664.10000000000002,0.021423285267414355,664.10000000000002,0.021810737265074643,664.10000000000002,0.020906301128319892,664.10000000000002,0.020260420640370282,664.10000000000002,0.025589464493103772,664.10000000000002,0.025750065698566502,664.10000000000002,0.022281690021447403,664.10000000000002,0.022973559505946782,664.10000000000002,0.022524774717496168,664.10000000000002,0.022947364851690789,664.10000000000002,0.021196052999669385,664.10000000000002,0.02175304968507074,664.10000000000002,0.032532361842272574,664.10000000000002,0.032051024473775676,664.10000000000002,0.028539414901282607,664.10000000000002,0.029224078736552986,664.10000000000002,0.026386282139314873,664.10000000000002,0.026388867695802929,664.10000000000002,0.025328704763358002,664.10000000000002,0.024636708120342819,664.10000000000002,0.047031526834685443,664.10000000000002,0.046277943083848326,664.10000000000002,0.037314200215321745,664.10000000000002,0.037777693005433904,664.10000000000002,0.033216517043479742,664.10000000000002,0.033531658231818452,664.10000000000002,0.029493824334749032,664.10000000000002,0.029972576146757884
664.79999999999995,0.027578901859057502,664.79999999999995,0.027945330315437895,664.79999999999995,0.02623394623737952,664.79999999999995,0.024875850902401599,664.79999999999995,0.023217958173325531,664.79999999999995,0.024007994032026993,664.79999999999995,0.023790680128514874,664.79999999999995,0.022486500004238623,664.79999999999995,0.028587056958537842,664.79999999999995,0.028902494850080111,664.79999999999995,0.025807371803022977,664.79999999999995,0.025513932334715123,664.79999999999995,0.025272034451480546,664.79999999999995,0.024332417792019532,664.79999999999995,0.023032052423217451,664.79999999999995,0.023011028881937561,664.79999999999995,0.034797648415181036,664.79999999999995,0.037950670973101737,664.79999999999995,0.033546959639887082,664.79999999999995,0.031171469019946933,664.79999999999995,0.028878080415045391,664.79999999999995,0.029192161949085731,664.79999999999995,0.026399718555818356,664.79999999999995,0.026017310512618366,664.79999999999995,0.052542364978849301,664.79999999999995,0.052943465323872743,664.79999999999995,0.039497681476395145,664.79999999999995,0.040372150589591649,664.79999999999995,0.036407220908250888,664.79999999999995,0.035768037435467047,664.79999999999995,0.031536244415621847,664.79999999999995,0.031560701236828498,664.79999999999995,0.023743801022354467,664.79999999999995,0.02444101116451769,664.79999999999995,0.02165479853852479,664.79999999999995,0.022304578554292451,664.79999999999995,0.021307994879750426,664.79999999999995,0.021488602358366606,664.79999999999995,0.020796944804726904,664.79999999999995,0.020540169375143056,664.79999999999995,0.025294456736434309,664.79999999999995,0.025806863168959759,664.79999999999995,0.022101124929003159,664.79999999999995,0.022941346015275976,664.79999999999995,0.022423895628290225,664.79999999999995,0.02333562218661784,664.79999999999995,0.021240982341920768,664.79999999999995,0.021782720005425433,664.79999999999995,0.031693963361392984,664.79999999999995,0.031675482990429202,664.79999999999995,0.028580105626340464,664.79999999999995,0.028665428990446155,664.79999999999995,0.026074319913871304,664.79999999999995,0.026170155048616944,664.79999999999995,0.025267668675771217,664.79999999999995,0.024836770851877282,664.79999999999995,0.046058340327051694,664.79999999999995,0.045025007841441818,664.79999999999995,0.036327450132668707,664.79999999999995,0.036453548994176146,664.79999999999995,0.032848605071081616,664.79999999999995,0.033410433780083591,664.79999999999995,0.028972474419945236,664.79999999999995,0.029202843264413417
665.60000000000002,0.027084679094292279,665.60000000000002,0.027190008731551425,665.60000000000002,0.026155955681018625,665.60000000000002,0.024615599806719055,665.60000000000002,0.023488381950272544,665.60000000000002,0.023870662834956726,665.60000000000002,0.023305782321575406,665.60000000000002,0.021933784322202728,665.60000000000002,0.028600620533557129,665.60000000000002,0.02793948102371082,665.60000000000002,0.025631893051210969,665.60000000000002,0.025408814628315658,665.60000000000002,0.025257623153022556,665.60000000000002,0.023669498062951939,665.60000000000002,0.023047311445114151,665.60000000000002,0.022746539169061487,665.60000000000002,0.034102515195442641,665.60000000000002,0.037096165746886733,665.60000000000002,0.03250425981027949,665.60000000000002,0.030533133270601798,665.60000000000002,0.028100718021752579,665.60000000000002,0.028447013046463718,665.60000000000002,0.026271712316573846,665.60000000000002,0.026211439180081897,665.60000000000002,0.050883370209302919,665.60000000000002,0.051932131261497247,665.60000000000002,0.039019565456965319,665.60000000000002,0.039490518213338086,665.60000000000002,0.035664615175944998,665.60000000000002,0.035497613658520048,665.60000000000002,0.030763120639522561,665.60000000000002,0.030649398540220238,665.60000000000002,0.023820096131837949,665.60000000000002,0.02446813831455626,665.60000000000002,0.021739570882395323,665.60000000000002,0.02151026169222553,665.60000000000002,0.021853081050837973,665.60000000000002,0.020985054635775623,665.60000000000002,0.020426489662012663,665.60000000000002,0.020369776963963276,665.60000000000002,0.025191882200350957,665.60000000000002,0.025165136525859805,665.60000000000002,0.022405457643498383,665.60000000000002,0.022845553266702272,665.60000000000002,0.022269609962445851,665.60000000000002,0.023061807515916011,665.60000000000002,0.021058721802599118,665.60000000000002,0.021331731136034184,665.60000000000002,0.031157354424692495,665.60000000000002,0.031709391927977414,665.60000000000002,0.028026542220865869,665.60000000000002,0.02802963641141714,665.60000000000002,0.026009892932529692,665.60000000000002,0.025547926044607209,665.60000000000002,0.025201546247552196,665.60000000000002,0.024567194798368979,665.60000000000002,0.044518874562362774,665.60000000000002,0.044707111551927296,665.60000000000002,0.035722175597433084,665.60000000000002,0.03542865135678136,665.60000000000002,0.032485779439315722,665.60000000000002,0.033423997355102875,665.60000000000002,0.027814484202673722,665.60000000000002,0.028800174631028373
666.29999999999995,0.026911743512796387,666.29999999999995,0.027219679051906111,666.29999999999995,0.02631617541093394,666.29999999999995,0.024493527631545487,666.29999999999995,0.023141663063842056,666.29999999999995,0.023551918822003512,666.29999999999995,0.023102328696286121,666.29999999999995,0.022317803039936253,666.29999999999995,0.027966523401405527,666.29999999999995,0.027200266185159753,666.29999999999995,0.025873494231241998,666.29999999999995,0.025288437900019493,666.29999999999995,0.024993133440146486,666.29999999999995,0.02413150733704636,666.29999999999995,0.022796385307257357,666.29999999999995,0.022684655358035995,666.29999999999995,0.033053033578325404,666.29999999999995,0.036514627467934858,666.29999999999995,0.032610225240117668,666.29999999999995,0.030313572899977114,666.29999999999995,0.027172460856370217,666.29999999999995,0.028811534125107025,666.29999999999995,0.026496359027830763,666.29999999999995,0.025319634122563855,666.29999999999995,0.050246729906835194,666.29999999999995,0.049891660944533456,666.29999999999995,0.038212532743317817,666.29999999999995,0.038575824622975007,666.29999999999995,0.034582920068156962,666.29999999999995,0.034688885497995134,666.29999999999995,0.030568144248620335,666.29999999999995,0.030422208658647198,666.29999999999995,0.023742105575477051,666.29999999999995,0.023610242194586437,666.29999999999995,0.021497121978925591,666.29999999999995,0.021350889685748924,666.29999999999995,0.021174054576434981,666.29999999999995,0.020538304383577902,666.29999999999995,0.020035689156769496,666.29999999999995,0.020516433118859305,666.29999999999995,0.024667989115231048,666.29999999999995,0.024895560472351502,666.29999999999995,0.022809821723760837,666.29999999999995,0.022848944160457095,666.29999999999995,0.022580724464450714,666.29999999999995,0.023053330281528957,666.29999999999995,0.021098564804218269,666.29999999999995,0.021177445470189807,666.29999999999995,0.031107338741808873,666.29999999999995,0.031371997999372687,666.29999999999995,0.027778159253325194,666.29999999999995,0.027504047879419811,666.29999999999995,0.025628417385112283,666.29999999999995,0.025459762806981853,666.29999999999995,0.024860761425192644,666.29999999999995,0.0242543848494867,666.29999999999995,0.043761009808160188,666.29999999999995,0.043297347473360295,666.29999999999995,0.034604876105219423,666.29999999999995,0.034921712740435561,666.29999999999995,0.03192119562913795,666.29999999999995,0.033035740020175827,666.29999999999995,0.027984028890414792,666.29999999999995,0.027771038376440071
667,0.026170833227367907,667,0.02617613149885982,667,0.025913506777548893,667,0.023883166755677625,667,0.023236608088977057,667,0.023591761823622659,667,0.022598780973695141,667,0.02192361164093826,667,0.027668124750981241,667,0.026940862812915911,667,0.024812992209421597,667,0.024726397260157844,667,0.024127607809228319,667,0.023783093003738459,667,0.022768410433780088,667,0.022267575426192961,667,0.03261984690114697,667,0.035391393911650262,667,0.031351355933640211,667,0.029758314047625099,667,0.026612115663385973,667,0.028492790112153808,667,0.02593092749421429,667,0.024666039351322028,667,0.048909022320558139,667,0.048086010020091052,667,0.037696269169146257,667,0.037035511134847376,667,0.033650424285581064,667,0.034040377067385538,667,0.029625475784779972,667,0.029806761442147112,667,0.023508133906394373,667,0.023240634775310902,667,0.021293668353636303,667,0.021253401490297807,667,0.020790035858701456,667,0.020334850758288614,667,0.020188279375736463,667,0.019882335986707696,667,0.024374676805438991,667,0.024300458618380344,667,0.022660622398548692,667,0.022685333536786961,667,0.022085653976246788,667,0.022268338377287793,667,0.020978188075922114,667,0.020581495892779942,667,0.030526648186295701,667,0.030976111153497278,667,0.026523528564041263,667,0.027164110780498966,667,0.024719657858820139,667,0.024959605978145692,667,0.024313132083788987,667,0.023744055339386078,667,0.042858184345938979,667,0.043037944101116457,667,0.033682553003908003,667,0.033855276654544214,667,0.031682985342861743,667,0.032032883192187389,667,0.027128675940761085,667,0.027479421513525427
667.79999999999995,0.026556547391978842,667.79999999999995,0.026359239761620176,667.79999999999995,0.025830429880555766,667.79999999999995,0.024012020718360838,667.79999999999995,0.022360062053355716,667.79999999999995,0.022932232988309896,667.79999999999995,0.022653035273772285,667.79999999999995,0.02178119410323576,667.79999999999995,0.027137449878351688,667.79999999999995,0.026537346456092164,667.79999999999995,0.024399303171333382,667.79999999999995,0.02440595780032722,667.79999999999995,0.023919915566745501,667.79999999999995,0.023878038028873463,667.79999999999995,0.022543763722523168,667.79999999999995,0.022085314886871311,667.79999999999995,0.031924713681408569,667.79999999999995,0.03443346642591321,667.79999999999995,0.031377635360240075,667.79999999999995,0.029097089765434927,667.79999999999995,0.026164517687749547,667.79999999999995,0.027784093317396133,667.79999999999995,0.025420597984113665,667.79999999999995,0.024380356552478319,667.79999999999995,0.047599289607758374,667.79999999999995,0.046401583547383496,667.79999999999995,0.036298373218721126,667.79999999999995,0.036426845705856928,667.79999999999995,0.033051083814416377,667.79999999999995,0.033297771335079641,667.79999999999995,0.028557344252011223,667.79999999999995,0.029720293651399166,667.79999999999995,0.022955418224358485,667.79999999999995,0.023064308300060187,667.79999999999995,0.021196180158185189,667.79999999999995,0.021862914642726959,667.79999999999995,0.020351762840890786,667.79999999999995,0.020199215008095756,667.79999999999995,0.020309503827471327,667.79999999999995,0.019938285733662246,667.79999999999995,0.024416215253935558,667.79999999999995,0.024463221518611768,667.79999999999995,0.022363071471563113,667.79999999999995,0.022927782440256693,667.79999999999995,0.021636360553732945,667.79999999999995,0.021872451531412394,667.79999999999995,0.020638250977001261,667.79999999999995,0.020779015453998292,667.79999999999995,0.03002564363402084,667.79999999999995,0.030524274560667326,667.79999999999995,0.026152225697888318,667.79999999999995,0.026617329162534013,667.79999999999995,0.024699312496291211,667.79999999999995,0.024851097377991405,667.79999999999995,0.023812975254952823,667.79999999999995,0.023438027178013444,667.79999999999995,0.041990963268143403,667.79999999999995,0.040764349838508684,667.79999999999995,0.033630841874146972,667.79999999999995,0.033544162152539345,667.79999999999995,0.030824241499453217,667.79999999999995,0.03124534811763011,667.79999999999995,0.027353322652018008,667.79999999999995,0.026925010384612126
668.5,0.026089451777252196,668.5,0.026314310419368787,668.5,0.025738028025736884,668.5,0.024187499470172846,668.5,0.022137110788976202,668.5,0.02308482320727686,668.5,0.022840382153726163,668.5,0.021623517543636568,668.5,0.027475691530395124,668.5,0.026256749997880691,668.5,0.023885582767477934,668.5,0.024342378542424315,668.5,0.023556242211540904,668.5,0.022974364843213552,668.5,0.022451361867704283,668.5,0.02200308571331689,668.5,0.031171935267838215,668.5,0.034141001839559856,668.5,0.030516348346515433,668.5,0.0295039970160135,668.5,0.02641544382560633,668.5,0.027246636657256938,668.5,0.025062010969541301,668.5,0.024507515068284125,668.5,0.046446385731119082,668.5,0.045547078321168499,668.5,0.035938090757271349,668.5,0.036438713833998798,668.5,0.033031586175326158,668.5,0.032387316361910092,668.5,0.028708239024100777,668.5,0.029191314225647025,668.5,0.022542576909708976,668.5,0.023547510660122242,668.5,0.021667514390105374,668.5,0.021931580241262093,668.5,0.020108466213982348,668.5,0.020367911972398123,668.5,0.019908530640963693,668.5,0.019842492985088545,668.5,0.024400108508600155,668.5,0.024397946813831457,668.5,0.022163856463467357,668.5,0.022790451243186426,668.5,0.021450709120656473,668.5,0.021501996388698152,668.5,0.020699287064588047,668.5,0.020469596398870835,668.5,0.029587370616210168,668.5,0.029879157023812549,668.5,0.025971660605444077,668.5,0.026118020057136558,668.5,0.024326314183260856,668.5,0.024363656400735824,668.5,0.023466256368522332,668.5,0.023636394462670497,668.5,0.04093554758695523,668.5,0.040053109873434897,668.5,0.033360418097199966,668.5,0.032720174970117755,668.5,0.03089799343862059,668.5,0.030488331086866226,668.5,0.026832820460652919,668.5,0.027026737197256765
669.20000000000005,0.026540440646643439,669.20000000000005,0.026160872476963117,669.20000000000005,0.025693946406924205,669.20000000000005,0.023712774344497846,669.20000000000005,0.021926027652738569,669.20000000000005,0.022627900273814675,669.20000000000005,0.022604715037766076,669.20000000000005,0.021792214507938928,669.20000000000005,0.026598297771335083,669.20000000000005,0.02586849266295364,669.20000000000005,0.024181438247586107,669.20000000000005,0.024060934360774139,669.20000000000005,0.023969083526190413,669.20000000000005,0.022913328755626763,669.20000000000005,0.022146181429770352,669.20000000000005,0.021908140688181886,669.20000000000005,0.031171087544399515,669.20000000000005,0.033856166764154857,669.20000000000005,0.03069606571552097,669.20000000000005,0.029680323491264211,669.20000000000005,0.025933089188982985,669.20000000000005,0.026955867517780997,669.20000000000005,0.025382450429371924,669.20000000000005,0.025016996854946041,669.20000000000005,0.045557971567355866,669.20000000000005,0.044374676805438995,669.20000000000005,0.034798750455651346,669.20000000000005,0.036352246043250859,669.20000000000005,0.032839152954740047,669.20000000000005,0.031628603884268795,669.20000000000005,0.028613293998965776,669.20000000000005,0.028600450988869392,669.20000000000005,0.022624806083263393,669.20000000000005,0.023116019429821218,669.20000000000005,0.021387765655332604,669.20000000000005,0.022000245839797226,669.20000000000005,0.02026699049702025,669.20000000000005,0.020137331197070264,669.20000000000005,0.019438044132482221,669.20000000000005,0.020349431601434348,669.20000000000005,0.024236497884930017,669.20000000000005,0.024443723879521546,669.20000000000005,0.02272759255020642,669.20000000000005,0.022358960012885398,669.20000000000005,0.021761823622661339,669.20000000000005,0.021741902121851772,669.20000000000005,0.020584844400362824,669.20000000000005,0.02049078948483847,669.20000000000005,0.029980714291769454,669.20000000000005,0.029556174393665806,669.20000000000005,0.025922492645999169,669.20000000000005,0.026078177055517404,669.20000000000005,0.024494163424124516,669.20000000000005,0.024560328238515467,669.20000000000005,0.023223807465052596,669.20000000000005,0.023223553148020989,669.20000000000005,0.040122580809236787,669.20000000000005,0.03899176012817579,669.20000000000005,0.033254452667361788,669.20000000000005,0.033315276824088906,669.20000000000005,0.030229987368920765,669.20000000000005,0.030213668692725692,669.20000000000005,0.026735332265201802,669.20000000000005,0.027192890991243016
669.89999999999998,0.025955511473936745,669.89999999999998,0.025781940099861827,669.89999999999998,0.024946254333986083,669.89999999999998,0.023517797953595619,669.89999999999998,0.021942134398073975,669.89999999999998,0.022380365029712707,669.89999999999998,0.021990963268143399,669.89999999999998,0.0217557624000746,669.89999999999998,0.026548282088451461,669.89999999999998,0.025804913405050735,669.89999999999998,0.024375566915049631,669.89999999999998,0.024049066232632265,669.89999999999998,0.023608801064740635,669.89999999999998,0.023071853038664665,669.89999999999998,0.022012241126454907,669.89999999999998,0.021906445241304473,669.89999999999998,0.030528513177860855,669.89999999999998,0.034058772666005439,669.89999999999998,0.030043318667717846,669.89999999999998,0.029803243389876489,669.89999999999998,0.026175538092452721,669.89999999999998,0.027615396353093763,669.89999999999998,0.024837364258284381,669.89999999999998,0.024623653179386754,669.89999999999998,0.044850122496036898,669.89999999999998,0.043394708510295602,669.89999999999998,0.034385061417563131,669.89999999999998,0.035551147393674293,669.89999999999998,0.032336452955587763,669.89999999999998,0.03135733238388308,669.89999999999998,0.028913388096267471,669.89999999999998,0.027997719623949882,669.89999999999998,0.022487474886193126,669.89999999999998,0.022582801386875545,669.89999999999998,0.021380983867822959,669.89999999999998,0.021209319871485128,669.89999999999998,0.019567618660088333,669.89999999999998,0.019931334401464867,669.89999999999998,0.019200681569644718,669.89999999999998,0.020290090960724972,669.89999999999998,0.023810092995261226,669.89999999999998,0.024419139899799089,669.89999999999998,0.022928503005179592,669.89999999999998,0.021938489187287542,669.89999999999998,0.021429516034688841,669.89999999999998,0.021446894365182309,669.89999999999998,0.02037799988131872,669.89999999999998,0.019865169587073916,669.89999999999998,0.029780651560234992,669.89999999999998,0.029032281308545894,669.89999999999998,0.025592728228342781,669.89999999999998,0.026370641641870755,669.89999999999998,0.024036392767223622,669.89999999999998,0.024587455388554044,669.89999999999998,0.022777904936293582,669.89999999999998,0.022937022625738577,669.89999999999998,0.03987335011825742,669.89999999999998,0.038811195035731542,669.89999999999998,0.031899790612310637,669.89999999999998,0.03252774174953163,669.89999999999998,0.030072310809321569,669.89999999999998,0.029844061273450156,669.89999999999998,0.026073260259572916,669.89999999999998,0.027091164178598373
670.70000000000005,0.026153878758593797,670.70000000000005,0.025187685969329368,670.70000000000005,0.024691089578935767,670.70000000000005,0.022933716504327625,670.70000000000005,0.021992997804396293,670.70000000000005,0.021740333833490163,670.70000000000005,0.021359409306307912,670.70000000000005,0.021578588201385179,670.70000000000005,0.025879428295312937,670.70000000000005,0.025864254045760111,670.70000000000005,0.024192458652289275,670.70000000000005,0.023979552910658428,670.70000000000005,0.023362961267516084,670.70000000000005,0.023395683392250115,670.70000000000005,0.021518018361689685,670.70000000000005,0.021224875596585365,670.70000000000005,0.029985970177089424,670.70000000000005,0.032702415164076876,670.70000000000005,0.02970083839848088,670.70000000000005,0.02900214474029993,670.70000000000005,0.025471927638327271,670.70000000000005,0.027020294499122605,670.70000000000005,0.025004365775709334,670.70000000000005,0.024575332943380553,670.70000000000005,0.043283529581309405,670.70000000000005,0.042512228410603321,670.70000000000005,0.033399159058348796,670.70000000000005,0.034561006417266435,670.70000000000005,0.031416673024592452,670.70000000000005,0.031186092249264604,670.70000000000005,0.027771504624331356,670.70000000000005,0.027901926875376178,670.70000000000005,0.022351839136000272,670.70000000000005,0.021994481320414032,670.70000000000005,0.020971533446928273,670.70000000000005,0.021036384289989236,670.70000000000005,0.020355153734645609,670.70000000000005,0.019810957673168705,670.70000000000005,0.019200681569644718,670.70000000000005,0.019768741045921179,670.70000000000005,0.023683782202894129,670.70000000000005,0.024397946813831461,670.70000000000005,0.022530920712426777,670.70000000000005,0.021418834719361155,670.70000000000005,0.020719123793053754,670.70000000000005,0.021443503471427483,670.70000000000005,0.020478031247085953,670.70000000000005,0.019883819502725431,670.70000000000005,0.029253367581360257,670.70000000000005,0.028962767986572057,670.70000000000005,0.025378254198350332,670.70000000000005,0.026482541135779858,670.70000000000005,0.024302577926977105,670.70000000000005,0.024201741223943106,670.70000000000005,0.022741452828429258,670.70000000000005,0.022590303739308083,670.70000000000005,0.038613633088341259,670.70000000000005,0.038077066537812704,670.70000000000005,0.03184553631223349,670.70000000000005,0.032021650856624534,670.70000000000005,0.029082169832913708,670.70000000000005,0.029215050481930779,670.70000000000005,0.0254696811712147,670.70000000000005,0.026297695039970162
671.39999999999998,0.026175919568000139,671.39999999999998,0.025688690521604232,671.39999999999998,0.025177682832752641,671.39999999999998,0.024171392724837447,671.39999999999998,0.022529606741096785,671.39999999999998,0.022281181387384181,671.39999999999998,0.022383459220263979,671.39999999999998,0.022255919228910761,671.39999999999998,0.026984011935946014,671.39999999999998,0.026673829929723728,671.39999999999998,0.024487466408958738,671.39999999999998,0.024470384781668828,671.39999999999998,0.023483337995812249,671.39999999999998,0.023929749158634491,671.39999999999998,0.022034281935861245,671.39999999999998,0.022025974246161928,671.39999999999998,0.029952908962979915,671.39999999999998,0.033045743156752544,671.39999999999998,0.030004323389537395,671.39999999999998,0.029185253003060286,671.39999999999998,0.026343387333316381,671.39999999999998,0.027467892474759035,671.39999999999998,0.025236641997914602,671.39999999999998,0.024797436484321356,671.39999999999998,0.042731661622712219,671.39999999999998,0.042488492154319581,671.39999999999998,0.033872188737146383,671.39999999999998,0.034727160211252682,671.39999999999998,0.031824427998609732,671.39999999999998,0.031733721590668257,671.39999999999998,0.028261488771903053,671.39999999999998,0.028552130752863187,671.39999999999998,0.022559531378483082,671.39999999999998,0.022759975585564966,671.39999999999998,0.02167090528386019,671.39999999999998,0.021293244491916958,671.39999999999998,0.020908717140120204,671.39999999999998,0.020377236930223884,671.39999999999998,0.019960241770724717,671.39999999999998,0.02018666870120292,671.39999999999998,0.02414409603011114,671.39999999999998,0.02498881005060909,671.39999999999998,0.022830167086289769,671.39999999999998,0.022399650737943252,671.39999999999998,0.021090426659206702,671.39999999999998,0.021843628934496415,671.39999999999998,0.02078490713189729,671.39999999999998,0.020895153565100924,671.39999999999998,0.029371201139340306,671.39999999999998,0.029220475911938486,671.39999999999998,0.025813136322406179,671.39999999999998,0.026829260022210352,671.39999999999998,0.024643362749336657,671.39999999999998,0.024552698727567122,671.39999999999998,0.023206852996278497,671.39999999999998,0.023082831057195902,671.39999999999998,0.038635673897747601,671.39999999999998,0.037681179691937308,671.39999999999998,0.031780261607453182,671.39999999999998,0.031608809541975022,671.39999999999998,0.02934072548171884,671.39999999999998,0.029637216754406049,671.39999999999998,0.026226698201978586,671.39999999999998,0.026431635343285603
672.10000000000002,0.025822418894060006,672.10000000000002,0.024781626442189501,672.10000000000002,0.025156489746785009,672.10000000000002,0.02394759373701923,672.10000000000002,0.022506718208251741,672.10000000000002,0.022197256766952347,672.10000000000002,0.022602171867449963,672.10000000000002,0.022356798318116693,672.10000000000002,0.026635597602638113,672.10000000000002,0.026684002610988196,672.10000000000002,0.024028848028619144,672.10000000000002,0.024314403668947042,672.10000000000002,0.023440951823876979,672.10000000000002,0.023688147978603465,672.10000000000002,0.022273339945576155,672.10000000000002,0.021936115561659163,672.10000000000002,0.030273348422810539,672.10000000000002,0.032810923764231163,672.10000000000002,0.02945245543094021,672.10000000000002,0.028941108652713144,672.10000000000002,0.025777955799699905,672.10000000000002,0.026528614904673498,672.10000000000002,0.02514932648372795,672.10000000000002,0.025183998372370998,672.10000000000002,0.041938192484084001,672.10000000000002,0.041607707501504713,672.10000000000002,0.033476301891270994,672.10000000000002,0.034072717716572151,672.10000000000002,0.031628603884268795,672.10000000000002,0.031437018387121381,672.10000000000002,0.028286072751625504,672.10000000000002,0.028397845087018814,672.10000000000002,0.023058840483880533,672.10000000000002,0.02274386884022957,672.10000000000002,0.021063087578308451,672.10000000000002,0.021623008909573343,672.10000000000002,0.021566550528555557,672.10000000000002,0.020689199155667456,672.10000000000002,0.019916160151912041,672.10000000000002,0.020274831938828276,672.10000000000002,0.024113577986317747,672.10000000000002,0.024105482227478107,672.10000000000002,0.022272365063621645,672.10000000000002,0.022494595763078256,672.10000000000002,0.021766062239854868,672.10000000000002,0.021841933487619002,672.10000000000002,0.021135864635521306,672.10000000000002,0.021083348168493513,672.10000000000002,0.029211829132863701,672.10000000000002,0.029073819757042457,672.10000000000002,0.025577469206446084,672.10000000000002,0.026329950916812894,672.10000000000002,0.024546722277324247,672.10000000000002,0.023744818290480914,672.10000000000002,0.023316209319871488,672.10000000000002,0.023060790247789564,672.10000000000002,0.0374641201054568,672.10000000000002,0.037092011902037085,672.10000000000002,0.031859099887252773,672.10000000000002,0.031852106168883461,672.10000000000002,0.029016047404694691,672.10000000000002,0.029034485389486539,672.10000000000002,0.025994421979773318,672.10000000000002,0.0261925773335707
672.89999999999998,0.025756296465840989,672.89999999999998,0.025164797436484324,672.89999999999998,0.024931843035528093,672.89999999999998,0.023547468273950309,672.89999999999998,0.022001475038783348,672.89999999999998,0.022721997575510963,672.89999999999998,0.023183710146401835,672.89999999999998,0.022440722938548527,672.89999999999998,0.026108313623763382,672.89999999999998,0.025972762645914398,672.89999999999998,0.02454850249654553,672.89999999999998,0.024076193382670835,672.89999999999998,0.023705441536753052,672.89999999999998,0.023711884234887209,672.89999999999998,0.021942727804481067,672.89999999999998,0.022539694650017379,672.89999999999998,0.030084306095979244,672.89999999999998,0.032864330340869601,672.89999999999998,0.029471105346591728,672.89999999999998,0.028360418097199972,672.89999999999998,0.025854250909183387,672.89999999999998,0.026613387248544035,672.89999999999998,0.0243346642591321,672.89999999999998,0.02479489331400524,672.89999999999998,0.041351567864499894,672.89999999999998,0.040518382882768336,672.89999999999998,0.033677212346244163,672.89999999999998,0.033731085170773896,672.89999999999998,0.031785432720429281,672.89999999999998,0.031320880276018745,672.89999999999998,0.028313199901664081,672.89999999999998,0.028376652001051179,672.89999999999998,0.02293168196807473,672.89999999999998,0.022832032077854923,672.89999999999998,0.021020701406373181,672.89999999999998,0.021783228639488655,672.89999999999998,0.021042657443435649,672.89999999999998,0.020295007756669467,672.89999999999998,0.019853428617447839,672.89999999999998,0.020744470723871044,672.89999999999998,0.023754143248306672,672.89999999999998,0.023957978349143382,672.89999999999998,0.022508032179581732,672.89999999999998,0.02278790807287031,672.89999999999998,0.022239091918652459,672.89999999999998,0.021623220840433017,672.89999999999998,0.020762018599052245,672.89999999999998,0.021463128269033516,672.89999999999998,0.028977009740342313,672.89999999999998,0.029193348761899916,672.89999999999998,0.025430813051550063,672.89999999999998,0.025890830175563519,672.89999999999998,0.024048260895365495,672.89999999999998,0.024249213736510601,672.89999999999998,0.023085628544543629,672.89999999999998,0.023063333418105673,672.89999999999998,0.037036019768910591,672.89999999999998,0.036542687113756016,672.89999999999998,0.030763841204445454,672.89999999999998,0.031305324550918508,672.89999999999998,0.028710866966760763,672.89999999999998,0.029561769368361274,672.89999999999998,0.026242804947313989,672.89999999999998,0.026257852038351008
673.60000000000002,0.0249670659444063,673.60000000000002,0.024144138416283073,673.60000000000002,0.023605155853954212,673.60000000000002,0.022557327297542451,673.60000000000002,0.021116451768774958,673.60000000000002,0.021783567728864132,673.60000000000002,0.022085060569839693,673.60000000000002,0.021225935250883753,673.60000000000002,0.025046963878504275,673.60000000000002,0.025056373608673906,673.60000000000002,0.023396446343344951,673.60000000000002,0.02378881513694972,673.60000000000002,0.023193416579775014,673.60000000000002,0.022588650678602617,673.60000000000002,0.020900027974873475,673.60000000000002,0.021614828378389839,673.60000000000002,0.028926315878707729,673.60000000000002,0.031552902181192416,673.60000000000002,0.028642031823537889,673.60000000000002,0.027789052499512554,673.60000000000002,0.024709824266931156,673.60000000000002,0.025683434636284259,673.60000000000002,0.023410645710943267,673.60000000000002,0.02409382603019591,673.60000000000002,0.040068962301738689,673.60000000000002,0.039597755228334315,673.60000000000002,0.032942236124886622,673.60000000000002,0.032638369658282686,673.60000000000002,0.030420597984113663,673.60000000000002,0.03017984452752134,673.60000000000002,0.027181489110992427,673.60000000000002,0.026960106134974526,673.60000000000002,0.021928825140086299,673.60000000000002,0.021613853496435329,673.60000000000002,0.020303527377228452,673.60000000000002,0.021251706043420398,673.60000000000002,0.020318701626781278,673.60000000000002,0.019865211973245846,673.60000000000002,0.019026898264710119,673.60000000000002,0.019796715919398456,673.60000000000002,0.023202275289709487,673.60000000000002,0.022843222027245834,673.60000000000002,0.021427184795232403,673.60000000000002,0.021685019879114639,673.60000000000002,0.021866093605622101,673.60000000000002,0.020866203809669137,673.60000000000002,0.02017030763883591,673.60000000000002,0.020600145808431461,673.60000000000002,0.027859710248128652,673.60000000000002,0.02773187355357188,673.60000000000002,0.025005255885319971,673.60000000000002,0.024428507243796783,673.60000000000002,0.023242923628595411,673.60000000000002,0.0236795435857006,673.60000000000002,0.022436272390495324,673.60000000000002,0.022632689911243356,673.60000000000002,0.035215957546010188,673.60000000000002,0.03545844883565185,673.60000000000002,0.029735552673295862,673.60000000000002,0.029765011062790874,673.60000000000002,0.028255639480175988,673.60000000000002,0.027986699219246718,673.60000000000002,0.02509244424099082,673.60000000000002,0.025231258954078826
674.29999999999995,0.024611022100150048,674.29999999999995,0.024367937404101286,674.29999999999995,0.023895924993430143,674.29999999999995,0.0228820053745666,674.29999999999995,0.021237676220509823,674.29999999999995,0.022112484423081814,674.29999999999995,0.022683553317565677,674.29999999999995,0.02111149258665853,674.29999999999995,0.024176351906953875,674.29999999999995,0.024964819477293725,674.29999999999995,0.023738926612581913,674.29999999999995,0.023533650381899408,674.29999999999995,0.023074735298356262,674.29999999999995,0.022899765180607479,674.29999999999995,0.020847469121673744,674.29999999999995,0.021550401397048228,674.29999999999995,0.028972092944397815,674.29999999999995,0.030582258843874773,674.29999999999995,0.02918627027118673,674.29999999999995,0.027000669701516575,674.29999999999995,0.024723387841950443,674.29999999999995,0.025419792646846892,674.29999999999995,0.023636987869077596,674.29999999999995,0.024129430414621535,674.29999999999995,0.039114425709756449,674.29999999999995,0.039210345616845964,674.29999999999995,0.032291184523960903,674.29999999999995,0.031957647737002277,674.29999999999995,0.029876359536464822,674.29999999999995,0.029734789722201029,674.29999999999995,0.026756779668201044,674.29999999999995,0.026923654027110194,674.29999999999995,0.021663487703771526,674.29999999999995,0.021113696667599161,674.29999999999995,0.020181455202054877,674.29999999999995,0.021371235048277853,674.29999999999995,0.020172045471885253,674.29999999999995,0.019443893424209286,674.29999999999995,0.019579613946746011,674.29999999999995,0.01961106448632198,674.29999999999995,0.023231097886625467,674.29999999999995,0.022866958283529585,674.29999999999995,0.021589099972025124,674.29999999999995,0.021471393572560889,674.29999999999995,0.021561760891126876,674.29999999999995,0.020826360808049983,674.29999999999995,0.020343243220331802,674.29999999999995,0.020702720344514806,674.29999999999995,0.027170511092461196,674.29999999999995,0.027416520434373488,674.29999999999995,0.025340106643608584,674.29999999999995,0.024631113145647362,674.29999999999995,0.023605749260361304,674.29999999999995,0.024624755219857075,674.29999999999995,0.022560887735985011,674.29999999999995,0.022648796656578759,674.29999999999995,0.034911624831514963,674.29999999999995,0.035244822529098101,674.29999999999995,0.029299822825801305,674.29999999999995,0.029193645465103463,674.29999999999995,0.028019972364215901,674.29999999999995,0.028206259589871406,674.29999999999995,0.025323872739757385,674.29999999999995,0.0251007095445182
675,0.023999813500843487,675,0.023549036562311915,675,0.023517840339767556,675,0.023243135559455081,675,0.021253782965845226,675,0.021395310393937082,675,0.022278341513864514,675,0.020624899332841652,675,0.02468837686393191,675,0.025116561972821985,675,0.022856446512889633,675,0.023626899960156999,675,0.022821265990183359,675,0.022644600425557167,675,0.020957673168705438,675,0.021227418766901488,675,0.029114510482100314,675,0.030305901002856829,675,0.028736129125234187,675,0.026809931927807874,675,0.024864109932775536,675,0.025145130252706357,675,0.023640378762832419,675,0.024017530920712429,675,0.038501521663572479,675,0.038672888956706758,675,0.031655391944931888,675,0.031050583657587547,675,0.028798903045870315,675,0.029208353466765005,675,0.026574519128879391,675,0.026524376287479969,675,0.021501572526978801,675,0.021290870866288582,675,0.020209430075532157,675,0.02085073285691276,675,0.019907555759009182,675,0.019904207251426293,675,0.019771199443893425,675,0.019438128904826085,675,0.023617659774675111,675,0.022746581555233424,675,0.021088095419750263,675,0.021318803353593926,675,0.021459186355043527,675,0.020665293354695965,675,0.020200825682629299,675,0.020653552385069895,675,0.026746649373108521,675,0.026397556861049647,675,0.025032383035358541,675,0.024511584140789907,675,0.02362439917601282,675,0.024183091308291587,675,0.022308266151250818,675,0.02266998974254639,675,0.034517433432516974,675,0.034570034671888641,675,0.029452413044768276,675,0.028626518484609582,675,0.027983520256351566,675,0.027446699388791403,675,0.02503395132372015,675,0.024926078516144888
675.79999999999995,0.023845527834999113,675.79999999999995,0.023300653594771244,675.79999999999995,0.023961199698210457,675.79999999999995,0.022840466926070033,675.79999999999995,0.021059654298381695,675.79999999999995,0.02175220196163204,675.79999999999995,0.022181701041852103,675.79999999999995,0.020959750091130266,675.79999999999995,0.024078015988064055,675.79999999999995,0.024556216779837745,675.79999999999995,0.023339648872951688,675.79999999999995,0.023128438578198251,675.79999999999995,0.022917058738757067,675.79999999999995,0.022915024202504176,675.79999999999995,0.021044140959453388,675.79999999999995,0.020819663792884212,675.79999999999995,0.029343395810550767,675.79999999999995,0.029656544848808527,675.79999999999995,0.028012173308579805,675.79999999999995,0.026010528725108721,675.79999999999995,0.024669133541873299,675.79999999999995,0.02495269703212024,675.79999999999995,0.023490331714181564,675.79999999999995,0.023792036486016799,675.79999999999995,0.03751561930435815,675.79999999999995,0.037582716614531678,675.79999999999995,0.030683900884175545,675.79999999999995,0.030022295126437948,675.79999999999995,0.02832841653738884,675.79999999999995,0.028442859201614063,675.79999999999995,0.025981112721785639,675.79999999999995,0.026994015072522737,675.79999999999995,0.021607537956816969,675.79999999999995,0.021354450124191481,675.79999999999995,0.020424751828963316,675.79999999999995,0.021502632181277181,675.79999999999995,0.020153395556233734,675.79999999999995,0.02008562006730924,675.79999999999995,0.019950916812898959,675.79999999999995,0.019590719123793052,675.79999999999995,0.023836372421861093,675.79999999999995,0.022972923713367753,675.79999999999995,0.020755787831777762,675.79999999999995,0.021117892898620753,675.79999999999995,0.021224366962522147,675.79999999999995,0.020567805159244848,675.79999999999995,0.020645880487949617,675.79999999999995,0.020460271441045074,675.79999999999995,0.026627120368251062,675.79999999999995,0.026433161245475276,675.79999999999995,0.024650059764502429,675.79999999999995,0.024536168120512358,675.79999999999995,0.023592185685342017,675.79999999999995,0.023824504293719222,675.79999999999995,0.022211625679238407,675.79999999999995,0.022405500029670324,675.79999999999995,0.034217339335215272,675.79999999999995,0.03421314310419369,675.79999999999995,0.029412570043149122,675.79999999999995,0.029021557607046278,675.79999999999995,0.02730958012258081,675.79999999999995,0.027535710349855465,675.79999999999995,0.024554139857412921,675.79999999999995,0.024696345464255743
676.5,0.023710739808244959,676.5,0.023426116663699637,676.5,0.023583962767986574,676.5,0.021957139102939057,676.5,0.021104583640633084,676.5,0.020933301119842665,676.5,0.021527258547171566,676.5,0.020412968473165313,676.5,0.02465870654357722,676.5,0.023933140052389307,676.5,0.022858141959767042,676.5,0.022828344480896552,676.5,0.023062867170214389,676.5,0.022089341573205159,676.5,0.020631299644803879,676.5,0.020662834956723719,676.5,0.028608419589193222,676.5,0.029446309436009597,676.5,0.027061027610352398,676.5,0.025535803599433724,676.5,0.02394941634241245,676.5,0.025112916762035552,676.5,0.023145308274628486,676.5,0.022739163975144746,676.5,0.036795902104897298,676.5,0.036290786093944719,676.5,0.030376177275925498,676.5,0.029715419241626607,676.5,0.027788416706933529,676.5,0.028099531208938395,676.5,0.025671693666658186,676.5,0.026647296186092247,676.5,0.021229453303154379,676.5,0.021626569348015903,676.5,0.020740104948161708,676.5,0.020914312114815665,676.5,0.019584573128862443,676.5,0.020250078414418077,676.5,0.019223570102489762,676.5,0.019610216762883274,676.5,0.023419292490018059,676.5,0.022850851538194182,676.5,0.020675254105100759,676.5,0.021159431347117317,676.5,0.021005654315336166,676.5,0.020483032815374311,676.5,0.019999067504217424,676.5,0.020060145977976146,676.5,0.026152395242576069,676.5,0.026199189576392595,676.5,0.023921865330654525,676.5,0.024062290718276071,676.5,0.022873316209319872,676.5,0.022998821664420202,676.5,0.021786068513008315,676.5,0.021939252138382374,676.5,0.033433195154412822,676.5,0.033414587624933247,676.5,0.028878504276764746,676.5,0.028183159126166681,676.5,0.026954384001763261,676.5,0.027100828225799619,676.5,0.023730152674991314,676.5,0.024355560641896187
677.20000000000005,0.022916422946178037,677.20000000000005,0.023182820036791198,677.20000000000005,0.02397730644354586,677.20000000000005,0.02181896018243008,677.20000000000005,0.021141035748497412,677.20000000000005,0.020537414273967266,677.20000000000005,0.021238184854573041,677.20000000000005,0.020256139637004823,677.20000000000005,0.023732144825072264,677.20000000000005,0.023790722514686807,677.20000000000005,0.022842035214431639,677.20000000000005,0.022716444986987449,677.20000000000005,0.022188864304909166,677.20000000000005,0.021786704305587348,677.20000000000005,0.020557547705636513,677.20000000000005,0.020005001568288366,677.20000000000005,0.028138780804150453,677.20000000000005,0.029064833888592188,677.20000000000005,0.026888939752295213,677.20000000000005,0.025322177292879975,677.20000000000005,0.023586590710646557,677.20000000000005,0.024701770894263456,677.20000000000005,0.022740944194366029,677.20000000000005,0.022092350991412563,677.20000000000005,0.035389528920085109,677.20000000000005,0.035515119147529313,677.20000000000005,0.030084560413010858,677.20000000000005,0.029655230877478529,677.20000000000005,0.027529861058128397,677.20000000000005,0.027732466959978976,677.20000000000005,0.025090155387706311,677.20000000000005,0.026187830082313943,677.20000000000005,0.020883582140162595,677.20000000000005,0.02093482702203233,677.20000000000005,0.0201848460958097,677.20000000000005,0.02085073285691276,677.20000000000005,0.019348906012902348,677.20000000000005,0.019959309274942147,677.20000000000005,0.0185326754999449,677.20000000000005,0.018999855887015416,677.20000000000005,0.022915744767427079,677.20000000000005,0.022446487457931728,677.20000000000005,0.020112365741800399,677.20000000000005,0.020888159846731598,677.20000000000005,0.02100056797470393,677.20000000000005,0.020180395547756504,677.20000000000005,0.020206759746700238,677.20000000000005,0.019485389486533916,677.20000000000005,0.02595063706416419,677.20000000000005,0.026239880301450455,677.20000000000005,0.023610750828649659,677.20000000000005,0.023715571831845576,677.20000000000005,0.022824995973313663,677.20000000000005,0.022778413570356811,677.20000000000005,0.021459694989106753,677.20000000000005,0.021884997838305231,677.20000000000005,0.032860981833286708,677.20000000000005,0.033098386782296145,677.20000000000005,0.027832413553402335,677.20000000000005,0.027769470088078466,677.20000000000005,0.026674635266990498,677.20000000000005,0.026893135983316805,677.20000000000005,0.023001110517704704,677.20000000000005,0.023968998753846546
678,0.022589201698837772,678,0.023376948704254726,678,0.023576333257038225,678,0.021537516000779904,678,0.021144426642252231,678,0.019776158626009854,678,0.020843145732136345,678,0.019923832049032322,678,0.023511736731008873,678,0.024167111721471988,678,0.022661470121987399,678,0.022297669608267002,678,0.022298220628502157,678,0.021234836346990159,678,0.020508379746191602,678,0.020335613709383454,678,0.027384306943702686,678,0.028892746030535002,678,0.027009316480591374,678,0.025025474089333095,678,0.023431457321363473,678,0.024255868365504439,678,0.02241457067046447,678,0.021882115578613633,678,0.035002967032035474,678,0.034480048828870069,678,0.029497088069988044,678,0.029567067639853173,678,0.027242482812407279,678,0.027779939472546478,678,0.025419072081923989,678,0.025339258920169885,678,0.021094665276400228,678,0.021016208472148048,678,0.01998817425803006,678,0.019836855624221154,678,0.018777540415214938,678,0.01953799072590558,678,0.018348719513745837,678,0.0189812059713639,678,0.021898476640980647,678,0.021754745131948156,678,0.020480277714198521,678,0.020759305884048385,678,0.020752185007163262,678,0.020625450353076814,678,0.019790527538295903,678,0.019337885608199181,678,0.025547968430779149,678,0.026367886540694958,678,0.02324368657969024,678,0.02385375075235455,678,0.022834320931139428,678,0.022516467027796853,678,0.021263870874765813,678,0.021935013521188845,678,0.032415927027966397,678,0.032616879869111499,678,0.027196620974373319,678,0.027536346142434488,678,0.026014258708239021,678,0.027010121817858147,678,0.023279163805600064,678,0.023891008197485655
678.70000000000005,0.02255529276128956,678.70000000000005,0.023321846680738882,678.70000000000005,0.023278782330052643,678.70000000000005,0.021688410772869454,678.70000000000005,0.020829073523053843,678.70000000000005,0.019970287293473381,678.70000000000005,0.021069487890270674,678.70000000000005,0.020050142841399422,678.70000000000005,0.023587184117053656,678.70000000000005,0.024000110204047034,678.70000000000005,0.022356289684053472,678.70000000000005,0.0220925205361003,678.70000000000005,0.021833668184091624,678.70000000000005,0.021496782889550113,678.70000000000005,0.020020938768936021,678.70000000000005,0.020101642040300776,678.70000000000005,0.026685782830209472,678.70000000000005,0.028720658172477809,678.70000000000005,0.026994905182133381,678.70000000000005,0.025751973076303582,678.70000000000005,0.023801064740639012,678.70000000000005,0.024018505802666935,678.70000000000005,0.022024617888660006,678.70000000000005,0.021731220806524083,678.70000000000005,0.03469863431754025,678.70000000000005,0.034431728592863871,678.70000000000005,0.029451311004297955,678.70000000000005,0.029681510304078396,678.70000000000005,0.027405245712638707,678.70000000000005,0.027060222273085629,678.70000000000005,0.025475021828878546,678.70000000000005,0.025055271568203589,678.70000000000005,0.020814068818188758,678.70000000000005,0.020806820782787824,678.70000000000005,0.019627891796580282,678.70000000000005,0.019791078558531065,678.70000000000005,0.01906237549061994,678.70000000000005,0.019218398989513663,678.70000000000005,0.018055407203953783,678.70000000000005,0.01874214796164899,678.70000000000005,0.021626357417156229,678.70000000000005,0.021925137543127932,678.70000000000005,0.020532836567398252,678.70000000000005,0.020633842815119999,678.70000000000005,0.020822546052575809,678.70000000000005,0.020500835007587124,678.70000000000005,0.020178784873222961,678.70000000000005,0.019481150869340384,678.70000000000005,0.025580181921449952,678.70000000000005,0.025787195985181793,678.70000000000005,0.022923247119859616,678.70000000000005,0.023777455642871068,678.70000000000005,0.022746157693514069,678.70000000000005,0.02262836652170596,678.70000000000005,0.021076523994811934,678.70000000000005,0.021690021447402997,678.70000000000005,0.031869145410001444,678.70000000000005,0.03185901511490892,678.70000000000005,0.027455176623178451,678.70000000000005,0.027679611403575697,678.70000000000005,0.025783677932911166,678.70000000000005,0.026586260098505472,678.70000000000005,0.023463967515237827,678.70000000000005,0.023863881047447081
679.39999999999998,0.022703644363062995,679.39999999999998,0.02347104600595102,679.39999999999998,0.022737934776158628,679.39999999999998,0.020739808244958163,679.39999999999998,0.020773123776099287,679.39999999999998,0.020256817815755793,679.39999999999998,0.021411120436068937,679.39999999999998,0.020370582301230046,679.39999999999998,0.023835567084594323,679.39999999999998,0.023814458770970558,679.39999999999998,0.022263040105795884,679.39999999999998,0.021352457974110527,679.39999999999998,0.022124437323567558,679.39999999999998,0.021720581877368327,679.39999999999998,0.020031959173639192,679.39999999999998,0.020592473911311179,679.39999999999998,0.026496740503378177,679.39999999999998,0.028123860871629235,679.39999999999998,0.02663292727380619,679.39999999999998,0.025458660766511536,679.39999999999998,0.023841755465696869,679.39999999999998,0.023938819799428634,679.39999999999998,0.021977145376092508,679.39999999999998,0.022005035477225911,679.39999999999998,0.034487551181302617,679.39999999999998,0.033686579690241858,679.39999999999998,0.02866208048286327,679.39999999999998,0.028923645549875806,679.39999999999998,0.02712634470130465,679.39999999999998,0.026843205072777061,679.39999999999998,0.025894644931037696,679.39999999999998,0.024766197875605061,679.39999999999998,0.021079406254503531,679.39999999999998,0.02114760560514738,679.39999999999998,0.020221298203674035,679.39999999999998,0.019780905877266598,679.39999999999998,0.019120020684451899,679.39999999999998,0.019163296965997813,679.39999999999998,0.018335155938726554,679.39999999999998,0.01917703008570484,679.39999999999998,0.021299136169815956,679.39999999999998,0.022326110729635563,679.39999999999998,0.020904139433551197,679.39999999999998,0.020561786322830039,679.39999999999998,0.020806439307240406,679.39999999999998,0.020764476997024495,679.39999999999998,0.019548078634826174,679.39999999999998,0.019899078524622124,679.39999999999998,0.025306367250748123,679.39999999999998,0.025695641853801614,679.39999999999998,0.022901206310453278,679.39999999999998,0.023537549909717449,679.39999999999998,0.022705466968456215,679.39999999999998,0.022836058764188771,679.39999999999998,0.021355425006145991,679.39999999999998,0.021644244381712904,679.39999999999998,0.031303713876384968,679.39999999999998,0.031339360646982534,679.39999999999998,0.027565380670210152,679.39999999999998,0.028057696057238284,679.39999999999998,0.025546315370073666,679.39999999999998,0.026830404448852613,679.39999999999998,0.023920042725261312,679.39999999999998,0.023839297067724627
680.10000000000002,0.022458652289277153,680.10000000000002,0.022986995922450258,680.10000000000002,0.022372565974076622,680.10000000000002,0.020955129998389319,680.10000000000002,0.02084178937463442,680.10000000000002,0.020332265201800568,680.10000000000002,0.021543365292506968,680.10000000000002,0.020172215016572993,680.10000000000002,0.024272144655527579,680.10000000000002,0.023281240728024892,680.10000000000002,0.021906148538100929,680.10000000000002,0.021546586641574054,680.10000000000002,0.021554767172757557,680.10000000000002,0.021675652535116944,680.10000000000002,0.020041284131464946,680.10000000000002,0.019778659410154033,680.10000000000002,0.026296677771843715,680.10000000000002,0.027964488865152629,680.10000000000002,0.026020870951060922,680.10000000000002,0.025431533616472966,680.10000000000002,0.023930766426760931,680.10000000000002,0.023602273594262604,680.10000000000002,0.022287412154658667,680.10000000000002,0.022009274094419436,680.10000000000002,0.033861083560099363,680.10000000000002,0.033506014597797618,680.10000000000002,0.028513728881089832,680.10000000000002,0.028581165280638844,680.10000000000002,0.027261980451497504,680.10000000000002,0.026507506591049741,680.10000000000002,0.02572594796673533,680.10000000000002,0.02475517747090189,680.10000000000002,0.020827632393208041,680.10000000000002,0.021214575756805104,680.10000000000002,0.020284877461576936,680.10000000000002,0.019254469621830573,680.10000000000002,0.018861465035646768,680.10000000000002,0.019043767961140354,680.10000000000002,0.018213083763552979,680.10000000000002,0.019075303273060191,680.10000000000002,0.021597534820240245,680.10000000000002,0.022623661656621143,680.10000000000002,0.020682035892610393,680.10000000000002,0.020507532022752895,680.10000000000002,0.020546188211557861,680.10000000000002,0.020132923035189002,680.10000000000002,0.019487890270678095,680.10000000000002,0.019505734849062841,680.10000000000002,0.02484266252977629,680.10000000000002,0.024806379966599696,680.10000000000002,0.023151284724871355,680.10000000000002,0.02319422191704178,680.10000000000002,0.022320600527283983,680.10000000000002,0.022669057246763817,680.10000000000002,0.021372379474920104,680.10000000000002,0.02125513932334715,680.10000000000002,0.030477183523647252,680.10000000000002,0.030581495892779944,680.10000000000002,0.027376338343378857,680.10000000000002,0.027538041589311904,680.10000000000002,0.025478497494977239,680.10000000000002,0.026758347956562654,680.10000000000002,0.023260513889948545,680.10000000000002,0.023542593864177754
680.89999999999998,0.022282325814026439,680.89999999999998,0.022554656968710531,680.89999999999998,0.022091969515865149,680.89999999999998,0.021075506726685483,680.89999999999998,0.020866373354356878,680.89999999999998,0.020639141086611901,680.89999999999998,0.021011842696438712,680.89999999999998,0.020111178928986208,680.89999999999998,0.023623636224917983,680.89999999999998,0.023188838873206007,680.89999999999998,0.021911234878733157,680.89999999999998,0.021705958648050659,680.89999999999998,0.021547985385247916,680.89999999999998,0.02096271712316574,680.89999999999998,0.019980248043878161,680.89999999999998,0.019637089595890236,680.89999999999998,0.026560319761281079,680.89999999999998,0.027292244178259286,680.89999999999998,0.025538516314437577,680.89999999999998,0.024817781846850285,680.89999999999998,0.024001975195612181,680.89999999999998,0.023303027220399619,680.89999999999998,0.022054288209014693,680.89999999999998,0.022000796860032382,680.89999999999998,0.032967583055703908,680.89999999999998,0.032960080703271361,680.89999999999998,0.028059349117943763,680.89999999999998,0.028000474725125672,680.89999999999998,0.026853377754041521,680.89999999999998,0.02666433542721023,680.89999999999998,0.025450437849156089,680.89999999999998,0.024730593491179433,680.89999999999998,0.021134508278019378,680.89999999999998,0.021084026347244478,680.89999999999998,0.020444249468053542,680.89999999999998,0.019390105372023431,680.89999999999998,0.018609691174351278,680.89999999999998,0.018928477573476432,680.89999999999998,0.018525045988996552,680.89999999999998,0.01909480091215042,680.89999999999998,0.021527173774827702,680.89999999999998,0.022275247323313242,680.89999999999998,0.020333621559302493,680.89999999999998,0.020288819375566914,680.89999999999998,0.020220662411095002,680.89999999999998,0.019971855581834983,680.89999999999998,0.019242050473453537,680.89999999999998,0.019564227766333511,680.89999999999998,0.024863855615743925,680.89999999999998,0.024676678280477777,680.89999999999998,0.023347956562651002,680.89999999999998,0.023301035070318655,680.89999999999998,0.02258593796359876,680.89999999999998,0.022454583216771365,680.89999999999998,0.020995990268134927,680.89999999999998,0.021864652475776302,680.89999999999998,0.030338156879699572,680.89999999999998,0.030949407865178063,680.89999999999998,0.026751566169053002,680.89999999999998,0.02751091443927333,680.89999999999998,0.025307257360358753,680.89999999999998,0.026651534803285779,680.89999999999998,0.02306045115841408,680.89999999999998,0.023283190491933912
681.60000000000002,0.022440850097064341,681.60000000000002,0.022524138924917139,681.60000000000002,0.021627417071454613,681.60000000000002,0.021884234887210394,681.60000000000002,0.020344175716114379,681.60000000000002,0.020269533667336366,681.60000000000002,0.020707509981943491,681.60000000000002,0.018948950094521161,681.60000000000002,0.023835567084594323,681.60000000000002,0.022827708688317523,681.60000000000002,0.021311046684129767,681.60000000000002,0.021873807888914319,681.60000000000002,0.021661580326034432,681.60000000000002,0.020383722014529981,681.60000000000002,0.019873434890601286,681.60000000000002,0.01937005671269805,681.60000000000002,0.02630515500623077,681.60000000000002,0.026911616354280583,681.60000000000002,0.025051923060620707,681.60000000000002,0.024541424005832337,681.60000000000002,0.02333227367903495,681.60000000000002,0.022946135652704661,681.60000000000002,0.02198053626984733,681.60000000000002,0.021546417096886313,681.60000000000002,0.032492857930028915,681.60000000000002,0.032626925391860163,681.60000000000002,0.027971185880318401,681.60000000000002,0.028380254825665672,681.60000000000002,0.027399311648567775,681.60000000000002,0.025763205411866434,681.60000000000002,0.025115587090867472,681.60000000000002,0.024857752006985239,681.60000000000002,0.02063604689606063,681.60000000000002,0.020691530395123902,681.60000000000002,0.019818629570288987,681.60000000000002,0.018894187160380799,681.60000000000002,0.01816378864559226,681.60000000000002,0.018093469986351651,681.60000000000002,0.018732738231479359,681.60000000000002,0.018679416427184792,681.60000000000002,0.021189779846222973,681.60000000000002,0.021970066885379315,681.60000000000002,0.0209049871569899,681.60000000000002,0.02011079745343879,681.60000000000002,0.019873943524664515,681.60000000000002,0.019550537032798417,681.60000000000002,0.019603180658342021,681.60000000000002,0.018874180887227351,681.60000000000002,0.024459491535481472,681.60000000000002,0.024038342531132646,681.60000000000002,0.022683341386706,681.60000000000002,0.023691835575561825,681.60000000000002,0.022073065283182015,681.60000000000002,0.021937471919161098,681.60000000000002,0.0208968066258064,681.60000000000002,0.021510304078397467,681.60000000000002,0.030436492798589395,681.60000000000002,0.02970155896340378,681.60000000000002,0.026682052847079168,681.60000000000002,0.026579266380136145,681.60000000000002,0.02505463577562456,681.60000000000002,0.025846197536515694,681.60000000000002,0.023106228224104169,681.60000000000002,0.02334931292015293
682.29999999999995,0.022519688376863939,682.29999999999995,0.022311360341802092,682.29999999999995,0.021698625840305859,682.29999999999995,0.021474784466315705,682.29999999999995,0.019809262226291296,682.29999999999995,0.020478073633257883,682.29999999999995,0.020757525664827102,682.29999999999995,0.018991336266456427,682.29999999999995,0.023298110424455124,682.29999999999995,0.023112543763722525,682.29999999999995,0.021010104863389365,682.29999999999995,0.021706806371489366,682.29999999999995,0.021363181675610143,682.29999999999995,0.020387112908284804,682.29999999999995,0.019706433373176332,682.29999999999995,0.019449742715936354,682.29999999999995,0.025592219594279562,682.29999999999995,0.026366530183193036,682.29999999999995,0.02514771580919441,682.29999999999995,0.024551596687096805,682.29999999999995,0.023161881267855178,682.29999999999995,0.023451378822173054,682.29999999999995,0.021576172189584873,682.29999999999995,0.021279384213694123,682.29999999999995,0.032014741910599095,682.29999999999995,0.031779201953154805,682.29999999999995,0.027381170366979474,682.29999999999995,0.027964022617261344,682.29999999999995,0.026716046556971251,682.29999999999995,0.025380034417571608,682.29999999999995,0.024729872926256537,682.29999999999995,0.024483905970516178,682.29999999999995,0.02123877826098014,682.29999999999995,0.020161703245933051,682.29999999999995,0.019098912370828138,682.29999999999995,0.019439273331468342,682.29999999999995,0.018480837211668062,682.29999999999995,0.018125683477022456,682.29999999999995,0.018614904673499317,682.29999999999995,0.018460703779998811,682.29999999999995,0.021082118969507391,682.29999999999995,0.021931919330637574,682.29999999999995,0.020937200647660709,682.29999999999995,0.020065020387748701,682.29999999999995,0.019948543187270584,682.29999999999995,0.01951069403117927,682.29999999999995,0.019535362783245594,682.29999999999995,0.01855628459771284,682.29999999999995,0.024297576358688747,682.29999999999995,0.024597840000678179,682.29999999999995,0.022368835990946311,682.29999999999995,0.023232369471783521,682.29999999999995,0.021897586531370007,682.29999999999995,0.021772165848613554,682.29999999999995,0.021098564804218269,682.29999999999995,0.021559472037842371,682.29999999999995,0.029990590269830374,682.29999999999995,0.029244636029941595,682.29999999999995,0.026346354365351848,682.29999999999995,0.026495341759704315,682.29999999999995,0.024796927850258131,682.29999999999995,0.024959478819629892,682.29999999999995,0.023331722658799795,682.29999999999995,0.023445105668726637
683.10000000000002,0.022564617719115321,683.10000000000002,0.022158770122835129,683.10000000000002,0.021738468841925009,683.10000000000002,0.021028034214117985,683.10000000000002,0.019708383137085363,683.10000000000002,0.019498105338114493,683.10000000000002,0.020631214872460009,683.10000000000002,0.01890910709290201,683.10000000000002,0.023294719530700302,683.10000000000002,0.023174427574748017,683.10000000000002,0.020587090867475392,683.10000000000002,0.021266837906801287,683.10000000000002,0.021480167510151485,683.10000000000002,0.020667709366496274,683.10000000000002,0.019987877554826509,683.10000000000002,0.019512474250400549,683.10000000000002,0.025120037638920682,683.10000000000002,0.026735289879029869,683.10000000000002,0.025171452065478161,683.10000000000002,0.024293888761730376,683.10000000000002,0.022857548553359947,683.10000000000002,0.023127548468587611,683.10000000000002,0.021859311818112463,683.10000000000002,0.021042021650856627,683.10000000000002,0.031661241236658963,683.10000000000002,0.030537287115451457,683.10000000000002,0.027186193976077244,683.10000000000002,0.027644430880869424,683.10000000000002,0.026095512999838932,683.10000000000002,0.025421572866068172,683.10000000000002,0.024589150835431447,683.10000000000002,0.023936276629112518,683.10000000000002,0.020876800352652953,683.10000000000002,0.020497401727660371,683.10000000000002,0.018655553012385237,683.10000000000002,0.019286683112501379,683.10000000000002,0.018508812085145345,683.10000000000002,0.018246907928757324,683.10000000000002,0.01796893941320583,683.10000000000002,0.018454769715927872,683.10000000000002,0.021293202105745021,683.10000000000002,0.021983630460398598,683.10000000000002,0.021138111102633878,683.10000000000002,0.019763230843569592,683.10000000000002,0.019917177420038484,683.10000000000002,0.019455592007663419,683.10000000000002,0.019535362783245594,683.10000000000002,0.018080711748599137,683.10000000000002,0.02366602239685325,683.10000000000002,0.024611403575697459,683.10000000000002,0.022025507998270643,683.10000000000002,0.022922950416656068,683.10000000000002,0.021370302552495272,683.10000000000002,0.021844222340903503,683.10000000000002,0.021204530234056437,683.10000000000002,0.020944024821342284,683.10000000000002,0.029205598365589211,683.10000000000002,0.028287556267643246,683.10000000000002,0.025665632444071447,683.10000000000002,0.025517916634877038,683.10000000000002,0.024161135271229112,683.10000000000002,0.024603434975373643,683.10000000000002,0.023283402422793587,683.10000000000002,0.023609564015835475
683.79999999999995,0.021771148580487107,683.79999999999995,0.022079931843035531,683.79999999999995,0.021896145401524212,683.79999999999995,0.02061434517602977,683.79999999999995,0.020167001517424954,683.79999999999995,0.019550664191314224,683.79999999999995,0.020454040673770588,683.79999999999995,0.019442325135847677,683.79999999999995,0.0227564151471224,683.79999999999995,0.023115934657477348,683.79999999999995,0.020967718691454102,683.79999999999995,0.021510134533709722,683.79999999999995,0.020941863126573586,683.79999999999995,0.020927112738740112,683.79999999999995,0.019848850910878832,683.79999999999995,0.019303086561040326,683.79999999999995,0.024572408297517018,683.79999999999995,0.026813280435390757,683.79999999999995,0.024501750548900931,683.79999999999995,0.024635521307528635,683.79999999999995,0.023176292566313168,683.79999999999995,0.023080075956020109,683.79999999999995,0.021201478429677106,683.79999999999995,0.02078770461924502,683.79999999999995,0.031360299415918558,683.79999999999995,0.030339767554233111,683.79999999999995,0.026676712189415322,683.79999999999995,0.026556801709010449,683.79999999999995,0.025282546222120495,683.79999999999995,0.025284241668997905,683.79999999999995,0.023962683214228186,683.79999999999995,0.023135177979535952,683.79999999999995,0.021176046726515942,683.79999999999995,0.020411781660351128,683.79999999999995,0.018697939184320504,683.79999999999995,0.019652899638022091,683.79999999999995,0.018330790163017214,683.79999999999995,0.018582606410484644,683.79999999999995,0.017912141942812574,683.79999999999995,0.018492917270669616,683.79999999999995,0.022127361969431096,683.79999999999995,0.021885294541508778,683.79999999999995,0.020566745504946471,683.79999999999995,0.019630138263692851,683.79999999999995,0.019999406593592905,683.79999999999995,0.019709061315836322,683.79999999999995,0.019486194823800689,683.79999999999995,0.018293490331714179,683.79999999999995,0.023431203004331869,683.79999999999995,0.024446945228588625,683.79999999999995,0.022257784220475908,683.79999999999995,0.022322762222052678,683.79999999999995,0.02157799479497809,683.79999999999995,0.021682307164110782,683.79999999999995,0.020952756372760947,683.79999999999995,0.020900790925968311,683.79999999999995,0.028340920458109747,683.79999999999995,0.028735154243279677,683.79999999999995,0.025208709510609259,683.79999999999995,0.025496723548909403,683.79999999999995,0.024009392775700852,683.79999999999995,0.024220263981078818,683.79999999999995,0.022227986741605418,683.79999999999995,0.023387460474894668
684.5,0.021760128175783936,684.5,0.02237748277002111,684.5,0.021674889584022115,684.5,0.020304926120902313,684.5,0.020508634063223216,684.5,0.019547273297559408,684.5,0.020069174232598356,684.5,0.018948102371082454,684.5,0.022730983443961243,684.5,0.022596280189550965,684.5,0.021099963547892137,684.5,0.021683070115205615,684.5,0.021142773581546752,684.5,0.02114497766248739,684.5,0.020115036070632315,684.5,0.02025423225926774,684.5,0.025145469342081842,684.5,0.02730241685952375,684.5,0.024426303162856156,684.5,0.024274391122640151,684.5,0.023062697625526651,684.5,0.022522273933351985,684.5,0.021419343353424384,684.5,0.020786009172367607,684.5,0.030762654391631276,684.5,0.030331290319846053,684.5,0.026942049625730099,684.5,0.026900129701686121,684.5,0.025369014012868441,684.5,0.025523299678712818,684.5,0.023629527902816982,684.5,0.023198757237438854,684.5,0.02037070945974585,684.5,0.020658469181014386,684.5,0.019026008155099482,684.5,0.019621533870789996,684.5,0.018128184261166632,684.5,0.018625840305858617,684.5,0.018202063358849805,684.5,0.018494612717547026,684.5,0.022007832964573641,684.5,0.021813238049218819,684.5,0.020634563380042898,684.5,0.019632681434008967,684.5,0.019311055161364155,684.5,0.02011342539609878,684.5,0.018875833947932831,684.5,0.018708027093241101,684.5,0.023512584454447587,684.5,0.023888295482481794,684.5,0.02193819248408399,684.5,0.022554190720819236,684.5,0.021615294626281124,684.5,0.021575494010833907,684.5,0.020711155192729924,684.5,0.020657494299059876,684.5,0.028085755703059437,684.5,0.028723286115137799,684.5,0.025262963810686403,684.5,0.025390758119071235,684.5,0.023787289234760051,684.5,0.024619541720709039,684.5,0.022211879996270015,684.5,0.023542593864177754
685.20000000000005,0.021204869323431928,685.20000000000005,0.022823385298780131,685.20000000000005,0.02124424607715979,685.20000000000005,0.02016505175351593,685.20000000000005,0.019782135076252722,685.20000000000005,0.020033866551376279,685.20000000000005,0.020185312343700988,685.20000000000005,0.018922670667921297,685.20000000000005,0.022471580071717401,685.20000000000005,0.022346201775132881,685.20000000000005,0.020966023244576689,685.20000000000005,0.021594059154141552,685.20000000000005,0.020223841373990151,685.20000000000005,0.021139891321855155,685.20000000000005,0.019555538601086782,685.20000000000005,0.019938879140069345,685.20000000000005,0.024650398853877917,685.20000000000005,0.026558115680340444,685.20000000000005,0.023430228122377356,685.20000000000005,0.024326102252401182,685.20000000000005,0.022563388520129193,685.20000000000005,0.022718945771131628,685.20000000000005,0.020800505243169471,685.20000000000005,0.020729211701974351,685.20000000000005,0.030286233819078866,685.20000000000005,0.030453362495019627,685.20000000000005,0.026774200384866439,685.20000000000005,0.026362673041546925,685.20000000000005,0.025647067300763802,685.20000000000005,0.024638276408704425,685.20000000000005,0.023185320820935374,685.20000000000005,0.023364063307986405,685.20000000000005,0.020281698498681791,685.20000000000005,0.020462645066673446,685.20000000000005,0.018901392809609792,685.20000000000005,0.019416384798623298,685.20000000000005,0.017759424565329807,685.20000000000005,0.018476640980646476,685.20000000000005,0.018313115129320209,685.20000000000005,0.018271661453167515,685.20000000000005,0.02124064325254529,685.20000000000005,0.021601307189542483,685.20000000000005,0.020098802166781112,685.20000000000005,0.020079431686206687,685.20000000000005,0.019063519917262191,685.20000000000005,0.020506769071658066,685.20000000000005,0.018430779142612513,685.20000000000005,0.018223129286301636,685.20000000000005,0.023309978552597005,685.20000000000005,0.023267761925349476,685.20000000000005,0.021738977475988235,685.20000000000005,0.022022668124750979,685.20000000000005,0.021721260056119292,685.20000000000005,0.021026169222552835,685.20000000000005,0.021201987063740328,685.20000000000005,0.020820257199291304,685.20000000000005,0.028063714893653093,685.20000000000005,0.02821380432847588,685.20000000000005,0.025104439527648497,685.20000000000005,0.025413646651916279,685.20000000000005,0.023621983164212507,685.20000000000005,0.024053262463653857,685.20000000000005,0.02218899146342497,685.20000000000005,0.023072107355696276
686,0.021610928850571795,686,0.022470732348278698,686,0.021298500377236934,686,0.020201503861380261,686,0.01969312411518866,686,0.02065863872570213,686,0.020321795817332549,686,0.0191922467214296,686,0.022799649042496376,686,0.022624255063028235,686,0.021051643311885929,686,0.021706806371489366,686,0.020593448793265683,686,0.020767740732263507,686,0.019530106897925621,686,0.020553478633130728,686,0.024820791265057689,686,0.026134253960987765,686,0.02388715105583954,686,0.023487703771521578,686,0.022075099819434906,686,0.022476496867661896,686,0.02163381738341684,686,0.021548960267202426,686,0.030109907343828152,686,0.030060018819460344,686,0.026895424836601303,686,0.026316048252418133,686,0.025205403389198307,686,0.02484342548087112,686,0.023251443249154392,686,0.023172477810838994,686,0.020659783152344378,686,0.020932283851716218,686,0.018899697362732379,686,0.019540152420674282,686,0.018413867060010341,686,0.018999686342327678,686,0.018479268923306463,686,0.018722650322558768,686,0.020809152022244263,686,0.021659800106813155,686,0.019927562032162626,686,0.020181158498851333,686,0.018601510643167774,686,0.020477098751303376,686,0.018381611183167605,686,0.01853170061799039,686,0.02333032391512593,686,0.023079567321956884,686,0.021555869213227878,686,0.021870077905784015,686,0.021363520764985631,686,0.02125505455100328,686,0.021433415562506886,686,0.020773632410162505,686,0.027694107474377561,686,0.027804353907581195,686,0.024924722158642963,686,0.02521443164382052,686,0.023582140162593353,686,0.024372006476607075,686,0.022422963132507655,686,0.022878826411671455
686.70000000000005,0.021399845714334158,686.70000000000005,0.022129099802480443,686.70000000000005,0.021029772047167331,686.70000000000005,0.020226087841102715,686.70000000000005,0.019601569983808482,686.70000000000005,0.020026237040427931,686.70000000000005,0.020422674906538488,686.70000000000005,0.018915888880411652,686.70000000000005,0.022318989852750437,686.70000000000005,0.022173266193636989,686.70000000000005,0.020579461356527044,686.70000000000005,0.021331264888142895,686.70000000000005,0.02017043479735171,686.70000000000005,0.02073976585878623,686.70000000000005,0.019207124267778878,686.70000000000005,0.020121987402829698,686.70000000000005,0.02420025770792537,686.70000000000005,0.025066122428219016,686.70000000000005,0.023189474665785029,686.70000000000005,0.022762900231428497,686.70000000000005,0.021481693412341157,686.70000000000005,0.022492603612997299,686.70000000000005,0.021472749930062821,686.70000000000005,0.021359070216932428,686.70000000000005,0.029734365860481685,686.70000000000005,0.029841306172274363,686.70000000000005,0.026608894314318895,686.70000000000005,0.025550553987267192,686.70000000000005,0.0247450895619813,686.70000000000005,0.024091494790739468,686.70000000000005,0.022991192153471847,686.70000000000005,0.02291900850266609,686.70000000000005,0.020590269830370541,686.70000000000005,0.020694073565440015,686.70000000000005,0.018778472910997514,686.70000000000005,0.018908598458838792,686.70000000000005,0.018099361664250656,686.70000000000005,0.018668226477793884,686.70000000000005,0.018201215635411102,686.70000000000005,0.018698066342836314,686.70000000000005,0.020518382882768329,686.70000000000005,0.021333426582911597,686.70000000000005,0.019851266922679144,686.70000000000005,0.020088756644032448,686.70000000000005,0.019456863592821477,686.70000000000005,0.019700584081449268,686.70000000000005,0.018451972228580148,686.70000000000005,0.018527462000796861,686.70000000000005,0.022825928469096247,686.70000000000005,0.02288289548417724,686.70000000000005,0.021299856734738856,686.70000000000005,0.021898052779261292,686.70000000000005,0.021164305756889872,686.70000000000005,0.021010910200656138,686.70000000000005,0.02091206564770309,686.70000000000005,0.020424370353415901,686.70000000000005,0.02740333833490162,686.70000000000005,0.026978671278282178,686.70000000000005,0.024152446105982384,686.70000000000005,0.024282783584683335,686.70000000000005,0.023215075913633934,686.70000000000005,0.023892195010299846,686.70000000000005,0.022280545594805148,686.70000000000005,0.022441401117299493
687.39999999999998,0.021563456338004293,687.39999999999998,0.021373778218593965,687.39999999999998,0.021033162940922157,687.39999999999998,0.019787814823292043,687.39999999999998,0.01998982731873554,687.39999999999998,0.019846519671422393,687.39999999999998,0.02031840492357773,687.39999999999998,0.018872654985037676,687.39999999999998,0.022307121724608563,687.39999999999998,0.022484380695641855,687.39999999999998,0.020753244661461639,687.39999999999998,0.021502505022761374,687.39999999999998,0.020592601069826983,687.39999999999998,0.020497316955316498,687.39999999999998,0.019472461704093655,687.39999999999998,0.020051626357417154,687.39999999999998,0.024082424149945325,687.39999999999998,0.024671083305782323,687.39999999999998,0.023530259488144585,687.39999999999998,0.022012664988174259,687.39999999999998,0.021122258674330086,687.39999999999998,0.022094173596805777,687.39999999999998,0.021616015191204027,687.39999999999998,0.021709179997117738,687.39999999999998,0.029249468053542216,687.39999999999998,0.029550537032798422,687.39999999999998,0.025900197519561217,687.39999999999998,0.025437806769919382,687.39999999999998,0.024355984503615542,687.39999999999998,0.024141510473623083,687.39999999999998,0.022764849995337517,687.39999999999998,0.022403592651933237,687.39999999999998,0.020795418902537235,687.39999999999998,0.020382111339996442,687.39999999999998,0.019031094495731708,687.39999999999998,0.018782287666471689,687.39999999999998,0.018356221866178381,687.39999999999998,0.018514788535388214,687.39999999999998,0.018310571959004096,687.39999999999998,0.018754863813229574,687.39999999999998,0.020959199070895111,687.39999999999998,0.021518230292549359,687.39999999999998,0.019989445843188122,687.39999999999998,0.019937861871942898,687.39999999999998,0.019596737960207861,687.39999999999998,0.019371667387231589,687.39999999999998,0.018306163797122826,687.39999999999998,0.018822469757466327,687.39999999999998,0.023025991200630709,687.39999999999998,0.023261827861278533,687.39999999999998,0.020948051507676136,687.39999999999998,0.021865839288590486,687.39999999999998,0.020946440833142597,687.39999999999998,0.020788806659715341,687.39999999999998,0.020178784873222961,687.39999999999998,0.020443867992506127,687.39999999999998,0.026931156379542739,687.39999999999998,0.027026991514288383,687.39999999999998,0.024115993998118052,687.39999999999998,0.023947085102956012,687.39999999999998,0.023593160567296528,687.39999999999998,0.024273670557717255,687.39999999999998,0.021654077973601894,687.39999999999998,0.022300679026474406
688.20000000000005,0.021815230199299783,688.20000000000005,0.021611140781431469,688.20000000000005,0.02107554911285742,688.20000000000005,0.019588599815196291,688.20000000000005,0.019952527487432505,688.20000000000005,0.019124259301645432,688.20000000000005,0.020007290421572864,688.20000000000005,0.018187694446563752,688.20000000000005,0.021918864389681506,688.20000000000005,0.022018132804353906,688.20000000000005,0.020211549384128918,688.20000000000005,0.021075252409653876,688.20000000000005,0.020527326365046665,688.20000000000005,0.020651602621160878,688.20000000000005,0.019195256139637004,688.20000000000005,0.019164907640531352,688.20000000000005,0.024472376931749789,688.20000000000005,0.024632088027601876,688.20000000000005,0.023223383603333248,688.20000000000005,0.021594737332892522,688.20000000000005,0.02089506879275705,688.20000000000005,0.02198227410289667,688.20000000000005,0.021150615023354784,688.20000000000005,0.021117469036901402,688.20000000000005,0.028372074294482172,688.20000000000005,0.028913896730330697,688.20000000000005,0.025673855361426884,688.20000000000005,0.025315734594745808,688.20000000000005,0.0245874130023821,688.20000000000005,0.023933818231140273,688.20000000000005,0.022580894009138455,688.20000000000005,0.022452760611378145,688.20000000000005,0.020012122445173489,688.20000000000005,0.020141357883404123,688.20000000000005,0.018592821477921042,688.20000000000005,0.01811597704364928,688.20000000000005,0.018249408712901496,688.20000000000005,0.018379152785195359,688.20000000000005,0.018083382077431057,688.20000000000005,0.018102116765426446,688.20000000000005,0.020338665513762788,688.20000000000005,0.020911260310436327,688.20000000000005,0.019949602841568968,688.20000000000005,0.019934470978188071,688.20000000000005,0.019665403558742994,688.20000000000005,0.018660427422157799,688.20000000000005,0.018150182684401037,688.20000000000005,0.018476598594474539,688.20000000000005,0.022860685130083165,688.20000000000005,0.023439849783406661,688.20000000000005,0.021193891304900687,688.20000000000005,0.022040470316963795,688.20000000000005,0.02097526343005858,688.20000000000005,0.020576875800038998,688.20000000000005,0.019906665649398539,688.20000000000005,0.020314166306384208,688.20000000000005,0.027029492298432559,688.20000000000005,0.026236913269414987,688.20000000000005,0.023687045938133144,688.20000000000005,0.023763976840195655,688.20000000000005,0.023227791765214518,688.20000000000005,0.023631096191178595,688.20000000000005,0.022053355713232116,688.20000000000005,0.021929376160321458
688.89999999999998,0.021588040317726744,688.89999999999998,0.021468723243728966,688.89999999999998,0.021390054508617112,688.89999999999998,0.020184549392606155,688.89999999999998,0.020256860201927726,688.89999999999998,0.019827869755770881,688.89999999999998,0.020387070522112864,688.89999999999998,0.018807380280257364,688.89999999999998,0.022524138924917132,688.89999999999998,0.022219043259327078,688.89999999999998,0.020462475521985705,688.89999999999998,0.021453337063316463,688.89999999999998,0.021072412536134212,688.89999999999998,0.020412544611445965,688.89999999999998,0.019363105380500664,688.89999999999998,0.019556555869213225,688.89999999999998,0.024429143036375816,688.89999999999998,0.024531208938395936,688.89999999999998,0.02313098174851436,688.89999999999998,0.022466197027881624,688.89999999999998,0.021229919551045667,688.89999999999998,0.022048396531115688,688.89999999999998,0.021340505073624783,688.89999999999998,0.020918254028805643,688.89999999999998,0.028439892169578599,688.89999999999998,0.02827047464035333,688.89999999999998,0.025266948110848314,688.89999999999998,0.025224180463365629,688.89999999999998,0.024333943694209204,688.89999999999998,0.023783771182489425,688.89999999999998,0.022573264498190103,688.89999999999998,0.022456151505132967,688.89999999999998,0.020277459881488262,688.89999999999998,0.020898374914168003,688.89999999999998,0.018264752507142063,688.89999999999998,0.0187051448335495,688.89999999999998,0.018592736705577172,688.89999999999998,0.018836923442096247,688.89999999999998,0.018153743122843603,688.89999999999998,0.017808804455634396,688.89999999999998,0.02044293549672355,688.89999999999998,0.020753583750837131,688.89999999999998,0.01981396709137611,688.89999999999998,0.020303230674024904,688.89999999999998,0.019240694115951612,688.89999999999998,0.018926612581911278,688.89999999999998,0.018295991115858359,688.89999999999998,0.018365546824004136,688.89999999999998,0.02338712138551919,688.89999999999998,0.023462738316251706,688.89999999999998,0.021208302603358681,688.89999999999998,0.022113374532692451,688.89999999999998,0.021039690411400185,688.89999999999998,0.020452260454549311,688.89999999999998,0.020412756542305639,688.89999999999998,0.020462517908157639,688.89999999999998,0.026920983698278275,688.89999999999998,0.026495468918220123,688.89999999999998,0.02373536617413935,688.89999999999998,0.024105609385993911,688.89999999999998,0.023617744547018982,688.89999999999998,0.023603969041140021,688.89999999999998,0.022024533116316136,688.89999999999998,0.021880208200876546
689.60000000000002,0.022092435763756434,689.60000000000002,0.02114319744326611,689.60000000000002,0.021685909988725282,689.60000000000002,0.020477861702398206,689.60000000000002,0.019884709612336071,689.60000000000002,0.020165263684375614,689.60000000000002,0.020168357874926886,689.60000000000002,0.018566626823665045,689.60000000000002,0.022315598958995615,689.60000000000002,0.021935903630799489,689.60000000000002,0.020851580580351463,689.60000000000002,0.021538109407186999,689.60000000000002,0.021144469028424168,689.60000000000002,0.020483753380297218,689.60000000000002,0.01955045226045455,689.60000000000002,0.019921076947856529,689.60000000000002,0.024341827522189163,689.60000000000002,0.024662606071395265,689.60000000000002,0.023413273653603246,689.60000000000002,0.022900231428498768,689.60000000000002,0.021494409263921734,689.60000000000002,0.022106041724947657,689.60000000000002,0.021415104736230855,689.60000000000002,0.020682586912845555,689.60000000000002,0.027985512406432531,689.60000000000002,0.027632986614446905,689.60000000000002,0.025137246424726395,689.60000000000002,0.025509863262209338,689.60000000000002,0.024270364436306299,689.60000000000002,0.02404487000161068,689.60000000000002,0.022569025880996581,689.60000000000002,0.022046701084238278,689.60000000000002,0.020148605918805049,689.60000000000002,0.02075426192958809,689.60000000000002,0.01797228792078872,689.60000000000002,0.019034061527767182,689.60000000000002,0.018512202978900164,689.60000000000002,0.018885243678102456,689.60000000000002,0.018850571789459404,689.60000000000002,0.01834965200952841,689.60000000000002,0.020026703288319219,689.60000000000002,0.020743411069572663,689.60000000000002,0.020208158490374103,689.60000000000002,0.020042979578342363,689.60000000000002,0.019144901367377908,689.60000000000002,0.018779956427015253,689.60000000000002,0.018602019277230996,689.60000000000002,0.01901829387180726,689.60000000000002,0.023052270627230576,689.60000000000002,0.02303718115002162,689.60000000000002,0.021501614913150734,689.60000000000002,0.022018429507557457,689.60000000000002,0.021120224138077192,689.60000000000002,0.021262684061951628,689.60000000000002,0.020494985715860059,689.60000000000002,0.020135296660817373,689.60000000000002,0.027220230072141263,689.60000000000002,0.026259801802260032,689.60000000000002,0.023905758585319126,689.60000000000002,0.024595593533565611,689.60000000000002,0.023271873384027194,689.60000000000002,0.023584471402049799,689.60000000000002,0.021944847113077832,689.60000000000002,0.022021778015140343
690.29999999999995,0.021242169154734959,690.29999999999995,0.020840560175648299,690.29999999999995,0.021251875588108139,690.29999999999995,0.02020913337232861,690.29999999999995,0.019723642158982053,690.29999999999995,0.02022375660164628,690.29999999999995,0.020273475581326344,690.29999999999995,0.01881500979120572,690.29999999999995,0.022281690021447403,690.29999999999995,0.022138509532650071,690.29999999999995,0.020469257309495351,690.29999999999995,0.021218517670795078,690.29999999999995,0.020835897696735418,690.29999999999995,0.020351508523859179,690.29999999999995,0.02003958868458754,690.29999999999995,0.019997372057340011,690.29999999999995,0.023378813695819876,690.29999999999995,0.024352339292829105,690.29999999999995,0.023528564041267176,690.29999999999995,0.023072319286555953,690.29999999999995,0.021166340293142766,690.29999999999995,0.022253545603282382,690.29999999999995,0.020995481634071705,690.29999999999995,0.020407924518705017,690.29999999999995,0.02776425658893043,690.29999999999995,0.027614336698795393,690.29999999999995,0.024674389427193268,690.29999999999995,0.024541763095207815,690.29999999999995,0.023783771182489429,690.29999999999995,0.023646439985419161,690.29999999999995,0.02258682807320939,690.29999999999995,0.021806795351084662,690.29999999999995,0.020101981129676257,690.29999999999995,0.020162550969371754,690.29999999999995,0.018227452675839029,690.29999999999995,0.019129854276340889,690.29999999999995,0.018292642608275476,690.29999999999995,0.01827827369598942,690.29999999999995,0.018892110237955964,690.29999999999995,0.018442053864347299,690.29999999999995,0.020089434822783418,690.29999999999995,0.020357696904961729,690.29999999999995,0.020073370463619952,690.29999999999995,0.0199539686172783,690.29999999999995,0.019213566965913042,690.29999999999995,0.019236879360477441,690.29999999999995,0.018584217085018184,690.29999999999995,0.018567305002416011,690.29999999999995,0.022787780914354506,690.29999999999995,0.022430211167908585,690.29999999999995,0.021145571068894482,690.29999999999995,0.021636953960140044,690.29999999999995,0.020330993616642506,690.29999999999995,0.020601459779761452,690.29999999999995,0.020373761264125191,690.29999999999995,0.019999660910624516,690.29999999999995,0.026698032433898761,690.29999999999995,0.026508184769800706,690.29999999999995,0.023542932953553232,690.29999999999995,0.024170036367335522,690.29999999999995,0.022992124649254431,690.29999999999995,0.023722650322558769,690.29999999999995,0.021471817434280244,690.29999999999995,0.022308308537422755
691.10000000000002,0.020941227333994561,691.10000000000002,0.02055487737680459,691.10000000000002,0.020758500546781619,691.10000000000002,0.019441943660300259,691.10000000000002,0.019421852614802948,691.10000000000002,0.019627807024236416,691.10000000000002,0.019608012681942642,691.10000000000002,0.018377584496833754,691.10000000000002,0.021430575688987225,691.10000000000002,0.02194522858862525,691.10000000000002,0.020571831845578696,691.10000000000002,0.02086077837966142,691.10000000000002,0.020265379822486711,691.10000000000002,0.020347269906665657,691.10000000000002,0.019330044166391155,691.10000000000002,0.019336147775149835,691.10000000000002,0.023271152819104295,691.10000000000002,0.0238292939311479,691.10000000000002,0.023261531158074989,691.10000000000002,0.02189567915363292,691.10000000000002,0.020830641811415446,691.10000000000002,0.02179831811669761,691.10000000000002,0.020497020252112957,691.10000000000002,0.020458787925027339,691.10000000000002,0.026886862829870385,691.10000000000002,0.027337978857777445,691.10000000000002,0.024349711350169119,691.10000000000002,0.023827979959817908,691.10000000000002,0.023952468146791792,691.10000000000002,0.023703237455812414,691.10000000000002,0.022340988275984842,691.10000000000002,0.021783059094800911,691.10000000000002,0.01971118062443309,691.10000000000002,0.018776523147088494,691.10000000000002,0.01844531759958631,691.10000000000002,0.019019650229309189,691.10000000000002,0.018440146486610208,691.10000000000002,0.017736578418656695,691.10000000000002,0.018721717826776191,691.10000000000002,0.018302179496960912,691.10000000000002,0.020269152191788955,691.10000000000002,0.02054843467867043,691.10000000000002,0.019806337580427762,691.10000000000002,0.01928172393038495,691.10000000000002,0.018798182480947414,691.10000000000002,0.018690945465951191,691.10000000000002,0.018441799547315684,691.10000000000002,0.018418953400642573,691.10000000000002,0.022373244152827584,691.10000000000002,0.022260666480167515,691.10000000000002,0.021092164492256045,691.10000000000002,0.021184269643871382,691.10000000000002,0.020068199350643846,691.10000000000002,0.020628586929800023,691.10000000000002,0.020258470876461265,691.10000000000002,0.02033281622203572,691.10000000000002,0.026221611861346354,691.10000000000002,0.025953773640887398,691.10000000000002,0.023493764994108324,691.10000000000002,0.023921653399794851,691.10000000000002,0.022840382153726163,691.10000000000002,0.023420013054940955,691.10000000000002,0.020793638683315952,691.10000000000002,0.022082814102727128
691.79999999999995,0.020684367132066839,691.79999999999995,0.021160151912040216,691.79999999999995,0.019921797512779432,691.79999999999995,0.019767469460763114,691.79999999999995,0.019482888702389733,691.79999999999995,0.019288717648754269,691.79999999999995,0.020084433254495052,691.79999999999995,0.01838012766714987,691.79999999999995,0.021122852080737182,691.79999999999995,0.021318760967421989,691.79999999999995,0.02013525427464544,691.79999999999995,0.020005425430007714,691.79999999999995,0.019347295338368809,691.79999999999995,0.020388808355162213,691.79999999999995,0.018617956477878655,691.79999999999995,0.019036901401286842,691.79999999999995,0.02284305248255809,691.79999999999995,0.023394411807092053,691.79999999999995,0.022657952069716776,691.79999999999995,0.021690530081466226,691.79999999999995,0.020513593245339641,691.79999999999995,0.021922933462187301,691.79999999999995,0.020057899510863581,691.79999999999995,0.019576307825335065,691.79999999999995,0.026793613251612797,691.79999999999995,0.02668692725685173,691.79999999999995,0.023986885718403229,691.79999999999995,0.022726787212939647,691.79999999999995,0.023476895297678088,691.79999999999995,0.022555419919805364,691.79999999999995,0.022139230097572963,691.79999999999995,0.02203907157328993,691.79999999999995,0.019549265447640365,691.79999999999995,0.018946067834829567,691.79999999999995,0.018701330078075326,691.79999999999995,0.018423700651899324,691.79999999999995,0.017962878190619092,691.79999999999995,0.017544992921509288,691.79999999999995,0.017907903325619045,691.79999999999995,0.01765028017259649,691.79999999999995,0.02027339080898248,691.79999999999995,0.019960114612208913,691.79999999999995,0.019001000313657677,691.79999999999995,0.019636920051202496,691.79999999999995,0.018676958029212549,691.79999999999995,0.018365419665488332,691.79999999999995,0.017934860930969881,691.79999999999995,0.017684824902723738,691.79999999999995,0.022100277205564459,691.79999999999995,0.021782550460737696,691.79999999999995,0.020191882200350956,691.79999999999995,0.020996922763917496,691.79999999999995,0.019872375236302905,691.79999999999995,0.019710502445682121,691.79999999999995,0.020026194654255997,691.79999999999995,0.019967447419953713,691.79999999999995,0.025568017090104526,691.79999999999995,0.025423946491696551,691.79999999999995,0.022612980341293457,691.79999999999995,0.022797572120071549,691.79999999999995,0.022633537634682063,691.79999999999995,0.023013953527801095,691.79999999999995,0.020706323169129303,691.79999999999995,0.021368183243898511
692.5,0.021000567974703937,692.5,0.020420937073489149,692.5,0.019704780312470856,692.5,0.019324110102320217,692.5,0.019050549748650003,692.5,0.019138670600103422,692.5,0.019782643710315947,692.5,0.018500504395446028,692.5,0.021205081254291599,692.5,0.020916940057475651,692.5,0.020520120715817668,692.5,0.020146995244271507,692.5,0.019156557564660105,692.5,0.020277756584691813,692.5,0.018248349058603123,692.5,0.018881768012003766,692.5,0.023101608131363228,692.5,0.023386782296143705,692.5,0.022197638242499769,692.5,0.021482837838983412,692.5,0.020255885319973212,692.5,0.02198227410289667,692.5,0.020546188211557865,692.5,0.019816213558488682,692.5,0.026597789137271861,692.5,0.026411417139272489,692.5,0.024053855870060953,692.5,0.023607571865754517,692.5,0.023025906428286835,692.5,0.021931495468918222,692.5,0.021994269389554347,692.5,0.021964471910683857,692.5,0.019526376914795321,692.5,0.019129176097589923,692.5,0.018484312877766754,692.5,0.01898658901519968,692.5,0.018011198426625297,692.5,0.017978179598687721,692.5,0.017827369598942041,692.5,0.017611284894416043,692.5,0.020294583894950109,692.5,0.020088968574892129,692.5,0.018673779066317411,692.5,0.019146935903630799,692.5,0.018608292430677416,692.5,0.018693488636267304,692.5,0.017955206293498806,692.5,0.017945923721844989,692.5,0.022145206547815842,692.5,0.022078405940845862,692.5,0.020107957579919126,692.5,0.020579842832074462,692.5,0.020070742520959962,692.5,0.020027551011757926,692.5,0.020187262107610016,692.5,0.020017463102837328,692.5,0.025137373583242202,692.5,0.025315437891542267,692.5,0.023227579834354837,692.5,0.022854369590464808,692.5,0.022759848427049159,692.5,0.02310465993574257,692.5,0.020197689105906087,692.5,0.02091210803387503
693.29999999999995,0.021378652628366523,693.29999999999995,0.020707467595771557,693.29999999999995,0.020327009316480592,693.29999999999995,0.019731865076337493,693.29999999999995,0.018853030187431657,693.29999999999995,0.019125954748522841,693.29999999999995,0.02026075972974577,693.29999999999995,0.018783644023973617,693.29999999999995,0.02116947686986597,693.29999999999995,0.020523596381916361,693.29999999999995,0.020466714139179231,693.29999999999995,0.019636665734170885,693.29999999999995,0.01928710697422073,693.29999999999995,0.020493926061561678,693.29999999999995,0.018544204538711292,693.29999999999995,0.018693573408611174,693.29999999999995,0.022848986546629032,693.29999999999995,0.023721633054432319,693.29999999999995,0.022225613115977046,693.29999999999995,0.021594737332892515,693.29999999999995,0.01988543017725897,693.29999999999995,0.021817815755787832,693.29999999999995,0.020159626323508224,693.29999999999995,0.019647516594186315,693.29999999999995,0.026176470588235298,693.29999999999995,0.025795969922772399,693.29999999999995,0.02376902079465595,693.29999999999995,0.023633851292354378,693.29999999999995,0.022860600357739295,693.29999999999995,0.021888261573544249,693.29999999999995,0.022275713571204524,693.29999999999995,0.021981426379457963,693.29999999999995,0.019471274891279471,693.29999999999995,0.019373320447937069,693.29999999999995,0.018740325356255774,693.29999999999995,0.018820435221213429,693.29999999999995,0.017511041597789136,693.29999999999995,0.018153658350499733,693.29999999999995,0.01787484211150954,693.29999999999995,0.017996151335588278,693.29999999999995,0.019649466358095335,693.29999999999995,0.019918576163712353,693.29999999999995,0.018977264057373926,693.29999999999995,0.019315632867933162,693.29999999999995,0.018576078940006614,693.29999999999995,0.018685859125318956,693.29999999999995,0.017559319447623407,693.29999999999995,0.017874714952993739,693.29999999999995,0.022207090358841334,693.29999999999995,0.021716428032518671,693.29999999999995,0.019976560446919797,693.29999999999995,0.020584081449267985,693.29999999999995,0.019857963937844916,693.29999999999995,0.019791036172359132,693.29999999999995,0.019765943558573449,693.29999999999995,0.019285877775234606,693.29999999999995,0.025172130244229127,693.29999999999995,0.024987368920763295,693.29999999999995,0.022991064994956043,693.29999999999995,0.02294507599840628,693.29999999999995,0.022332595813941657,693.29999999999995,0.022770656900892659,693.29999999999995,0.020507108161033544,693.29999999999995,0.02066033417257954
694,0.020992090740316882,694,0.020365835049973299,694,0.020762739163975145,694,0.019421598297771337,694,0.019083610962759508,694,0.019458262336495342,694,0.01989878182141858,694,0.018466595457897812,694,0.021393275857684187,694,0.020987301102888191,694,0.02020391987318057,694,0.020251265227232269,694,0.019872883870366134,694,0.02024808626433712,694,0.019274942142875305,694,0.018351093139374209,694,0.022845595652874209,694,0.024024270322050133,694,0.022396005527156822,694,0.021486228732738234,694,0.020026152268084053,694,0.021171002772055643,694,0.020558904063138445,694,0.020155302933970821,694,0.026098480031874403,694,0.02621050668429932,694,0.024015708315319212,694,0.024079753821113398,694,0.023357366292820633,694,0.022307036952264693,694,0.022351160957249303,694,0.021660139196188633,694,0.019344964098912378,694,0.019289395827505235,694,0.018820859082932784,694,0.019274814984359501,694,0.018228215626933868,694,0.018233344353738037,694,0.018251231318294717,694,0.018069903274755644,694,0.019080643930724041,694,0.020064384595169675,694,0.019125615659147364,694,0.018691708417046021,694,0.01823868501140188,694,0.018939328433491859,694,0.0182069801547943,694,0.018344353738036504,694,0.022205394911963924,694,0.022292032247399611,694,0.020686952688554881,694,0.020948602527911291,694,0.019436645388808356,694,0.019706263828488595,694,0.020054169527733274,694,0.02016327153429465,694,0.025193323330196755,694,0.025170477183523651,694,0.023514958080075955,694,0.022934903317141816,694,0.022373286538999518,694,0.023065664657562119,694,0.020173105126183633,694,0.020850224222849538
694.70000000000005,0.02103108601849733,694.70000000000005,0.02119999491365937,694.70000000000005,0.020989929045548181,694.70000000000005,0.019772555801395354,694.70000000000005,0.018825055313954377,694.70000000000005,0.019599832150759139,694.70000000000005,0.019538499359968802,694.70000000000005,0.018155480955892946,694.70000000000005,0.020804955791222671,694.70000000000005,0.020544789467883996,694.70000000000005,0.020320905707721906,694.70000000000005,0.019696006374880261,694.70000000000005,0.019617719115315818,694.70000000000005,0.020399828759865384,694.70000000000005,0.018985868450276781,694.70000000000005,0.018877529394810237,694.70000000000005,0.022711655349558765,694.70000000000005,0.023936954807863481,694.70000000000005,0.022281562862931599,694.70000000000005,0.021385349643532291,694.70000000000005,0.020417800496765934,694.70000000000005,0.020884472249773228,694.70000000000005,0.020163864940701749,694.70000000000005,0.020067987419784168,694.70000000000005,0.025811101786153288,694.70000000000005,0.025416189822232399,694.70000000000005,0.023381611183167603,694.70000000000005,0.023393945559200768,694.70000000000005,0.023523520086806884,694.70000000000005,0.023101353814331614,694.70000000000005,0.021785729423632827,694.70000000000005,0.021981426379457963,694.70000000000005,0.019082169832913713,694.70000000000005,0.018941829217636045,694.70000000000005,0.018905631426803321,694.70000000000005,0.018838237413426242,694.70000000000005,0.01840284665530717,694.70000000000005,0.01770351720454719,694.70000000000005,0.017960462178818783,694.70000000000005,0.017967328738672295,694.70000000000005,0.019257818129413466,694.70000000000005,0.020094902638963068,694.70000000000005,0.019585929486364371,694.70000000000005,0.01877732848435526,694.70000000000005,0.018090333409628442,694.70000000000005,0.018319642599798243,694.70000000000005,0.017860261268363813,694.70000000000005,0.01822058611598552,694.70000000000005,0.0223910463450404,694.70000000000005,0.022232691606690232,694.70000000000005,0.020935335656095556,694.70000000000005,0.021341946203470574,694.70000000000005,0.020269957529055721,694.70000000000005,0.019786797555165603,694.70000000000005,0.019549774081703584,694.70000000000005,0.019734323474309735,694.70000000000005,0.02514754626450667,694.70000000000005,0.025052643625543602,694.70000000000005,0.023077532785703989,694.70000000000005,0.022951010062477215,694.70000000000005,0.021790900536608936,694.70000000000005,0.022713011707060693,694.70000000000005,0.020445224350008052,694.70000000000005,0.020858701457236593
695.39999999999998,0.020908166119885052,695.39999999999998,0.021031297949357004,695.39999999999998,0.020469426854183091,695.39999999999998,0.019389384807100528,695.39999999999998,0.019019183981417904,695.39999999999998,0.019789722201029137,695.39999999999998,0.019137526173461167,695.39999999999998,0.018038495121351607,695.39999999999998,0.0217594923832049,695.39999999999998,0.020853360799572746,695.39999999999998,0.019684265405254187,695.39999999999998,0.02011732492391682,695.39999999999998,0.019322711358646355,695.39999999999998,0.01967587294321101,695.39999999999998,0.01914100183955986,695.39999999999998,0.019080135296660819,695.39999999999998,0.021836804760814833,695.39999999999998,0.023777582801386875,695.39999999999998,0.022551138916439901,695.39999999999998,0.021947390283393948,695.39999999999998,0.020864550748963658,695.39999999999998,0.020930249315463317,695.39999999999998,0.020527538295906349,695.39999999999998,0.020251095682544525,695.39999999999998,0.026214618142977038,695.39999999999998,0.025463662334799894,695.39999999999998,0.023387545247238538,695.39999999999998,0.023803395980095454,695.39999999999998,0.023643049091664335,695.39999999999998,0.022892813848410097,695.39999999999998,0.021795902104897295,695.39999999999998,0.02165929147274993,695.39999999999998,0.01969931249629121,695.39999999999998,0.019730212015632024,695.39999999999998,0.018927672236209659,695.39999999999998,0.01848388901604741,695.39999999999998,0.018704636199486278,695.39999999999998,0.018066342836313084,695.39999999999998,0.017685799784678248,695.39999999999998,0.017831692988479437,695.39999999999998,0.019466358095334983,695.39999999999998,0.020092359468646952,695.39999999999998,0.019325678390681826,695.39999999999998,0.01874850588743928,695.39999999999998,0.018131024134686303,695.39999999999998,0.018638386612751457,695.39999999999998,0.018350245415935502,695.39999999999998,0.018433364699100566,695.39999999999998,0.021763731000398433,695.39999999999998,0.022111467154955367,695.39999999999998,0.020995524020243635,695.39999999999998,0.021046938446801111,695.39999999999998,0.020164839822656259,695.39999999999998,0.020141145952544442,695.39999999999998,0.019567576273916396,695.39999999999998,0.020371811500216167,695.39999999999998,0.024902554190720821,695.39999999999998,0.025113679713130388,695.39999999999998,0.022986826377762518,695.39999999999998,0.022561057280672755,695.39999999999998,0.022637776251875588,695.39999999999998,0.023038537507523552,695.39999999999998,0.020396904114001847,695.39999999999998,0.021128277510744895
696.20000000000005,0.020754728177479382,696.20000000000005,0.021021972991531246,696.20000000000005,0.02025071420699711,696.20000000000005,0.018946873172096333,696.20000000000005,0.018455447894678841,696.20000000000005,0.019536252892856234,696.20000000000005,0.018938311165365412,696.20000000000005,0.017998652119732457,696.20000000000005,0.021084704525995441,696.20000000000005,0.020396437866110562,696.20000000000005,0.01981142392105999,696.20000000000005,0.019677356459228742,696.20000000000005,0.01929982282580131,696.20000000000005,0.019848808524706905,696.20000000000005,0.019223231013114281,696.20000000000005,0.019010621974686979,696.20000000000005,0.022017369853259076,696.20000000000005,0.023129074370777276,696.20000000000005,0.022546900299246372,696.20000000000005,0.021136966675991624,696.20000000000005,0.020762823936319015,696.20000000000005,0.020821740715309036,696.20000000000005,0.020202860218882197,696.20000000000005,0.020318065834202249,696.20000000000005,0.025633079864025164,696.20000000000005,0.024784635860396902,696.20000000000005,0.023131532768749522,696.20000000000005,0.023419377262361929,696.20000000000005,0.022761416715410765,696.20000000000005,0.02252829276976679,696.20000000000005,0.021678068546917253,696.20000000000005,0.021509244424099083,696.20000000000005,0.019678967133762285,696.20000000000005,0.019116460246009347,696.20000000000005,0.018527546773140727,696.20000000000005,0.01839996439561558,696.20000000000005,0.018660554580673599,696.20000000000005,0.018196044522435,696.20000000000005,0.017478107542195438,696.20000000000005,0.017279825029882248,696.20000000000005,0.020283563490246945,696.20000000000005,0.020334808372116681,696.20000000000005,0.019332460178191471,696.20000000000005,0.019003670642489593,696.20000000000005,0.018337868653730407,696.20000000000005,0.018374744623314093,696.20000000000005,0.017922992802828004,696.20000000000005,0.018179895390927663,696.20000000000005,0.021589099972025131,696.20000000000005,0.022022456193891305,696.20000000000005,0.020783593160567299,696.20000000000005,0.020427252613107499,696.20000000000005,0.020295389232216882,696.20000000000005,0.020242872765189088,696.20000000000005,0.019531971889490771,696.20000000000005,0.019736866644625858,696.20000000000005,0.024272695675762745,696.20000000000005,0.024549943626391329,696.20000000000005,0.022865601926027653,696.20000000000005,0.022732297415291234,696.20000000000005,0.021925688563363088,696.20000000000005,0.022447674270745916,696.20000000000005,0.020891974602205772,696.20000000000005,0.02113675474513195
696.89999999999998,0.02046989310207438,696.89999999999998,0.020821910259996777,696.89999999999998,0.019995549451946797,696.89999999999998,0.019084204369166601,696.89999999999998,0.018947127489127948,696.89999999999998,0.019160711409509763,696.89999999999998,0.019178216898519024,696.89999999999998,0.017867254986733125,696.89999999999998,0.020943134711731645,696.89999999999998,0.020558353042903283,696.89999999999998,0.01953252290972593,696.89999999999998,0.01958919322160339,696.89999999999998,0.018960733450319171,696.89999999999998,0.019399515102193062,696.89999999999998,0.019480938938480706,696.89999999999998,0.018952976780855012,696.89999999999998,0.021356145571068894,696.89999999999998,0.022656892415418392,696.89999999999998,0.02241804633656316,696.89999999999998,0.020945381178844216,696.89999999999998,0.020450861710875446,696.89999999999998,0.020455524189788323,696.89999999999998,0.019702703390046036,696.89999999999998,0.019939981180539662,696.89999999999998,0.025298229105736546,696.89999999999998,0.025088120851453427,696.89999999999998,0.02295690174037622,696.89999999999998,0.02311928316506023,696.89999999999998,0.022880945720268223,696.89999999999998,0.021911150106389294,696.89999999999998,0.021794206658019885,696.89999999999998,0.020928553868585911,696.89999999999998,0.019673033069691342,696.89999999999998,0.019282614039995594,696.89999999999998,0.018513135474682738,696.89999999999998,0.018278739943880708,696.89999999999998,0.017983223553148017,696.89999999999998,0.018274035078795891,696.89999999999998,0.017422157795240881,696.89999999999998,0.017040767020167342,696.89999999999998,0.020076718971202837,696.89999999999998,0.020397539906580879,696.89999999999998,0.019190042640488972,696.89999999999998,0.019306307910107404,696.89999999999998,0.018303111992743488,696.89999999999998,0.018359485601417393,696.89999999999998,0.017953510846621397,696.89999999999998,0.017622093368259543,696.89999999999998,0.020925332519518836,696.89999999999998,0.021561294643235591,696.89999999999998,0.020039291981383992,696.89999999999998,0.020072904215728656,696.89999999999998,0.019153505760280767,696.89999999999998,0.019799513406746183,696.89999999999998,0.019543840017632645,696.89999999999998,0.019697023643006701,696.89999999999998,0.02385646346735841,696.89999999999998,0.024163381738341688,696.89999999999998,0.022029746615464176,696.89999999999998,0.022359299102260876,696.89999999999998,0.022169832913710229,696.89999999999998,0.021927172079380827,696.89999999999998,0.020750404787941983,696.89999999999998,0.0208281834134432
697.60000000000002,0.02023083509235947,697.60000000000002,0.020731203852055308,697.60000000000002,0.019928579300289073,697.60000000000002,0.019097767944185887,697.60000000000002,0.018511397641633398,697.60000000000002,0.01863003653688021,697.60000000000002,0.019184150962589967,697.60000000000002,0.017820630197604329,697.60000000000002,0.020069979569865122,697.60000000000002,0.019901367377906633,697.60000000000002,0.01975886506786026,697.60000000000002,0.019322160338411196,697.60000000000002,0.018978535642531984,697.60000000000002,0.019842874460635967,697.60000000000002,0.01928172393038495,697.60000000000002,0.018647796342921085,697.60000000000002,0.021987699532904383,697.60000000000002,0.022108415350576029,697.60000000000002,0.022414655442808337,697.60000000000002,0.020104439527648503,697.60000000000002,0.020189762891754191,697.60000000000002,0.020575053194645775,697.60000000000002,0.019771368988581169,697.60000000000002,0.019782304620940466,697.60000000000002,0.024611573120385206,697.60000000000002,0.02514322287496927,697.60000000000002,0.023017090104524299,697.60000000000002,0.022733569000449295,697.60000000000002,0.02225193492874885,697.60000000000002,0.022091715198833538,697.60000000000002,0.021436467366886224,697.60000000000002,0.020898035824792518,697.60000000000002,0.018953315870230497,697.60000000000002,0.018296711680781261,697.60000000000002,0.018079948797504301,697.60000000000002,0.018671235896001288,697.60000000000002,0.017778922204420029,697.60000000000002,0.017881539126675311,697.60000000000002,0.017681561167484719,697.60000000000002,0.017093325873367073,697.60000000000002,0.020158948144757258,697.60000000000002,0.020331417478361865,697.60000000000002,0.018687342641336695,697.60000000000002,0.019304612463229995,697.60000000000002,0.018437052296058933,697.60000000000002,0.018107711740121907,697.60000000000002,0.017914515568440953,697.60000000000002,0.017560209557234047,697.60000000000002,0.021129633868246827,697.60000000000002,0.021707103074692913,697.60000000000002,0.019973169553164975,697.60000000000002,0.020111899493909104,697.60000000000002,0.019237430380712597,697.60000000000002,0.01942058102964489,697.60000000000002,0.01937090443613675,697.60000000000002,0.019285877775234606,697.60000000000002,0.023140984885091087,697.60000000000002,0.024089629799174322,697.60000000000002,0.022080610021786493,697.60000000000002,0.022366080889770518,697.60000000000002,0.021216144045166703,697.60000000000002,0.02139564948331257,697.60000000000002,0.020433356221866181,697.60000000000002,0.020400930800335702
698.39999999999998,0.020529233742783756,698.39999999999998,0.020971109585208925,698.39999999999998,0.019879411340844162,698.39999999999998,0.019100311114502003,698.39999999999998,0.018313030356976342,698.39999999999998,0.018288403991081954,698.39999999999998,0.018946788399752463,698.39999999999998,0.018498808948568618,698.39999999999998,0.019805489856989052,698.39999999999998,0.019541084916456855,698.39999999999998,0.019251926451514457,698.39999999999998,0.019044954773954549,698.39999999999998,0.018638598543611135,698.39999999999998,0.019510566872663466,698.39999999999998,0.0188782075735612,698.39999999999998,0.018881768012003766,698.39999999999998,0.021591812687028984,698.39999999999998,0.021885464086196519,698.39999999999998,0.022396853250595521,698.39999999999998,0.020422335817163011,698.39999999999998,0.019914252774174954,698.39999999999998,0.020894644931037699,698.39999999999998,0.019455168145944071,698.39999999999998,0.019188050490408011,698.39999999999998,0.024381840068496054,698.39999999999998,0.025205954409433469,698.39999999999998,0.022572035299203985,698.39999999999998,0.022300382323270855,698.39999999999998,0.022213787374007109,698.39999999999998,0.022162076244246078,698.39999999999998,0.021372040385544619,698.39999999999998,0.021220170731500558,698.39999999999998,0.018532845044632641,698.39999999999998,0.018782457211159433,698.39999999999998,0.018369022490102829,698.39999999999998,0.018458457312886242,698.39999999999998,0.017147368242584539,698.39999999999998,0.017405966277561608,698.39999999999998,0.017435721370260164,698.39999999999998,0.017629934810067562,698.39999999999998,0.019436687774980293,698.39999999999998,0.019656629621152395,698.39999999999998,0.018660215491298125,698.39999999999998,0.018823105550045353,698.39999999999998,0.017982672532912865,698.39999999999998,0.017971228266490342,698.39999999999998,0.017922992802828004,698.39999999999998,0.017461025914905521,698.39999999999998,0.02134241245136187,698.39999999999998,0.021301891270991757,698.39999999999998,0.020259700075447386,698.39999999999998,0.020302637267617808,698.39999999999998,0.019156896654035589,698.39999999999998,0.019147614082381768,698.39999999999998,0.019089460254486573,698.39999999999998,0.019166348770377151,698.39999999999998,0.022898535981621358,698.39999999999998,0.024273585785373385,698.39999999999998,0.02135241558793859,698.39999999999998,0.022209252053610032,698.39999999999998,0.021448420267371975,698.39999999999998,0.02119643447521681,698.39999999999998,0.020001864991565154,698.39999999999998,0.019995718996634538
699.10000000000002,0.021089578935767996,699.10000000000002,0.020396353093766691,699.10000000000002,0.01982854793452184,699.10000000000002,0.019027406898773341,699.10000000000002,0.018088383645719425,699.10000000000002,0.018688529454150879,699.10000000000002,0.01893322482473318,699.10000000000002,0.018529326992362011,699.10000000000002,0.019860591880504905,699.10000000000002,0.019451226231954086,699.10000000000002,0.018908598458838789,699.10000000000002,0.01926366742114053,699.10000000000002,0.019134516755253766,699.10000000000002,0.019755558946449314,699.10000000000002,0.018862948551664507,699.10000000000002,0.018534201402134569,699.10000000000002,0.021617244390190145,699.10000000000002,0.021766782804777774,699.10000000000002,0.022167967922145076,699.10000000000002,0.021049651161804975,699.10000000000002,0.020225367276179816,699.10000000000002,0.021037910192178901,699.10000000000002,0.019672185346252643,699.10000000000002,0.019326229410916981,699.10000000000002,0.024533582564024315,699.10000000000002,0.025191543110975479,699.10000000000002,0.022678000729042157,699.10000000000002,0.022879377431906614,699.10000000000002,0.021633096818493937,699.10000000000002,0.021954384001763267,699.10000000000002,0.021433924196570111,699.10000000000002,0.02137869501453846,699.10000000000002,0.018571840322813088,699.10000000000002,0.01892063613166841,699.10000000000002,0.018534328560650373,699.10000000000002,0.018882319032238921,699.10000000000002,0.017526300619685832,699.10000000000002,0.017688258182650494,699.10000000000002,0.017718013275349047,699.10000000000002,0.017891881352627516,699.10000000000002,0.019757127234810917,699.10000000000002,0.019487084933411329,699.10000000000002,0.018246526453209906,699.10000000000002,0.018382289361918564,699.10000000000002,0.018308198333375721,699.10000000000002,0.018133143443283064,699.10000000000002,0.018708832430507871,699.10000000000002,0.0179959394047286,699.10000000000002,0.021740842467553392,699.10000000000002,0.021334952485101265,699.10000000000002,0.0201037189627256,699.10000000000002,0.020521349914803793,699.10000000000002,0.01946292481540822,699.10000000000002,0.019100141569814266,699.10000000000002,0.019537058230123003,699.10000000000002,0.019102769512474249,699.10000000000002,0.02291803362071158,699.10000000000002,0.023973491688071689,699.10000000000002,0.021916999398116359,699.10000000000002,0.022441528275815296,699.10000000000002,0.021508608631520054,699.10000000000002,0.02151941710536355,699.10000000000002,0.019803497706908101,699.10000000000002,0.020156786449988556
699.79999999999995,0.020679280791434607,699.79999999999995,0.020506557140798385,699.79999999999995,0.01977598908132211,699.79999999999995,0.019064706730076375,699.79999999999995,0.017570424624670448,699.79999999999995,0.018524071107042041,699.79999999999995,0.018827259394895011,699.79999999999995,0.018296203046718033,699.79999999999995,0.019750387833473205,699.79999999999995,0.019346956248993324,699.79999999999995,0.019305333028152894,699.79999999999995,0.018613463543653518,699.79999999999995,0.01903533311292524,699.79999999999995,0.019477505658553957,699.79999999999995,0.01866458126700745,699.79999999999995,0.018480794825496132,699.79999999999995,0.02139937946644287,699.79999999999995,0.022080440477098753,699.79999999999995,0.022100997770487352,699.79999999999995,0.020894517772521895,699.79999999999995,0.020073624780651559,699.79999999999995,0.020385163144375777,699.79999999999995,0.019012656510939873,699.79999999999995,0.019635648466044438,699.79999999999995,0.023933394369420921,699.79999999999995,0.024866017310512623,699.79999999999995,0.021727702754253453,699.79999999999995,0.022363961581173757,699.79999999999995,0.021077837966141925,699.79999999999995,0.021573756177784557,699.79999999999995,0.021067707671049398,699.79999999999995,0.02066406415570984,699.79999999999995,0.018390427506930145,699.79999999999995,0.018635801056263408,699.79999999999995,0.018441078982392781,699.79999999999995,0.018628002000627319,699.79999999999995,0.017520366555614893,699.79999999999995,0.017327127997762006,699.79999999999995,0.017141561337029407,699.79999999999995,0.017908835821401622,699.79999999999995,0.019582496206437615,699.79999999999995,0.019410789823927847,699.79999999999995,0.018536447869247141,699.79999999999995,0.018271237591448164,699.79999999999995,0.018153064944092641,699.79999999999995,0.017912735349219673,699.79999999999995,0.018323965989335639,699.79999999999995,0.017620397921382126,699.79999999999995,0.021306808066936248,699.79999999999995,0.021006035790883584,699.79999999999995,0.019819731610759304,699.79999999999995,0.02002882259691598,699.79999999999995,0.019575672032756033,699.79999999999995,0.018972983054008467,699.79999999999995,0.019569271720793809,699.79999999999995,0.01879080728703068,699.79999999999995,0.023124878139755688,699.79999999999995,0.023540305010893249,699.79999999999995,0.021408365334893147,699.79999999999995,0.021996473470494989,699.79999999999995,0.020960131566677687,699.79999999999995,0.021933953866890468,699.79999999999995,0.019671252850470059,699.79999999999995,0.019753270093164809
700.5,0.02023083509235947,700.5,0.0199546891822012,700.5,0.019615769351406798,700.5,0.019130829158295396,700.5,0.01788577774386884,700.5,0.018295185778591596,700.5,0.018659410154031348,700.5,0.017876579944558883,700.5,0.020337012453057308,700.5,0.019886108356009936,700.5,0.019243449217127406,700.5,0.019102599967786509,700.5,0.019352381679001045,700.5,0.019423251358476813,700.5,0.018651017691988167,700.5,0.018451972228580148,700.5,0.021255266481862954,700.5,0.021971931876944465,700.5,0.021371955613200749,700.5,0.021078473758720958,700.5,0.019886277900697674,700.5,0.020158820986241451,700.5,0.01871510558395429,700.5,0.019866229241372296,700.5,0.024194493188542176,700.5,0.02514491832184668,700.5,0.022013385553097155,700.5,0.022484338309469915,700.5,0.020882861575239695,700.5,0.021203301035070315,700.5,0.020871035833269751,700.5,0.020195273094105778,700.5,0.018734603223044519,700.5,0.018443367835677293,700.5,0.01822406178208421,700.5,0.018813653433703788,700.5,0.017706865712130076,700.5,0.017724710290514822,700.5,0.017387401134253962,700.5,0.017495146783313414,700.5,0.020158948144757258,700.5,0.019217508879903023,700.5,0.018757703686749238,700.5,0.018594220221594904,700.5,0.018394666124123667,700.5,0.017908496732026144,700.5,0.018035740020175821,700.5,0.01754749370565347,700.5,0.020941439264854231,700.5,0.020331247933674121,700.5,0.019495901257173855,700.5,0.020103422259522049,700.5,0.019477336113866213,700.5,0.018948399074286009,700.5,0.01917423259835711,700.5,0.018800132244856438,700.5,0.022945160770750157,700.5,0.023235972296398028,700.5,0.021312572586319443,700.5,0.021915092020379272,700.5,0.020930461246322998,700.5,0.021566889617931056,700.5,0.019645821147308902,700.5,0.01958118223510762
701.29999999999995,0.019643362749336656,701.29999999999995,0.019735128811576512,701.29999999999995,0.019990463111314562,701.29999999999995,0.019057924942566737,701.29999999999995,0.017879843679797901,701.29999999999995,0.018081559472037843,701.29999999999995,0.018393224994277865,701.29999999999995,0.017947788713410132,701.29999999999995,0.02042856658443749,701.29999999999995,0.019738604477675201,701.29999999999995,0.019778362706950485,701.29999999999995,0.018486305027847715,701.29999999999995,0.019480387918245551,701.29999999999995,0.018947678509363106,701.29999999999995,0.018088129328687804,701.29999999999995,0.018370590778464434,701.29999999999995,0.0212459415240372,701.29999999999995,0.021633690224901025,701.29999999999995,0.021581343302560972,701.29999999999995,0.020363842899892341,701.29999999999995,0.019331019048345669,701.29999999999995,0.019947737850003814,701.29999999999995,0.018712562413638174,701.29999999999995,0.019784000067817879,701.29999999999995,0.023806235853615118,701.29999999999995,0.024419267058314896,701.29999999999995,0.021820104609072338,701.29999999999995,0.02187143426328594,701.29999999999995,0.020982892941006928,701.29999999999995,0.021377932063443621,701.29999999999995,0.019944474114764795,701.29999999999995,0.019974865000042384,701.29999999999995,0.018622703729135409,701.29999999999995,0.017721107465900325,701.29999999999995,0.017951942558259788,701.29999999999995,0.018728881089833251,701.29999999999995,0.017920492018683825,701.29999999999995,0.017367818722819867,701.29999999999995,0.017431482753066638,701.29999999999995,0.017596025872519346,701.29999999999995,0.019525698736044355,701.29999999999995,0.019401464866102086,701.29999999999995,0.018865364563464819,701.29999999999995,0.018239024100777362,701.29999999999995,0.017761416715410764,701.29999999999995,0.017572798250298824,701.29999999999995,0.017067639853174298,701.29999999999995,0.017667022710510925,701.29999999999995,0.020322601154599329,701.29999999999995,0.02045925417291863,701.29999999999995,0.019523876130651135,701.29999999999995,0.019707535413646646,701.29999999999995,0.019390868323118263,701.29999999999995,0.018999262480608327,701.29999999999995,0.018401108822257827,701.29999999999995,0.018993413188881259,701.29999999999995,0.022645066673448459,701.29999999999995,0.023182565719759591,701.29999999999995,0.021048082873443365,701.29999999999995,0.021654840924696724,701.29999999999995,0.020414197672151437,701.29999999999995,0.021311724862880736,701.29999999999995,0.019466103778303365,701.29999999999995,0.019276849520612396
702,0.019464493103769825,702,0.019479116333087493,702,0.01964543967176148,702,0.018787501165619728,702,0.018255385163144379,702,0.017967964531251327,702,0.018179598687724115,702,0.017770614514720715,702,0.020061502335478074,702,0.020028525893712432,702,0.018712774344497848,702,0.018782160507955881,702,0.019488017429193899,702,0.018697600094945029,702,0.017721065079728388,702,0.018308706967438942,702,0.021156082839534428,702,0.021625212990513974,702,0.021057450217441064,702,0.020695302764426132,702,0.019492086501699687,702,0.01995197646719734,702,0.018750709968379915,702,0.018918474436899708,702,0.023997821350762529,702,0.024164950026703286,702,0.022178691623644695,702,0.02184515483668608,702,0.021509329196442956,702,0.020944745386265187,702,0.020114018802505865,702,0.020547926044607208,702,0.018283614353653267,702,0.018188203080626981,702,0.017755270720480148,702,0.01829823758297093,702,0.017452548680518466,702,0.017350864254045757,702,0.01741198511397642,702,0.017340861117469034,702,0.019199325212142793,702,0.018736001966718385,702,0.018349948712731962,702,0.018270389868009461,702,0.017585937963598756,702,0.017565168739350472,702,0.016970999381161887,702,0.017711952052762304,702,0.019632554275493163,702,0.020103210328662382,702,0.019301772589710331,702,0.020117833557980039,702,0.018929706772462553,702,0.018525385078372033,702,0.018187482515704078,702,0.018756050626043758,702,0.022211032272831315,702,0.022796003831709946,702,0.020880233632579709,702,0.021410696574349582,702,0.020719378110085368,702,0.020351254206827568,702,0.01892695167128676,702,0.019283631308122037
702.70000000000005,0.019188982986190588,702.70000000000005,0.018746683282046064,702.70000000000005,0.019953163280011527,702.70000000000005,0.018299212464925441,702.70000000000005,0.018574976899536296,702.70000000000005,0.017810287971652128,702.70000000000005,0.018101608131363228,702.70000000000005,0.017451022778328794,702.70000000000005,0.019699524427150884,702.70000000000005,0.01921132049880047,702.70000000000005,0.018897578054135618,702.70000000000005,0.018146367928926863,702.70000000000005,0.019254893483549928,702.70000000000005,0.018872231123318331,702.70000000000005,0.017109856480421827,702.70000000000005,0.017766163966667511,702.70000000000005,0.021267134610004835,702.70000000000005,0.021327662063528395,702.70000000000005,0.021215974500478966,702.70000000000005,0.020030687588481134,702.70000000000005,0.019423420903164554,702.70000000000005,0.019480642235277158,702.70000000000005,0.018765121266837905,702.70000000000005,0.018537846612921002,702.70000000000005,0.02334931292015293,702.70000000000005,0.023093427600179715,702.70000000000005,0.021249586734823626,702.70000000000005,0.021383145562591663,702.70000000000005,0.021461856683875451,702.70000000000005,0.021068513008316168,702.70000000000005,0.019016216949382429,702.70000000000005,0.020694582199503229,702.70000000000005,0.018208166967608491,702.70000000000005,0.01744983596551461,702.70000000000005,0.017267829743224571,702.70000000000005,0.017994752591914416,702.70000000000005,0.017251638225545297,702.70000000000005,0.017226248908556074,702.70000000000005,0.016675313445741465,702.70000000000005,0.017498537677068229,702.70000000000005,0.018603375634732924,702.70000000000005,0.018687681730712172,702.70000000000005,0.017583606724142321,702.70000000000005,0.017843137254901963,702.70000000000005,0.017275671185032596,702.70000000000005,0.017193018149758824,702.70000000000005,0.016776870713698364,702.70000000000005,0.017567839068182396,702.70000000000005,0.019302789857836778,702.70000000000005,0.020301577613319435,702.70000000000005,0.018724472927951985,702.70000000000005,0.019204835414494369,702.70000000000005,0.018612658206386752,702.70000000000005,0.018337190474979444,702.70000000000005,0.018340920458109748,702.70000000000005,0.018182989581478938,702.70000000000005,0.021786322830039926,702.70000000000005,0.022440807710892401,702.70000000000005,0.0203724472927952,702.70000000000005,0.021186049863092662,702.70000000000005,0.020710900875698313,702.70000000000005,0.020668302772903373,702.70000000000005,0.018693827725642789,702.70000000000005,0.019366708205115161
703.5,0.019173723964293891,703.5,0.019234124259301644,703.5,0.019321609318176038,703.5,0.017746496782889545,703.5,0.018197739969312416,703.5,0.017181277180132754,703.5,0.018728075752566482,703.5,0.017673974042708304,703.5,0.01961814297703517,703.5,0.01970045692293346,703.5,0.018380466756525351,703.5,0.018502411773183115,703.5,0.019237091291337115,703.5,0.018998541915685428,703.5,0.017394691555826826,703.5,0.017722930071293538,703.5,0.021067071878470369,703.5,0.021832057509558082,703.5,0.021214279053601556,703.5,0.020320609004518365,703.5,0.019570924781499282,703.5,0.019378067699193813,703.5,0.018688826157354423,703.5,0.018232666174987075,703.5,0.023056000610360877,703.5,0.023034934682909045,703.5,0.021269932097352558,703.5,0.021537431228436033,703.5,0.02112785364902554,703.5,0.021065122114561345,703.5,0.019792731619236538,703.5,0.020585225875910242,703.5,0.01817001941286675,703.5,0.017838093300441664,703.5,0.017309368191721131,703.5,0.017381000822291735,703.5,0.016725201970109269,703.5,0.017421225299458304,703.5,0.016285360663936998,703.5,0.017292540881462832,703.5,0.018377881200037298,703.5,0.018485075828861598,703.5,0.017656510939870976,703.5,0.017933843662843431,703.5,0.01777921890762358,703.5,0.016949721522850389,703.5,0.017233793647160552,703.5,0.017244856438035656,703.5,0.0192112357264566,703.5,0.020037087900443361,703.5,0.019325508845994082,703.5,0.019419309444486825,703.5,0.018909361409933625,703.5,0.018007426057323059,703.5,0.018592694319405238,703.5,0.01786509329196443,703.5,0.021804125022252742,703.5,0.022453523562472981,703.5,0.0206098098556327,703.5,0.021125861498944583,703.5,0.020748200707001348,703.5,0.020411442570975647,703.5,0.018670939192797744,703.5,0.019252265540889938
704.20000000000005,0.019205089731525991,704.20000000000005,0.01863478378813696,704.20000000000005,0.019307198019718048,704.20000000000005,0.018096606563074859,704.20000000000005,0.018382543678950179,704.20000000000005,0.017399989827318735,704.20000000000005,0.018757746072921171,704.20000000000005,0.017803675728830227,704.20000000000005,0.019481659503403609,704.20000000000005,0.019881869738816407,704.20000000000005,0.01853729559268584,704.20000000000005,0.018573620542034361,704.20000000000005,0.018673355204598049,704.20000000000005,0.019262183905122795,704.20000000000005,0.017660028992141606,704.20000000000005,0.017574578469520104,704.20000000000005,0.020808516229665237,704.20000000000005,0.021313250765070405,704.20000000000005,0.021390605528852268,704.20000000000005,0.01990776768986886,704.20000000000005,0.019148758509024019,704.20000000000005,0.018944033298576669,704.20000000000005,0.018698151115180184,704.20000000000005,0.018384408670515332,704.20000000000005,0.022772013258394584,704.20000000000005,0.022811135695090832,704.20000000000005,0.021330120461500641,704.20000000000005,0.021199189576392601,704.20000000000005,0.020621762756118441,704.20000000000005,0.02092016140654273,704.20000000000005,0.019382433474903149,704.20000000000005,0.02034023380212439,704.20000000000005,0.018425184167917063,704.20000000000005,0.017389647601366531,704.20000000000005,0.017509430923255596,704.20000000000005,0.017914218865237405,704.20000000000005,0.01700325525800463,704.20000000000005,0.017284741825826743,704.20000000000005,0.016209065554453516,704.20000000000005,0.017297627222095064,704.20000000000005,0.018371947135966366,704.20000000000005,0.018881810398175703,704.20000000000005,0.017910827971482586,704.20000000000005,0.017883827979959813,704.20000000000005,0.018036079109551302,704.20000000000005,0.017144697913752619,704.20000000000005,0.017960292634131046,704.20000000000005,0.017105829794087975,704.20000000000005,0.020059806888600665,704.20000000000005,0.020185439502216802,704.20000000000005,0.019336529250697249,704.20000000000005,0.019457456999228566,704.20000000000005,0.019008545052262151,704.20000000000005,0.018521146461178507,704.20000000000005,0.01872324372896586,704.20000000000005,0.018396615888032687,704.20000000000005,0.021977060603748634,704.20000000000005,0.022702754253452355,704.20000000000005,0.020720013902664394,704.20000000000005,0.02129031984605342,704.20000000000005,0.020643930724040586,704.20000000000005,0.020429244763188456,704.20000000000005,0.019032917101124928,704.20000000000005,0.018599518493086817
704.89999999999998,0.019397522952112108,704.89999999999998,0.019062884124683162,704.89999999999998,0.019019819773996929,704.89999999999998,0.018228003696074187,704.89999999999998,0.017987504556513486,704.89999999999998,0.017648372794859403,704.89999999999998,0.019051058382713221,704.89999999999998,0.017878275391436296,704.89999999999998,0.019692742639641242,704.89999999999998,0.02035998575824623,704.89999999999998,0.01846608682383459,704.89999999999998,0.018810983104871865,704.89999999999998,0.018509744580927922,704.89999999999998,0.019131634495562169,704.89999999999998,0.017960123089443301,704.89999999999998,0.018090842043691664,704.89999999999998,0.020834795656265104,704.89999999999998,0.021370048235463665,704.89999999999998,0.021482159660232446,704.89999999999998,0.019655146105134663,704.89999999999998,0.019237769470088078,704.89999999999998,0.018988114917389349,704.89999999999998,0.019042326831294563,704.89999999999998,0.018748082025719932,704.89999999999998,0.02276184057713012,704.89999999999998,0.022878105846748556,704.89999999999998,0.021624280494731397,704.89999999999998,0.021175453320108849,704.89999999999998,0.020560726668531655,704.89999999999998,0.020610742351415273,704.89999999999998,0.020045353203970738,704.89999999999998,0.020183404965963901,704.89999999999998,0.018332782313098178,704.89999999999998,0.018268736807303988,704.89999999999998,0.017748488932970506,704.89999999999998,0.017731110602477045,704.89999999999998,0.017152454583216771,704.89999999999998,0.017177928672549865,704.89999999999998,0.016422691861007265,704.89999999999998,0.017127234810915284,704.89999999999998,0.018366860795334134,704.89999999999998,0.019287022201876867,704.89999999999998,0.018102413468629997,704.89999999999998,0.017743953612573436,704.89999999999998,0.017694446563753043,704.89999999999998,0.017368496901570833,704.89999999999998,0.018028110509227473,704.89999999999998,0.016979519001720879,704.89999999999998,0.019693590363079948,704.89999999999998,0.020281232250790503,704.89999999999998,0.019791756737282028,704.89999999999998,0.020072056492289957,704.89999999999998,0.019317116383950901,704.89999999999998,0.018721209192712977,704.89999999999998,0.018704593813314341,704.89999999999998,0.018475454167832289,704.89999999999998,0.022465349304442918,704.89999999999998,0.022923162347515753,704.89999999999998,0.021084534981307697,704.89999999999998,0.021143663691157395,704.89999999999998,0.020547290252028179,704.89999999999998,0.020040139704822699,704.89999999999998,0.019438976628264791,704.89999999999998,0.018417257953765167
705.60000000000002,0.019565372192975768,705.60000000000002,0.018839085136864952,705.60000000000002,0.019262268677466665,705.60000000000002,0.018894314318896595,705.60000000000002,0.018274035078795898,705.60000000000002,0.018001025745360832,705.60000000000002,0.018736552986953533,705.60000000000002,0.017648542339547147,705.60000000000002,0.019657138255215621,705.60000000000002,0.01996748980612565,705.60000000000002,0.018441502844112136,705.60000000000002,0.018703322228156283,705.60000000000002,0.018325788594728856,705.60000000000002,0.018902749167111727,705.60000000000002,0.01793808228003696,705.60000000000002,0.0182069801547943,705.60000000000002,0.020551656027737512,705.60000000000002,0.021382764087044245,705.60000000000002,0.021166806541034054,705.60000000000002,0.019776370556869528,705.60000000000002,0.019053813483889015,705.60000000000002,0.019088146283156582,705.60000000000002,0.019338182311402729,705.60000000000002,0.019335554368742746,705.60000000000002,0.023218763510592304,705.60000000000002,0.023557132321151548,705.60000000000002,0.021491187914854656,705.60000000000002,0.020764307452336751,705.60000000000002,0.020721794121885677,705.60000000000002,0.020267414358739605,705.60000000000002,0.019902087942829529,705.60000000000002,0.020738663818315912,705.60000000000002,0.01859049023846461,705.60000000000002,0.018413697515322604,705.60000000000002,0.017257657061960106,705.60000000000002,0.017792994413502541,705.60000000000002,0.017498325746208555,705.60000000000002,0.016976170494137997,705.60000000000002,0.015931012266558159,705.60000000000002,0.017659605130422251,705.60000000000002,0.01871951374583556,705.60000000000002,0.019182752218916101,705.60000000000002,0.017770105880657496,705.60000000000002,0.018077108923984637,705.60000000000002,0.017319752803845272,705.60000000000002,0.017788967727168693,705.60000000000002,0.017872977119944389,705.60000000000002,0.017054118664326951,705.60000000000002,0.019763103685053789,705.60000000000002,0.020048956028585238,705.60000000000002,0.019644252858947296,705.60000000000002,0.020016954468774103,705.60000000000002,0.019226409976009426,705.60000000000002,0.018941617286776367,705.60000000000002,0.019227639174995547,705.60000000000002,0.018532251638225545,705.60000000000002,0.022450938005984928,705.60000000000002,0.022954528114747845,705.60000000000002,0.021102337173520509,705.60000000000002,0.021308969761704943,705.60000000000002,0.02065664657562117,705.60000000000002,0.020076591812687034,705.60000000000002,0.019745852513076131,705.60000000000002,0.018407085272500699
706.39999999999998,0.019634885514949602,706.39999999999998,0.018884862202555038,706.39999999999998,0.019351279638530727,706.39999999999998,0.018641692734162406,706.39999999999998,0.017968854640861971,706.39999999999998,0.018018827937573645,706.39999999999998,0.0188891432059205,706.39999999999998,0.017931681968074733,706.39999999999998,0.019850419199240438,706.39999999999998,0.019909844612293687,706.39999999999998,0.018938268779193478,706.39999999999998,0.018396446343344947,706.39999999999998,0.018935301747158011,706.39999999999998,0.01849753736341056,706.39999999999998,0.018242414994532184,706.39999999999998,0.018517246933360459,706.39999999999998,0.020937370192348446,706.39999999999998,0.021482795452811475,706.39999999999998,0.02087603740155812,706.39999999999998,0.019770436492798589,706.39999999999998,0.019117392741791916,706.39999999999998,0.019632384730805422,706.39999999999998,0.019153378601764963,706.39999999999998,0.019254172918627029,706.39999999999998,0.023144163847986236,706.39999999999998,0.023607148004035166,706.39999999999998,0.020865568017090105,706.39999999999998,0.020893161415019963,706.39999999999998,0.020680255673389113,706.39999999999998,0.0205675084560413,706.39999999999998,0.019756279511372203,706.39999999999998,0.020572510024329659,706.39999999999998,0.018253096309859874,706.39999999999998,0.018516272051405949,706.39999999999998,0.017294109169824438,706.39999999999998,0.017938802844959863,706.39999999999998,0.017715342946517127,706.39999999999998,0.017019404389511963,706.39999999999998,0.016133618168408737,706.39999999999998,0.017949526546459486,706.39999999999998,0.018961962649305289,706.39999999999998,0.019195468070496682,706.39999999999998,0.017774344497851025,706.39999999999998,0.017765994421979771,706.39999999999998,0.017252782652187548,706.39999999999998,0.017779642769342928,706.39999999999998,0.017495740189720506,706.39999999999998,0.017131261497249139,706.39999999999998,0.019719022066241109,706.39999999999998,0.020533853835524699,706.39999999999998,0.019713766180921136,706.39999999999998,0.0198736892076329,706.39999999999998,0.019710460059510188,706.39999999999998,0.018508430609597927,706.39999999999998,0.018888549799513411,706.39999999999998,0.018772157371379161,706.39999999999998,0.022593355543687431,706.39999999999998,0.022710383764400703,706.39999999999998,0.020787831777760824,706.39999999999998,0.02097157583310021,706.39999999999998,0.020273475581326347,706.39999999999998,0.020437721997575511,706.39999999999998,0.019817909005366088,706.39999999999998,0.018962344124852707
707.10000000000002,0.019592499343014335,707.10000000000002,0.019109508913811954,707.10000000000002,0.018809584361198003,707.10000000000002,0.018407721065079725,707.10000000000002,0.017528886176173888,707.10000000000002,0.017842501462322934,707.10000000000002,0.018567856022651173,707.10000000000002,0.017978306757203528,707.10000000000002,0.019535913803480749,707.10000000000002,0.019725888626094621,707.10000000000002,0.018461848206641065,707.10000000000002,0.018526995752905572,707.10000000000002,0.019015835473835015,707.10000000000002,0.018572984749455339,707.10000000000002,0.018358553105634813,707.10000000000002,0.017711909666590371,707.10000000000002,0.020617778455956529,707.10000000000002,0.021197112653967766,707.10000000000002,0.020665801988759187,707.10000000000002,0.020602053186168541,707.10000000000002,0.018413782287666474,707.10000000000002,0.019996058086010019,707.10000000000002,0.018754948585573448,707.10000000000002,0.019123623509066403,707.10000000000002,0.022965294202419405,707.10000000000002,0.023884353568491817,707.10000000000002,0.020824029568593538,707.10000000000002,0.020926222629129472,707.10000000000002,0.020744682654730721,707.10000000000002,0.020397963768300227,707.10000000000002,0.019752040894178681,707.10000000000002,0.020582682705594123,707.10000000000002,0.018375168485033448,707.10000000000002,0.017977967667828047,707.10000000000002,0.017355145257411223,707.10000000000002,0.017880309927689193,707.10000000000002,0.017286394886532216,707.10000000000002,0.016829514339241965,707.10000000000002,0.016248908556072666,707.10000000000002,0.018187736832735685,707.10000000000002,0.018933987775828012,707.10000000000002,0.018596127599331998,707.10000000000002,0.018296542136093521,707.10000000000002,0.018068631689597586,707.10000000000002,0.017730898671617371,707.10000000000002,0.017894085433568154,707.10000000000002,0.017504217424107561,707.10000000000002,0.017164322711358648,707.10000000000002,0.019780058153827898,707.10000000000002,0.020371090935293268,707.10000000000002,0.019246670566194484,707.10000000000002,0.019827064418504105,707.10000000000002,0.019034824478862018,707.10000000000002,0.018143061807515914,707.10000000000002,0.018762239007146308,707.10000000000002,0.01870603494316014,707.10000000000002,0.02242635402626247,707.10000000000002,0.022551859481362801,707.10000000000002,0.020893797207598999,707.10000000000002,0.020651136373269586,707.10000000000002,0.020002204080940635,707.10000000000002,0.020559794172749082,707.10000000000002,0.019437281181387382,707.10000000000002,0.018857226418453246
707.79999999999995,0.019165246729906837,707.79999999999995,0.018765333197697586,707.79999999999995,0.018283148105761978,707.79999999999995,0.017803294253282809,707.79999999999995,0.017467850088587103,707.79999999999995,0.018357069589617084,707.79999999999995,0.018534794808541664,707.79999999999995,0.018284334918576162,707.79999999999995,0.019425709756449052,707.79999999999995,0.019262183905122795,707.79999999999995,0.01867801768351093,707.79999999999995,0.018551579732628033,707.79999999999995,0.018798818273526446,707.79999999999995,0.018891728762408553,707.79999999999995,0.018445020896382766,707.79999999999995,0.017911972398124837,707.79999999999995,0.020556742368369744,707.79999999999995,0.020262921424514465,707.79999999999995,0.020755660673261952,707.79999999999995,0.020847045259954389,707.79999999999995,0.018427345862685757,707.79999999999995,0.019889244932733145,707.79999999999995,0.018147978603460416,707.79999999999995,0.018901519968125596,707.79999999999995,0.022265922365487485,707.79999999999995,0.022802658460703781,707.79999999999995,0.020033103600281443,707.79999999999995,0.020749896153878754,707.79999999999995,0.020882861575239695,707.79999999999995,0.020353034426048845,707.79999999999995,0.019118791485465778,707.79999999999995,0.020252918287937741,707.79999999999995,0.018256487203614693,707.79999999999995,0.017653289590803898,707.79999999999995,0.017525537668590999,707.79999999999995,0.018039681934165799,707.79999999999995,0.017056661834643064,707.79999999999995,0.016834600679874197,707.79999999999995,0.017068657121300748,707.79999999999995,0.017436653866042741,707.79999999999995,0.018800895195951274,707.79999999999995,0.018667336368183247,707.79999999999995,0.018363512287751245,707.79999999999995,0.018240719547654771,707.79999999999995,0.017908920593745496,707.79999999999995,0.017826267558471727,707.79999999999995,0.016980324338987648,707.79999999999995,0.017165170434797355,707.79999999999995,0.019696133533396065,707.79999999999995,0.020536397005840815,707.79999999999995,0.01842353110721158,707.79999999999995,0.019539686172782986,707.79999999999995,0.01845328619991014,707.79999999999995,0.018240550002967031,707.79999999999995,0.01809423293744649,707.79999999999995,0.018745877944779298,707.79999999999995,0.022181361952476629,707.79999999999995,0.022406051049905482,707.79999999999995,0.020124064325254532,707.79999999999995,0.020231513271110432,707.79999999999995,0.019644464789806974,707.79999999999995,0.020537753363342747,707.79999999999995,0.018709086747539485,707.79999999999995,0.019028466553071725
708.60000000000002,0.019211871519035632,708.60000000000002,0.019424014309571646,708.60000000000002,0.018278909488568449,708.60000000000002,0.017724455973483207,708.60000000000002,0.017269482803930047,708.60000000000002,0.018354526419300965,708.60000000000002,0.01829997541602028,708.60000000000002,0.017696014852114646,708.60000000000002,0.019212931173334009,708.60000000000002,0.018933267210905116,708.60000000000002,0.018238896942261551,708.60000000000002,0.018498173155989589,708.60000000000002,0.018255427549316312,708.60000000000002,0.018698447818383732,708.60000000000002,0.017978773005094817,708.60000000000002,0.017294829734747337,708.60000000000002,0.019987919940998453,708.60000000000002,0.020077269991437989,708.60000000000002,0.020425048532166864,708.60000000000002,0.021110687249391757,708.60000000000002,0.018191678746725667,708.60000000000002,0.019595932622941088,708.60000000000002,0.018437900019497643,708.60000000000002,0.019016810355789528,708.60000000000002,0.022385451370344943,708.60000000000002,0.022505955257156905,708.60000000000002,0.020469681171214702,708.60000000000002,0.02024719615472648,708.60000000000002,0.020639564948331256,708.60000000000002,0.019740130379864874,708.60000000000002,0.019290879343522964,708.60000000000002,0.020179166348770376,708.60000000000002,0.018356518569381926,708.60000000000002,0.017762645914396889,708.60000000000002,0.017327170383933947,708.60000000000002,0.017084297618744863,708.60000000000002,0.016328467400795164,708.60000000000002,0.01690326627840933,708.60000000000002,0.017051702652526639,708.60000000000002,0.017234047964192159,708.60000000000002,0.018820392835041496,708.60000000000002,0.018445232827242444,708.60000000000002,0.018443198290989546,708.60000000000002,0.018134754117816603,708.60000000000002,0.017435043191509202,708.60000000000002,0.017493959970499229,708.60000000000002,0.016688707476073008,708.60000000000002,0.017048184600256016,708.60000000000002,0.018947593737019236,708.60000000000002,0.019879411340844162,708.60000000000002,0.01817175724591609,708.60000000000002,0.019236201181726469,708.60000000000002,0.017949738477319156,708.60000000000002,0.01870679789425498,708.60000000000002,0.018406195162890059,708.60000000000002,0.018290650458194519,708.60000000000002,0.021665946101743768,708.60000000000002,0.021927087307036953,708.60000000000002,0.020185100412841314,708.60000000000002,0.02015776133194307,708.60000000000002,0.019671591939845547,708.60000000000002,0.020579291811839307,708.60000000000002,0.018955774268202743,708.60000000000002,0.019222595220535252
709.29999999999995,0.018860066291972909,709.29999999999995,0.018967939099548168,709.29999999999995,0.018583242203063673,709.29999999999995,0.017887218873714639,709.29999999999995,0.017667912820121565,709.29999999999995,0.018740240583911903,709.29999999999995,0.018149080643930723,709.29999999999995,0.017564617719115314,709.29999999999995,0.019188347193611555,709.29999999999995,0.018420394530488375,709.29999999999995,0.018710231174181736,709.29999999999995,0.018263353763468205,709.29999999999995,0.017890058747234303,709.29999999999995,0.018383942422624044,709.29999999999995,0.017872807575256649,709.29999999999995,0.017714452836906487,709.29999999999995,0.019625094309232559,709.29999999999995,0.020256139637004823,709.29999999999995,0.020021532175343117,709.29999999999995,0.020738536659800109,709.29999999999995,0.018591804209794598,709.29999999999995,0.019417910700812967,709.29999999999995,0.018807507438773179,709.29999999999995,0.018980358247925197,709.29999999999995,0.022097225401185118,709.29999999999995,0.022011732492391679,709.29999999999995,0.020457813043072828,709.29999999999995,0.02040232954400956,709.29999999999995,0.020052092605308443,709.29999999999995,0.019512092774853135,709.29999999999995,0.019045887269737116,709.29999999999995,0.01979429990759814,709.29999999999995,0.018353127675627103,709.29999999999995,0.018022897010079433,709.29999999999995,0.017330561277688769,709.29999999999995,0.017233496943957,709.29999999999995,0.016604825241813108,709.29999999999995,0.016977018217576696,709.29999999999995,0.016651577189457711,709.29999999999995,0.016992446784161133,709.29999999999995,0.018745793172435427,709.29999999999995,0.018635122877512442,709.29999999999995,0.017637861024219458,709.29999999999995,0.018407721065079728,709.29999999999995,0.017426565957122147,709.29999999999995,0.017701652212982037,709.29999999999995,0.016713291455795462,709.29999999999995,0.016989691682985343,709.29999999999995,0.019190042640488965,709.29999999999995,0.019888736298669926,709.29999999999995,0.018326042911760463,709.29999999999995,0.0188928731890508,709.29999999999995,0.018280350618414248,709.29999999999995,0.018553359951849313,709.29999999999995,0.018476556208302602,709.29999999999995,0.018481388231903227,709.29999999999995,0.021240388935513679,709.29999999999995,0.022126302315132716,709.29999999999995,0.01978327950289498,709.29999999999995,0.020458703152683468,709.29999999999995,0.019380822800369606,709.29999999999995,0.020080830429880556,709.29999999999995,0.018637030255249522,709.29999999999995,0.019153929622000118
710,0.019232216881564561,710,0.019315505709417362,710,0.019123242033518988,710,0.017901630172172629,710,0.017462763747954871,710,0.017808592524774715,710,0.017716741690190992,710,0.017461195459593262,710,0.018900121224451734,710,0.018927333146834181,710,0.018511016166085973,710,0.017921721217669946,710,0.017812915914312118,710,0.018028746301806498,710,0.018241567271093478,710,0.017026101404677738,710,0.019867543212702295,710,0.02073086476267982,710,0.020007120876885127,710,0.019916244924255908,710,0.018462950247111379,710,0.019049998728414841,710,0.018927884167069337,710,0.018737061621016762,710,0.022076880038656189,710,0.021866771784373067,710,0.020955426701592873,710,0.020314166306384208,710,0.019874070683180318,710,0.01961381958749777,710,0.019344285920161401,710,0.01935009282571654,710,0.018498088383645719,710,0.017998313030356976,710,0.017401770046540015,710,0.016685019879114638,710,0.016505641599484581,710,0.01706009511456982,710,0.016443037223536194,710,0.017273043242372606,710,0.018349906326560028,710,0.018233301967566104,710,0.018216008409416513,710,0.018250044505480532,710,0.017592719751108397,710,0.017789815450607396,710,0.01698710612649729,710,0.016796410738960526,710,0.019225647024914593,710,0.019575926349787647,710,0.018287895357018722,710,0.01894967065944406,710,0.018236268999601568,710,0.018305824707747349,710,0.018467231250476845,710,0.018322863948865325,710,0.021270059255868366,710,0.021545611759619544,710,0.020282588608292434,710,0.020701152056153197,710,0.0192528165611251,710,0.020062180514229044,710,0.01906513059179573,710,0.018988623551452574
710.70000000000005,0.018882107101379251,710.70000000000005,0.01884841009469071,710.70000000000005,0.018903681662894301,710.70000000000005,0.018049134050507357,710.70000000000005,0.017756923781185627,710.70000000000005,0.01750765070403432,710.70000000000005,0.017450556530437512,710.70000000000005,0.017575638123818481,710.70000000000005,0.018522036570789144,710.70000000000005,0.018733204479370651,710.70000000000005,0.01816175410933937,710.70000000000005,0.017992082263082493,710.70000000000005,0.018040953519323857,710.70000000000005,0.018429719488314136,710.70000000000005,0.018250044505480532,710.70000000000005,0.017335520459805191,710.70000000000005,0.019844654679857247,710.70000000000005,0.020590990395293437,710.70000000000005,0.019896069106414723,710.70000000000005,0.019578850995651181,710.70000000000005,0.018303578240634773,710.70000000000005,0.019518789790018906,710.70000000000005,0.018570992599374381,710.70000000000005,0.01832422030636725,710.70000000000005,0.021658952383374449,710.70000000000005,0.021744699609199489,710.70000000000005,0.02060362147453015,710.70000000000005,0.020214134940616975,710.70000000000005,0.019972406602070142,710.70000000000005,0.019253537126047996,710.70000000000005,0.019198477488704086,710.70000000000005,0.019321270228800553,710.70000000000005,0.01875918720276697,710.70000000000005,0.017653289590803898,710.70000000000005,0.017429744920017295,710.70000000000005,0.016913905207565083,710.70000000000005,0.016591261666793821,710.70000000000005,0.016784584996990582,710.70000000000005,0.016362503496859183,710.70000000000005,0.01717385960004408,710.70000000000005,0.017692920661563374,710.70000000000005,0.018466425913210075,710.70000000000005,0.017687876707103079,710.70000000000005,0.018362791722828342,710.70000000000005,0.018071683493976923,710.70000000000005,0.017757601959936586,710.70000000000005,0.016415740528809879,710.70000000000005,0.016369158125853024,710.70000000000005,0.019275662707798208,710.70000000000005,0.019304654849401932,710.70000000000005,0.018712604799810108,710.70000000000005,0.018647033391826245,710.70000000000005,0.018031119927434874,710.70000000000005,0.017997253376058595,710.70000000000005,0.018301925179929301,710.70000000000005,0.017971058721802598,710.70000000000005,0.02113950984630774,710.70000000000005,0.021486271118910171,710.70000000000005,0.019901113060875022,710.70000000000005,0.020693522545204849,710.70000000000005,0.019173978281325499,710.70000000000005,0.019484033129031984,710.70000000000005,0.018450531098734346,710.70000000000005,0.018613082068106104
711.39999999999998,0.019134728686113447,711.39999999999998,0.019110356637250664,711.39999999999998,0.018648516907843984,711.39999999999998,0.017574408924832363,711.39999999999998,0.017261853292981699,711.39999999999998,0.016932894212592087,711.39999999999998,0.017591278621262602,711.39999999999998,0.01735268685943897,711.39999999999998,0.018057484126378608,711.39999999999998,0.019200300094097303,711.39999999999998,0.018037986487288389,711.39999999999998,0.017928503005179588,711.39999999999998,0.018259666166509838,711.39999999999998,0.018252545289624715,711.39999999999998,0.017971991217585172,711.39999999999998,0.017473699380314168,711.39999999999998,0.019899756703373093,711.39999999999998,0.020509608945177723,711.39999999999998,0.019903698617363071,711.39999999999998,0.019179573256020956,711.39999999999998,0.018319684985970173,711.39999999999998,0.019089841730033995,711.39999999999998,0.018429422785110589,711.39999999999998,0.017996151335588278,711.39999999999998,0.021475844120614093,711.39999999999998,0.0213344014648661,711.39999999999998,0.020165348456719478,711.39999999999998,0.019875893288573535,711.39999999999998,0.020200444207081881,711.39999999999998,0.019658748929749156,711.39999999999998,0.019115400591710959,711.39999999999998,0.018962683214228188,711.39999999999998,0.018099658367454204,711.39999999999998,0.017443054178004968,711.39999999999998,0.01742296313250765,711.39999999999998,0.01695459593262294,711.39999999999998,0.016715877012283515,711.39999999999998,0.016786280443867992,711.39999999999998,0.016478641607961819,711.39999999999998,0.016743216093181759,711.39999999999998,0.017567457592634981,711.39999999999998,0.018285013097327132,711.39999999999998,0.017738740113425397,711.39999999999998,0.018186465247577624,711.39999999999998,0.017897900189042332,711.39999999999998,0.017371040071886945,711.39999999999998,0.016418283699125999,711.39999999999998,0.016246238227240747,711.39999999999998,0.019135788340411828,711.39999999999998,0.019316522977543809,711.39999999999998,0.01833960648677975,711.39999999999998,0.018846248399922008,711.39999999999998,0.017880225155345316,711.39999999999998,0.017705636513143951,711.39999999999998,0.018160355365665504,711.39999999999998,0.017874418249790188,711.39999999999998,0.02096911743512796,711.39999999999998,0.020777574324152493,711.39999999999998,0.01981210209981096,711.39999999999998,0.020234056441426545,711.39999999999998,0.018895077269991439,711.39999999999998,0.01944673329772895,711.39999999999998,0.018549714741062876,711.39999999999998,0.018309597077049586
712.20000000000005,0.018649830879173983,712.20000000000005,0.018954375524528881,712.20000000000005,0.018378940854335678,712.20000000000005,0.018020311453591377,712.20000000000005,0.017325432550884604,712.20000000000005,0.017363537719454404,712.20000000000005,0.017828641184100096,712.20000000000005,0.017258589557742683,712.20000000000005,0.018067656807643075,712.20000000000005,0.018300017802192214,712.20000000000005,0.017999838932546645,712.20000000000005,0.018343039766706509,712.20000000000005,0.018350372574451317,712.20000000000005,0.018451760297720474,712.20000000000005,0.017822791892373031,712.20000000000005,0.017917058738757066,712.20000000000005,0.019822613870450905,712.20000000000005,0.020038274713257545,712.20000000000005,0.019622254435712895,712.20000000000005,0.01927790917491078,712.20000000000005,0.018423107245492232,712.20000000000005,0.019296686249078102,712.20000000000005,0.01808694251587362,712.20000000000005,0.017634173427261091,712.20000000000005,0.021490255419072082,712.20000000000005,0.021521748344819985,712.20000000000005,0.020089901070674702,712.20000000000005,0.019724998516483981,712.20000000000005,0.019939345387960633,712.20000000000005,0.019460381645092104,712.20000000000005,0.019173045785542922,712.20000000000005,0.01909577579410493,712.20000000000005,0.017852123123352239,712.20000000000005,0.017654137314242604,712.20000000000005,0.01732632266049524,712.20000000000005,0.017224171986131243,712.20000000000005,0.016142815967718691,712.20000000000005,0.0168193416579775,712.20000000000005,0.016119206869950747,712.20000000000005,0.01668472317591109,712.20000000000005,0.017935369565033103,712.20000000000005,0.018436755592855389,712.20000000000005,0.017043606893687009,712.20000000000005,0.017945711790985308,712.20000000000005,0.017752939481023709,712.20000000000005,0.01708450954960454,712.20000000000005,0.016512381000822293,712.20000000000005,0.016408153404033468,712.20000000000005,0.01888994854318727,712.20000000000005,0.019263116400905372,712.20000000000005,0.018474394513533901,712.20000000000005,0.01874028297008384,712.20000000000005,0.018067572035299205,712.20000000000005,0.017402151522087433,712.20000000000005,0.018128141874994706,712.20000000000005,0.017574324152488493,712.20000000000005,0.020628332612768408,712.20000000000005,0.020772487983520257,712.20000000000005,0.018976246789247479,712.20000000000005,0.019652518162474673,712.20000000000005,0.019136678450022464,712.20000000000005,0.019294990802200693,712.20000000000005,0.018824377135203411,712.20000000000005,0.017795876673194141
712.89999999999998,0.01888549799513407,712.89999999999998,0.018053245509185082,712.89999999999998,0.018242457380704118,712.89999999999998,0.017303137424446648,712.89999999999998,0.016837991573629019,712.89999999999998,0.016998168917372398,712.89999999999998,0.017783711841848716,712.89999999999998,0.016955104566686162,712.89999999999998,0.018182099471868298,712.89999999999998,0.018478039724320338,712.89999999999998,0.018309257987674101,712.89999999999998,0.018483761857531599,712.89999999999998,0.018282554699354883,712.89999999999998,0.018045700770580608,712.89999999999998,0.017762603528224948,712.89999999999998,0.017649178132126176,712.89999999999998,0.01936908183074354,712.89999999999998,0.019755135084729963,712.89999999999998,0.019876571467324505,712.89999999999998,0.018894738180615954,712.89999999999998,0.018240846706170582,712.89999999999998,0.018371819977450556,712.89999999999998,0.017839407271771662,712.89999999999998,0.017423938014462161,712.89999999999998,0.021478387290930205,712.89999999999998,0.020836787806346058,712.89999999999998,0.019734704949857157,712.89999999999998,0.020252282495358716,712.89999999999998,0.019523960902995005,712.89999999999998,0.019584996990581791,712.89999999999998,0.018840738197570418,712.89999999999998,0.018972855895492653,712.89999999999998,0.017383332061748181,712.89999999999998,0.017788077617558049,712.89999999999998,0.017344972576146755,712.89999999999998,0.017119902003170484,712.89999999999998,0.016459864533794492,712.89999999999998,0.017197426311640094,712.89999999999998,0.01596746437442249,712.89999999999998,0.01647448776311216,712.89999999999998,0.017881962988394666,712.89999999999998,0.017943380551528873,712.89999999999998,0.01738778260980138,712.89999999999998,0.017508286496613342,712.89999999999998,0.017391809296135232,712.89999999999998,0.017259988301416548,712.89999999999998,0.01691928825140086,712.89999999999998,0.016785390334257348,712.89999999999998,0.018687342641336695,712.89999999999998,0.01946572230275595,712.89999999999998,0.017791129421937387,712.89999999999998,0.018747912481032188,712.89999999999998,0.017562328865830812,712.89999999999998,0.017334333646991006,712.89999999999998,0.017733950475996713,712.89999999999998,0.017695548604223357,712.89999999999998,0.020287547790408856,712.89999999999998,0.021149724913744141,712.89999999999998,0.018753295524867968,712.89999999999998,0.019898357959699221,712.89999999999998,0.019133287556267642,712.89999999999998,0.01957304409009605,712.89999999999998,0.018704000406907249,712.89999999999998,0.017905232996787132
713.60000000000002,0.018383645719420503,713.60000000000002,0.018421157481583208,713.60000000000002,0.018394199876232375,713.60000000000002,0.017662572162457715,713.60000000000002,0.01683629612675161,713.60000000000002,0.017004102981443333,713.60000000000002,0.017892220442003001,713.60000000000002,0.016833880114951297,713.60000000000002,0.018252460517280841,713.60000000000002,0.018000771428329225,713.60000000000002,0.01789302577926977,713.60000000000002,0.017971736900553561,713.60000000000002,0.018010435475530464,713.60000000000002,0.018182184244212172,713.60000000000002,0.017705806057831695,713.60000000000002,0.017865347608996041,713.60000000000002,0.01925718233683443,713.60000000000002,0.019426218390512281,713.60000000000002,0.019695158651441558,713.60000000000002,0.019311818112458995,713.60000000000002,0.01805265210277799,713.60000000000002,0.018529496537049751,713.60000000000002,0.017364682146096662,713.60000000000002,0.01759433042564194,713.60000000000002,0.021733552045980521,713.60000000000002,0.020859676339191103,713.60000000000002,0.019798284207760062,713.60000000000002,0.019771623305612777,713.60000000000002,0.01911027186490679,713.60000000000002,0.019376457024660274,713.60000000000002,0.018427896882920909,713.60000000000002,0.019310249824097386,713.60000000000002,0.017789391588888044,713.60000000000002,0.017508328882785282,713.60000000000002,0.016982994667819565,713.60000000000002,0.016583293066469995,713.60000000000002,0.015932580554919761,713.60000000000002,0.016745589718810135,713.60000000000002,0.015929316819680746,713.60000000000002,0.016802556733891132,713.60000000000002,0.017666641234963507,713.60000000000002,0.017997634851606017,713.60000000000002,0.01762938378983241,713.60000000000002,0.017258208082195262,713.60000000000002,0.017434195468070499,713.60000000000002,0.017156566041894493,713.60000000000002,0.017256682180005596,713.60000000000002,0.017060900451836589,713.60000000000002,0.018849257818129416,713.60000000000002,0.019160541864822019,713.60000000000002,0.018131914244296939,713.60000000000002,0.018653815179335894,713.60000000000002,0.01756995837677916,713.60000000000002,0.017726829599111586,713.60000000000002,0.017554233106991175,713.60000000000002,0.017371718250637911,713.60000000000002,0.020333324856098949,713.60000000000002,0.020263006196858339,713.60000000000002,0.018651568712223322,713.60000000000002,0.01984834227681561,713.60000000000002,0.01926977102989921,713.60000000000002,0.01954506921661877,713.60000000000002,0.018994769546383187,713.60000000000002,0.018268906351991729
714.29999999999995,0.017910616040622912,714.29999999999995,0.017744674177496332,714.29999999999995,0.017824529725422377,714.29999999999995,0.016849605384739282,714.29999999999995,0.016436170663682678,714.29999999999995,0.017052423217449538,714.29999999999995,0.017041106109542823,714.29999999999995,0.016099751617032459,714.29999999999995,0.018204988004713343,714.29999999999995,0.018330535845985606,714.29999999999995,0.017755694582199499,714.29999999999995,0.017561438756220168,714.29999999999995,0.017274611530734212,714.29999999999995,0.017452294363486859,714.29999999999995,0.017053059010028567,714.29999999999995,0.017530496850707424,714.29999999999995,0.018198375761891438,714.29999999999995,0.018761603214567282,714.29999999999995,0.019089884116205932,714.29999999999995,0.018815052177377653,714.29999999999995,0.017931427651043122,714.29999999999995,0.0177775658469181,714.29999999999995,0.017579156176089114,714.29999999999995,0.017696057238286579,714.29999999999995,0.021074023210667751,714.29999999999995,0.020355280893161416,714.29999999999995,0.019425285894729707,714.29999999999995,0.019803836796283582,714.29999999999995,0.018557556182870902,714.29999999999995,0.019075515203919872,714.29999999999995,0.017965039885387789,714.29999999999995,0.018838067868738505,714.29999999999995,0.017577460729211705,714.29999999999995,0.017091248950942245,714.29999999999995,0.016955019794342292,714.29999999999995,0.016056009087595264,714.29999999999995,0.016517509727626462,714.29999999999995,0.016687944524978172,714.29999999999995,0.016092927443350887,714.29999999999995,0.01646007646465417,714.29999999999995,0.016839263158787081,714.29999999999995,0.01724316099115825,714.29999999999995,0.017288598967472851,714.29999999999995,0.016911489195764774,714.29999999999995,0.016618685520035946,714.29999999999995,0.016683536363096906,714.29999999999995,0.016934547273297559,714.29999999999995,0.016244542780363334,714.29999999999995,0.018162601832778076,714.29999999999995,0.019246161932131262,714.29999999999995,0.0179038766392852,714.29999999999995,0.018104490391054825,714.29999999999995,0.017228325830980901,714.29999999999995,0.017703093342827839,714.29999999999995,0.017377906631740461,714.29999999999995,0.017501419936759827,714.29999999999995,0.019398285903206938,714.29999999999995,0.020008689165246729,714.29999999999995,0.018899951679763993,714.29999999999995,0.019345642277663333,714.29999999999995,0.018701796325966618,714.29999999999995,0.018998287598653813,714.29999999999995,0.018053796529420241,714.29999999999995,0.018440146486610211
715.10000000000002,0.01737400710392242,715.10000000000002,0.018377923586209235,715.10000000000002,0.018215330230665547,715.10000000000002,0.016851300831616688,715.10000000000002,0.016459906919966429,715.10000000000002,0.017536473300950296,715.10000000000002,0.016443461085255545,715.10000000000002,0.016177742173393347,715.10000000000002,0.017960843654366201,715.10000000000002,0.017992294193942167,715.10000000000002,0.017683638089909543,715.10000000000002,0.017019743478887447,715.10000000000002,0.016962649305290643,715.10000000000002,0.017481116960402839,715.10000000000002,0.017020845519357761,715.10000000000002,0.017397404270830686,715.10000000000002,0.018316209319871487,715.10000000000002,0.018629358358129244,715.10000000000002,0.01829726270101642,715.10000000000002,0.018908301755635244,715.10000000000002,0.017855980264998347,715.10000000000002,0.017961521833117163,715.10000000000002,0.017829234590507195,715.10000000000002,0.017769809177453948,715.10000000000002,0.020606927595941103,715.10000000000002,0.020352737722845297,715.10000000000002,0.019507515068284124,715.10000000000002,0.019368106948789029,715.10000000000002,0.019067885692971524,715.10000000000002,0.01908144926799081,715.10000000000002,0.017836185922704573,715.10000000000002,0.018722777481074575,715.10000000000002,0.017542704068224786,715.10000000000002,0.017133635122877515,715.10000000000002,0.016742241211227245,715.10000000000002,0.015784737587209548,715.10000000000002,0.016368310402414314,715.10000000000002,0.016145401524206741,715.10000000000002,0.016360808049981773,715.10000000000002,0.016461771911531579,715.10000000000002,0.017153768554546769,715.10000000000002,0.017477980383679634,715.10000000000002,0.016795223926146335,715.10000000000002,0.017211583293066469,715.10000000000002,0.016601731051261837,715.10000000000002,0.016505514440968781,715.10000000000002,0.016299602417707251,715.10000000000002,0.016447996405652622,715.10000000000002,0.018357578223680306,715.10000000000002,0.018673948611005145,715.10000000000002,0.017869119978298278,715.10000000000002,0.01808244958164848,715.10000000000002,0.017633537634682062,715.10000000000002,0.017246170409365651,715.10000000000002,0.017100701067283806,715.10000000000002,0.016729143884099247,715.10000000000002,0.019513576290870863,715.10000000000002,0.01912281817179963,715.10000000000002,0.019005917109602165,715.10000000000002,0.018853114959775524,715.10000000000002,0.018358468333290946,715.10000000000002,0.018404881191560068,715.10000000000002,0.018718411705365239,715.10000000000002,0.017878953570187265
715.79999999999995,0.017045938133143448,715.79999999999995,0.017604799810109952,715.79999999999995,0.018080542203911393,715.79999999999995,0.017175978908640845,715.79999999999995,0.016537049752888621,715.79999999999995,0.01749239168213762,715.79999999999995,0.016284936802217646,715.79999999999995,0.016564304061442995,715.79999999999995,0.017586997617897136,715.79999999999995,0.018493298746217034,715.79999999999995,0.017413214312962538,715.79999999999995,0.017508879903020438,715.79999999999995,0.017021142222561313,715.79999999999995,0.017188652374049491,715.79999999999995,0.017031018200622229,715.79999999999995,0.017029492298432557,715.79999999999995,0.018130557886795011,715.79999999999995,0.018592058526826209,715.79999999999995,0.018186210930546017,715.79999999999995,0.018500546781617964,715.79999999999995,0.018340878071937808,715.79999999999995,0.017727550164034482,715.79999999999995,0.017789391588888041,715.79999999999995,0.017728270728957385,715.79999999999995,0.020032171104498869,715.79999999999995,0.020539236879360479,715.79999999999995,0.019275238846078856,715.79999999999995,0.019368954672227736,715.79999999999995,0.019456143027898578,715.79999999999995,0.018741512169069958,715.79999999999995,0.01812865050905792,715.79999999999995,0.018398947127489126,715.79999999999995,0.017159533073929964,715.79999999999995,0.017608360248552515,715.79999999999995,0.016697311868975863,715.79999999999995,0.016467154955367359,715.79999999999995,0.016580241262090654,715.79999999999995,0.01686088010647406,715.79999999999995,0.016552393547129184,715.79999999999995,0.01651517848817002,715.79999999999995,0.017289404304739624,715.79999999999995,0.017513584768105255,715.79999999999995,0.016579902172715169,715.79999999999995,0.017413341471478341,715.79999999999995,0.016799250612480183,715.79999999999995,0.016508905334723604,715.79999999999995,0.016062239854869747,715.79999999999995,0.016242847333485924,715.79999999999995,0.017820121563541114,715.79999999999995,0.018677339504759968,715.79999999999995,0.017466451344913238,715.79999999999995,0.018268948738163659,715.79999999999995,0.017172376084026348,715.79999999999995,0.016739231793019844,715.79999999999995,0.017133762281393319,715.79999999999995,0.016806286717021435,715.79999999999995,0.019278756898349483,715.79999999999995,0.020079897934097975,715.79999999999995,0.0186473300950298,715.79999999999995,0.018479268923306463,715.79999999999995,0.018700100879089208,715.79999999999995,0.018562557751159267,715.79999999999995,0.018223341217161314,715.79999999999995,0.017549189152530877
716.5,0.017427413680560857,716.5,0.01799390486847571,716.5,0.01840267711061943,716.5,0.017447250409026557,716.5,0.016574349584191655,716.5,0.017071920856539764,716.5,0.016625721624577199,716.5,0.016597365275552504,716.5,0.017151267770402583,716.5,0.018332231292863013,716.5,0.016969854954519636,716.5,0.017352898790298655,716.5,0.017361079321482162,716.5,0.017867678848452487,716.5,0.01725142629468562,716.5,0.016736179988640503,716.5,0.018529835626425236,716.5,0.019214287530835938,716.5,0.018661783779659723,716.5,0.018095334977916804,716.5,0.017891584649423972,716.5,0.017999669387858904,716.5,0.017624085518340497,716.5,0.017586700914693595,716.5,0.019888905843357663,716.5,0.020478200791773694,716.5,0.019432915405678056,716.5,0.019227384857963936,716.5,0.019735891762671345,716.5,0.019039910819494243,716.5,0.018177818468502832,716.5,0.018368429083695733,716.5,0.016919627340776344,716.5,0.017285377618405772,716.5,0.016626103100124613,716.5,0.01699952527487433,716.5,0.016604825241813108,716.5,0.016441257004314914,716.5,0.016287056110814407,716.5,0.016468553699041225,716.5,0.018024380526097169,716.5,0.018130727431482755,716.5,0.016707060688520976,716.5,0.017270076210337139,716.5,0.017236675906852149,716.5,0.016389376329866145,716.5,0.01612073277214042,716.5,0.016934589659469496,716.5,0.018422852928460624,716.5,0.018586633096818496,716.5,0.017556310029416006,716.5,0.018560565601078303,716.5,0.017313945898290141,716.5,0.017035934996566721,716.5,0.017104939684477339,716.5,0.016936836126582065,716.5,0.019971346947771758,716.5,0.019834905860312127,716.5,0.018710061629493995,716.5,0.018849724066020701,716.5,0.018533099361664255,716.5,0.018844001932809443,716.5,0.018426794842450599,716.5,0.017639047837033649
717.20000000000005,0.017508795130676571,717.20000000000005,0.018199053940642404,717.20000000000005,0.018135644227427243,717.20000000000005,0.018176292566313163,717.20000000000005,0.016888007256512634,717.20000000000005,0.017290633503725745,717.20000000000005,0.017657401049481616,717.20000000000005,0.017030551952730937,717.20000000000005,0.01767007451489026,717.20000000000005,0.01880610869509931,717.20000000000005,0.016963073167009995,717.20000000000005,0.017791171808109324,717.20000000000005,0.017695082356332069,717.20000000000005,0.017909217296949043,717.20000000000005,0.017330264574485218,717.20000000000005,0.017133762281393319,717.20000000000005,0.018426413366903181,717.20000000000005,0.019443172859286387,717.20000000000005,0.019173808736637762,717.20000000000005,0.018009714910607565,717.20000000000005,0.018387502861066603,717.20000000000005,0.018113264328645424,717.20000000000005,0.017272280291277777,717.20000000000005,0.017417156226952519,717.20000000000005,0.019827022032332171,717.20000000000005,0.020643506862321238,717.20000000000005,0.01942782906504582,717.20000000000005,0.019273161923654025,717.20000000000005,0.019194196485338624,717.20000000000005,0.018710146401837865,717.20000000000005,0.018396531115688817,717.20000000000005,0.018137000584929171,717.20000000000005,0.017375702550799833,717.20000000000005,0.017793163958190281,717.20000000000005,0.016842272576994478,717.20000000000005,0.017015632020209729,717.20000000000005,0.016464103150988025,717.20000000000005,0.016905809448725446,717.20000000000005,0.016363351220297889,717.20000000000005,0.016602494002356673,717.20000000000005,0.018190534320083419,717.20000000000005,0.018213804328475879,717.20000000000005,0.017230106050202185,717.20000000000005,0.017428600493375038,717.20000000000005,0.017128167306697865,717.20000000000005,0.016435153395556235,717.20000000000005,0.016902333782626757,717.20000000000005,0.017185515797326283,717.20000000000005,0.018682256300704463,717.20000000000005,0.018663775929740684,717.20000000000005,0.01775298186719565,717.20000000000005,0.018571586005781467,717.20000000000005,0.017252062087264652,717.20000000000005,0.017157159448301585,717.20000000000005,0.017288895670676395,717.20000000000005,0.017776082330900368,717.20000000000005,0.019823843069437023,717.20000000000005,0.020251138068716458,717.20000000000005,0.01849389215262413,717.20000000000005,0.018417385112280971,717.20000000000005,0.018970524656036214,717.20000000000005,0.01916528911607877,717.20000000000005,0.017928333460491847,717.20000000000005,0.017555123216601819
717.89999999999998,0.017964870340700056,717.89999999999998,0.018210074345345571,717.89999999999998,0.018135644227427243,717.89999999999998,0.017772776209489409,717.89999999999998,0.016656578757746072,717.89999999999998,0.017062595898714002,717.89999999999998,0.01747174961640514,717.89999999999998,0.016633817383416828,717.89999999999998,0.017565804531929501,717.89999999999998,0.018168620669192882,717.89999999999998,0.017109729321906016,717.89999999999998,0.01764027703601977,717.89999999999998,0.017741707145460864,717.89999999999998,0.017838008528097794,717.89999999999998,0.017498113815348878,717.89999999999998,0.016686164305756888,717.89999999999998,0.018532378796741349,717.89999999999998,0.019222764765222992,717.89999999999998,0.019092427286522048,717.89999999999998,0.017628239363190152,717.89999999999998,0.018137424446648523,717.89999999999998,0.017726702440595783,717.89999999999998,0.017559658536998896,717.89999999999998,0.017374770055017256,717.89999999999998,0.019638827428939579,717.89999999999998,0.020231513271110432,717.89999999999998,0.019319320464891536,717.89999999999998,0.019075642362435676,717.89999999999998,0.018632155845476974,717.89999999999998,0.018755923467527955,717.89999999999998,0.017991319311987657,717.89999999999998,0.018064096369200512,717.89999999999998,0.017601196985495452,717.89999999999998,0.017085314886871306,717.89999999999998,0.016760891126878768,717.89999999999998,0.016473936742877001,717.89999999999998,0.016296253910124361,717.89999999999998,0.016587065435772229,717.89999999999998,0.016397260157846101,717.89999999999998,0.016172698218933055,717.89999999999998,0.018227834151386454,717.89999999999998,0.0181527682408891,717.89999999999998,0.016988504870171159,717.89999999999998,0.017234471825911514,717.89999999999998,0.016355043530598579,717.89999999999998,0.016385137712672616,717.89999999999998,0.016504751489873945,717.89999999999998,0.017205861159855215,717.89999999999998,0.018633936064698254,717.89999999999998,0.018618846587489298,717.89999999999998,0.017791129421937387,717.89999999999998,0.017959529683036202,717.89999999999998,0.017459754329747466,717.89999999999998,0.017062214423166591,717.89999999999998,0.017444876783398185,717.89999999999998,0.0181456897501759,717.89999999999998,0.019578850995651181,717.89999999999998,0.019885769266634452,717.89999999999998,0.018908428914151048,717.89999999999998,0.019084543458542085,717.89999999999998,0.018416961250561616,717.89999999999998,0.01859222807151395,717.89999999999998,0.017497689953629526,717.89999999999998,0.017737383755923469
718.70000000000005,0.017981824809474162,718.70000000000005,0.018597483956833923,718.70000000000005,0.0184450632825547,718.70000000000005,0.017954189025372359,718.70000000000005,0.016621822096759154,718.70000000000005,0.017119393369107262,718.70000000000005,0.017685375922958893,718.70000000000005,0.017265371345252325,718.70000000000005,0.01755902274441986,718.70000000000005,0.018700143265261138,718.70000000000005,0.01767007451489026,718.70000000000005,0.017950543814585929,718.70000000000005,0.018078253350626895,718.70000000000005,0.017701525054466233,718.70000000000005,0.017563388520129189,718.70000000000005,0.017221925519018674,718.70000000000005,0.018475581326348092,718.70000000000005,0.01929143036375813,718.70000000000005,0.018382882768325663,718.70000000000005,0.017578223680306541,718.70000000000005,0.018451082118969505,718.70000000000005,0.018081050837974618,718.70000000000005,0.017312123292896928,718.70000000000005,0.017239134304824395,718.70000000000005,0.020287335859549178,718.70000000000005,0.020159456778820476,718.70000000000005,0.019252350313233812,718.70000000000005,0.018842518416791701,718.70000000000005,0.019158592100912999,718.70000000000005,0.018371057026355723,718.70000000000005,0.018060832633961493,718.70000000000005,0.018543907835507741,718.70000000000005,0.018025906428286834,718.70000000000005,0.017553258225036665,718.70000000000005,0.016781236489407693,718.70000000000005,0.01622809694565245,718.70000000000005,0.01589697617049414,718.70000000000005,0.016407348066766698,718.70000000000005,0.01683807634597289,718.70000000000005,0.016780515924484797,718.70000000000005,0.017769215771046856,718.70000000000005,0.018325703822384989,718.70000000000005,0.016946118698235889,718.70000000000005,0.017779557996999061,718.70000000000005,0.016232123631986298,718.70000000000005,0.016953960140043911,718.70000000000005,0.016692098369827827,718.70000000000005,0.017203317989539092,718.70000000000005,0.018704297110110801,718.70000000000005,0.018129710163356304,718.70000000000005,0.01812767562710341,718.70000000000005,0.018157049244254549,718.70000000000005,0.017419911328128312,718.70000000000005,0.017016437357476499,718.70000000000005,0.017572883022642694,718.70000000000005,0.018032094809389384,718.70000000000005,0.019620389444147738,718.70000000000005,0.02004683671998847,718.70000000000005,0.018425226554089,718.70000000000005,0.018903130642659138,718.70000000000005,0.018915422632520367,718.70000000000005,0.018629527902816984,718.70000000000005,0.017868145096343768,718.70000000000005,0.017789094885684496
719.39999999999998,0.017781762077939699,719.39999999999998,0.017990513974720887,719.39999999999998,0.017790620787874158,719.39999999999998,0.017434534557445976,719.39999999999998,0.016515856666920986,719.39999999999998,0.016649754584064494,719.39999999999998,0.017350525164670276,719.39999999999998,0.017030551952730937,719.39999999999998,0.017569195425684324,719.39999999999998,0.018444130786772123,719.39999999999998,0.017543763722523163,719.39999999999998,0.017913243983282891,719.39999999999998,0.017630655374990461,719.39999999999998,0.017849876656239671,719.39999999999998,0.017838050914269724,719.39999999999998,0.016497121978925597,719.39999999999998,0.018167857718098045,719.39999999999998,0.018934538796063171,719.39999999999998,0.018400684960538476,719.39999999999998,0.017625696192874039,719.39999999999998,0.018195069640480493,719.39999999999998,0.017608021159177031,719.39999999999998,0.017847884506158714,719.39999999999998,0.018040232954400957,719.39999999999998,0.020330569754923151,719.39999999999998,0.019949221366021546,719.39999999999998,0.019034485389486534,719.39999999999998,0.018267761925349471,719.39999999999998,0.019288293787034918,719.39999999999998,0.018649958037689787,719.39999999999998,0.018127802785619217,719.39999999999998,0.01843879012910828,719.39999999999998,0.017378245721115945,719.39999999999998,0.016993760755491128,719.39999999999998,0.016467578817086711,719.39999999999998,0.016746903690140126,719.39999999999998,0.016041936878512755,719.39999999999998,0.016449734238701962,719.39999999999998,0.0164599916923103,719.39999999999998,0.016663530089943458,719.39999999999998,0.017564914422318865,719.39999999999998,0.017886583081135613,719.39999999999998,0.016412900655290216,719.39999999999998,0.017896543831540396,719.39999999999998,0.016450836279172282,719.39999999999998,0.017059077846443373,719.39999999999998,0.016786195671524121,719.39999999999998,0.0168082788671024,719.39999999999998,0.018108347532700932,719.39999999999998,0.018564592287412158,719.39999999999998,0.018125132456787298,719.39999999999998,0.017867975551656021,719.39999999999998,0.01726223476852912,719.39999999999998,0.01717750481083052,719.39999999999998,0.017431313208378898,719.39999999999998,0.017934606613938264,719.39999999999998,0.019672100573908766,719.39999999999998,0.019871357968176462,719.39999999999998,0.018712604799810108,719.39999999999998,0.019633020523384448,719.39999999999998,0.018492408636606394,719.39999999999998,0.018404881191560068,719.39999999999998,0.017016183040444881,719.39999999999998,0.018051889151683157
720.10000000000002,0.017362986699219249,720.10000000000002,0.017923543823063166,720.10000000000002,0.017799945745699923,720.10000000000002,0.017284487508795129,720.10000000000002,0.016665903715571834,720.10000000000002,0.016567525410510077,720.10000000000002,0.01748700863830184,720.10000000000002,0.017067851784033979,720.10000000000002,0.017899807566779415,720.10000000000002,0.018493298746217034,720.10000000000002,0.017486966252129903,720.10000000000002,0.017733526614277358,720.10000000000002,0.017625569034358236,720.10000000000002,0.017691352373201772,720.10000000000002,0.017651551757754552,720.10000000000002,0.017245661775302429,720.10000000000002,0.017806727533209565,720.10000000000002,0.019120190229139647,720.10000000000002,0.018434593898086691,720.10000000000002,0.017772352347770061,720.10000000000002,0.017757644346108527,720.10000000000002,0.018151411883387161,720.10000000000002,0.017351966294516078,720.10000000000002,0.017491755889558591,720.10000000000002,0.020555216466180071,720.10000000000002,0.019531293710739809,720.10000000000002,0.019065851156718633,720.10000000000002,0.018394072717716571,720.10000000000002,0.019301857362054201,720.10000000000002,0.018615201376702861,720.10000000000002,0.018459262650153008,720.10000000000002,0.018448115086934041,720.10000000000002,0.017217178267761927,720.10000000000002,0.017120071547858232,720.10000000000002,0.016737154870595013,720.10000000000002,0.016763010435475529,720.10000000000002,0.016014809728474182,720.10000000000002,0.016239498825903038,720.10000000000002,0.016222629129472803,720.10000000000002,0.017014487593567475,720.10000000000002,0.017611539211447657,720.10000000000002,0.017716190669955837,720.10000000000002,0.016649415494689013,720.10000000000002,0.01772784686723803,720.10000000000002,0.016659376245093799,720.10000000000002,0.017175215957546012,720.10000000000002,0.016944719954562027,720.10000000000002,0.016720115629477037,720.10000000000002,0.017981189016895126,720.10000000000002,0.018083085374227512,720.10000000000002,0.017886074447072381,720.10000000000002,0.01801124081279723,720.10000000000002,0.017514856353263317,720.10000000000002,0.017816688283614355,720.10000000000002,0.017165975772064117,720.10000000000002,0.017570085535294964,720.10000000000002,0.019906072242991447,720.10000000000002,0.019275408390766594,720.10000000000002,0.018499826216695065,720.10000000000002,0.019049786797555163,720.10000000000002,0.018378813695819875,720.10000000000002,0.018391317616540784,720.10000000000002,0.017355272415927027,720.10000000000002,0.017728906521536417
720.79999999999995,0.016618685520035949,720.79999999999995,0.01746068682553004,720.79999999999995,0.017020040182090999,720.79999999999995,0.017019997795919055,720.79999999999995,0.01659554267015929,720.79999999999995,0.016267431313208382,720.79999999999995,0.017214041691038715,720.79999999999995,0.016498181633223977,720.79999999999995,0.018259242304790486,720.79999999999995,0.017780363334265827,720.79999999999995,0.016881691716894277,720.79999999999995,0.017826776192534945,720.79999999999995,0.017009274094419435,720.79999999999995,0.016961462492476456,720.79999999999995,0.017525240965387451,720.79999999999995,0.016244500394191397,720.79999999999995,0.017652441867365191,720.79999999999995,0.018834507430295942,720.79999999999995,0.018365928299551557,720.79999999999995,0.018354738350160642,720.79999999999995,0.017534693081729013,720.79999999999995,0.017743656909369885,720.79999999999995,0.017522358705695854,720.79999999999995,0.017096716767121895,720.79999999999995,0.020016912082602169,720.79999999999995,0.019165924908657803,720.79999999999995,0.018553826199740598,720.79999999999995,0.018277934606613942,720.79999999999995,0.018504997329671168,720.79999999999995,0.01822863948865322,720.79999999999995,0.017995557929181182,720.79999999999995,0.017998821664420201,720.79999999999995,0.016513567813636484,720.79999999999995,0.016582614887719033,720.79999999999995,0.016423497198274031,720.79999999999995,0.016807939777726915,720.79999999999995,0.016003789323771011,720.79999999999995,0.016741351101616609,720.79999999999995,0.015203665556148964,720.79999999999995,0.01608114408755288,720.79999999999995,0.017597127912989667,720.79999999999995,0.017121936539423385,720.79999999999995,0.01638153488805812,720.79999999999995,0.017191237930537541,720.79999999999995,0.016440663597907818,720.79999999999995,0.01683188796487034,720.79999999999995,0.01723972771123149,720.79999999999995,0.016443757788459093,720.79999999999995,0.017325051075337185,720.79999999999995,0.017894890770834924,720.79999999999995,0.017157032289785778,720.79999999999995,0.017680628671702142,720.79999999999995,0.017156269338690949,720.79999999999995,0.017308054220391143,720.79999999999995,0.016969303934284478,720.79999999999995,0.017478531403914786,720.79999999999995,0.019305036324949346,720.79999999999995,0.018769317497859497,720.79999999999995,0.018792290803048416,720.79999999999995,0.018818358298788602,720.79999999999995,0.018355077439536124,720.79999999999995,0.018164975458406452,720.79999999999995,0.016676245941524035,720.79999999999995,0.017479675830557043
721.60000000000002,0.016789925654654425,721.60000000000002,0.018166840449971602,721.60000000000002,0.017476963115553183,721.60000000000002,0.016432525452896245,721.60000000000002,0.016267473699380319,721.60000000000002,0.016157227266176685,721.60000000000002,0.017102989920568312,721.60000000000002,0.016323550604850669,721.60000000000002,0.017497138933394368,721.60000000000002,0.017270033824165205,721.60000000000002,0.016734187838559549,721.60000000000002,0.017128252079041735,721.60000000000002,0.017076244246077156,721.60000000000002,0.016912294533031547,721.60000000000002,0.016992870645880488,721.60000000000002,0.016498817425803003,721.60000000000002,0.01800679026474403,721.60000000000002,0.018364868645253173,721.60000000000002,0.018198079058687894,721.60000000000002,0.017931724354246666,721.60000000000002,0.016949763909022319,721.60000000000002,0.017485948984003456,721.60000000000002,0.017265498503768132,721.60000000000002,0.016789840882310551,721.60000000000002,0.019838042437035339,721.60000000000002,0.018566584437493112,721.60000000000002,0.018431754024567024,721.60000000000002,0.018147385197053317,721.60000000000002,0.018232030382408042,721.60000000000002,0.017858184345938978,721.60000000000002,0.017259733984384934,721.60000000000002,0.017499512559022743,721.60000000000002,0.016384713850953265,721.60000000000002,0.016402897518713492,721.60000000000002,0.016180200571365596,721.60000000000002,0.016652806388443832,721.60000000000002,0.016060586794164267,721.60000000000002,0.016386154980799067,721.60000000000002,0.015107025084136552,721.60000000000002,0.015804786246534929,721.60000000000002,0.017292795198494446,721.60000000000002,0.017316912930325612,721.60000000000002,0.016521409255444503,721.60000000000002,0.016912336919203474,721.60000000000002,0.016093096988038624,721.60000000000002,0.016230852046828243,721.60000000000002,0.016598001068131533,721.60000000000002,0.016490382577587889,721.60000000000002,0.017330985139408121,721.60000000000002,0.017294702576231533,721.60000000000002,0.016621271076523992,721.60000000000002,0.017564490560599506,721.60000000000002,0.017246975746632424,721.60000000000002,0.017351288115765116,721.60000000000002,0.01712867594076109,721.60000000000002,0.017267448267677152,721.60000000000002,0.019487296864271003,721.60000000000002,0.018468375677119096,721.60000000000002,0.018052228241058638,721.60000000000002,0.018063036714902128,721.60000000000002,0.018000729042157288,721.60000000000002,0.018077659944219802,721.60000000000002,0.01753668523180997,721.60000000000002,0.017280460822461281
722.29999999999995,0.017248544034994026,722.29999999999995,0.018262633198545302,722.29999999999995,0.017318438832515281,722.29999999999995,0.016842823597229637,722.29999999999995,0.016020786178717057,722.29999999999995,0.016135186456770343,722.29999999999995,0.017217432584793534,722.29999999999995,0.016076015360748711,722.29999999999995,0.017375066758220797,722.29999999999995,0.01746077159787391,722.29999999999995,0.016497672999160752,722.29999999999995,0.017609758992226377,722.29999999999995,0.01658286920475064,722.29999999999995,0.017093707348914491,722.29999999999995,0.017331112297923924,722.29999999999995,0.015661266668362112,722.29999999999995,0.017581233098513942,722.29999999999995,0.01834876189991777,722.29999999999995,0.018094656799165838,722.29999999999995,0.018048710188788009,722.29999999999995,0.016995540974712408,722.29999999999995,0.016933233301967561,722.29999999999995,0.017502861066605632,722.29999999999995,0.017034832956096403,722.29999999999995,0.019604070767952658,722.29999999999995,0.018744606359621239,722.29999999999995,0.018504658240295686,722.29999999999995,0.018321168501987912,722.29999999999995,0.018438027178013443,722.29999999999995,0.017346159388960943,722.29999999999995,0.017014741910599086,722.29999999999995,0.017515619304358146,722.29999999999995,0.016650051287268045,722.29999999999995,0.016922551986639878,722.29999999999995,0.016139509846307735,722.29999999999995,0.016544297788289548,722.29999999999995,0.015941905512745522,722.29999999999995,0.016338682468231561,722.29999999999995,0.015139238574807357,722.29999999999995,0.015669150496342071,722.29999999999995,0.016879953883844938,722.29999999999995,0.017182124903571464,722.29999999999995,0.016272178564465129,722.29999999999995,0.016835194086281292,722.29999999999995,0.016525435941778355,722.29999999999995,0.015979078185532753,722.29999999999995,0.016639539516628096,722.29999999999995,0.016264888142892262,722.29999999999995,0.017651424599238748,722.29999999999995,0.017378627196663363,722.29999999999995,0.016839983723709977,722.29999999999995,0.017514474877715892,722.29999999999995,0.017181701041852106,722.29999999999995,0.017207175131185207,722.29999999999995,0.016973542551478007,722.29999999999995,0.017223366648864476,722.29999999999995,0.019238066173291626,722.29999999999995,0.018907496418368475,722.29999999999995,0.017921678831498016,722.29999999999995,0.017999457456999227,722.29999999999995,0.01821605079558845,722.29999999999995,0.017986953536278331,722.29999999999995,0.017394267694107471,722.29999999999995,0.01759327077134356
723,0.01777667573730746,723,0.017520875189678119,723,0.017537999203139969,723,0.015922195942795619,723,0.01588345498164679,723,0.016459016810355789,723,0.017292879970838317,723,0.015861541330756252,723,0.016345930503632495,723,0.017309876825784352,723,0.016490043488212404,723,0.016749319701940438,723,0.016881267855174926,723,0.017598950518382884,723,0.016946245856751693,723,0.015717216415316666,723,0.017454074582708139,723,0.018057145037003126,723,0.018332019362003339,723,0.017246763815772743,723,0.016506404550579421,723,0.016325415596415822,723,0.017079847070691656,723,0.017204377643837476,723,0.0192149657095869,723,0.017990132499173469,723,0.018346133957257784,723,0.017911718081093219,723,0.017886159219416255,723,0.01733259581394166,723,0.016976594355857345,723,0.016973076303586718,723,0.016662767138848622,723,0.016657214550325102,723,0.015985224180463362,723,0.016460373167857718,723,0.015795249357849494,723,0.015579122267151564,723,0.015144324915439589,723,0.015930249315463323,723,0.016840110882225784,723,0.01725333367242271,723,0.016729101497927321,723,0.016748726295533346,723,0.016902672872002242,723,0.015999423548061678,723,0.015842679484245063,723,0.016339487805498331,723,0.01779723303069607,723,0.01796779498656359,723,0.016882369895645243,723,0.017394098149419734,723,0.017234259895051837,723,0.017229215940591545,723,0.016707357391724523,723,0.017023303917330007,723,0.019143121148156625,723,0.0189278417808974,723,0.017632605138899488,723,0.017825674152064631,723,0.017200478116019428,723,0.017524944262183907,723,0.017369683714385017,723,0.017499173469647262
723.70000000000005,0.017516424641624919,723.70000000000005,0.017029195595229016,723.70000000000005,0.017384561260734298,723.70000000000005,0.016622415503166243,723.70000000000005,0.015617269821893308,723.70000000000005,0.016325076507040345,723.70000000000005,0.017164873731593804,723.70000000000005,0.016120944703000094,723.70000000000005,0.016882539440332984,723.70000000000005,0.017637945796563328,723.70000000000005,0.016257767266007136,723.70000000000005,0.017252019701092716,723.70000000000005,0.017320388596424298,723.70000000000005,0.01690212185176708,723.70000000000005,0.016549511287437584,723.70000000000005,0.016030874087637648,723.70000000000005,0.016936115561659169,723.70000000000005,0.018586124462755271,723.70000000000005,0.018152301992997805,723.70000000000005,0.017913074438595154,723.70000000000005,0.016753092071242679,723.70000000000005,0.016647550503123859,723.70000000000005,0.016805184676551121,723.70000000000005,0.016866983715232747,723.70000000000005,0.019136975153226012,723.70000000000005,0.018492832498325746,723.70000000000005,0.01830713867907734,723.70000000000005,0.018019378957808804,723.70000000000005,0.018419377262361925,723.70000000000005,0.017630994464365942,723.70000000000005,0.017647143595873282,723.70000000000005,0.01746899451522935,723.70000000000005,0.017197680628671705,723.70000000000005,0.017098878461890593,723.70000000000005,0.016420106304519212,723.70000000000005,0.016269635394149013,723.70000000000005,0.015499393877741324,723.70000000000005,0.015671524121970447,723.70000000000005,0.015235031323381063,723.70000000000005,0.015822588438747742,723.70000000000005,0.016952010376134891,723.70000000000005,0.016993930300178872,723.70000000000005,0.016992743487364684,723.70000000000005,0.016978459347422495,723.70000000000005,0.017117994625433397,723.70000000000005,0.016457194204962573,723.70000000000005,0.015929994998431712,723.70000000000005,0.016061434517602974,723.70000000000005,0.017907437077727763,723.70000000000005,0.017706696167442335,723.70000000000005,0.017224850164882208,723.70000000000005,0.017415291235387365,723.70000000000005,0.016568796995668131,723.70000000000005,0.017338572264184535,723.70000000000005,0.016503903766435239,723.70000000000005,0.017481074574230902,723.70000000000005,0.018295397709451267,723.70000000000005,0.018842221713588157,723.70000000000005,0.01773602739842154,723.70000000000005,0.017953680391309141,723.70000000000005,0.017310682163051129,723.70000000000005,0.017928460619007654,723.70000000000005,0.017220484389172872,723.70000000000005,0.017613616133872488
724.39999999999998,0.017194289734916889,724.39999999999998,0.016363732695845307,724.39999999999998,0.017409145240456749,724.39999999999998,0.016255351254206827,724.39999999999998,0.01614794469452286,724.39999999999998,0.016238608716292399,724.39999999999998,0.017076710493968448,724.39999999999998,0.01645664318472741,724.39999999999998,0.016846087332468656,724.39999999999998,0.017248840738197567,724.39999999999998,0.016256071819129723,724.39999999999998,0.016974814136636061,724.39999999999998,0.017626416757796939,724.39999999999998,0.016861431126709223,724.39999999999998,0.016045963564846603,724.39999999999998,0.016081737493959972,724.39999999999998,0.017267575426192956,724.39999999999998,0.018302137110788978,724.39999999999998,0.018188754100862136,724.39999999999998,0.017752006985241136,724.39999999999998,0.016778523774403836,724.39999999999998,0.01672893195323957,724.39999999999998,0.016533065452726703,724.39999999999998,0.01703568067953511,724.39999999999998,0.019204793028322439,724.39999999999998,0.018052016310198957,724.39999999999998,0.017868865661266671,724.39999999999998,0.01774132566991345,724.39999999999998,0.018481261073387416,724.39999999999998,0.017690335105075318,724.39999999999998,0.017317379178216893,724.39999999999998,0.017413892491713507,724.39999999999998,0.017102735603536701,724.39999999999998,0.016357968176462109,724.39999999999998,0.016008112713308407,724.39999999999998,0.016514627467934865,724.39999999999998,0.015983443961242086,724.39999999999998,0.015688478590744556,724.39999999999998,0.015460525758076686,724.39999999999998,0.015990437679611405,724.39999999999998,0.017715809194408415,724.39999999999998,0.017120241092545972,724.39999999999998,0.017013936573332316,724.39999999999998,0.016844519044107047,724.39999999999998,0.016898434254808709,724.39999999999998,0.016652170595864803,724.39999999999998,0.015999508320405548,724.39999999999998,0.016013962005035479,724.39999999999998,0.017657358663309679,724.39999999999998,0.017943211006841132,724.39999999999998,0.017002746623941405,724.39999999999998,0.017265244186736514,724.39999999999998,0.016364495646940144,724.39999999999998,0.016901994693251276,724.39999999999998,0.016396242889719661,724.39999999999998,0.017565846918101438,724.39999999999998,0.018239447962496713,724.39999999999998,0.018792206030704542,724.39999999999998,0.017956435492484938,724.39999999999998,0.017966396242889718,724.39999999999998,0.017364088739689563,724.39999999999998,0.018246356908522162,724.39999999999998,0.017124691640599172,724.39999999999998,0.017461873638344224
725.20000000000005,0.017138339987962329,725.20000000000005,0.01679946254333986,725.20000000000005,0.017144655527580679,725.20000000000005,0.016713969634546424,725.20000000000005,0.016117426650729468,725.20000000000005,0.015927494214287533,725.20000000000005,0.016875800038995279,725.20000000000005,0.016787255325822502,725.20000000000005,0.017564956808490798,725.20000000000005,0.017251383908513686,725.20000000000005,0.016347625950509901,725.20000000000005,0.017169790527538299,725.20000000000005,0.017067767011690108,725.20000000000005,0.016783440570348331,725.20000000000005,0.015969668455363122,725.20000000000005,0.01639963378347448,725.20000000000005,0.017417622474843804,725.20000000000005,0.018302137110788978,725.20000000000005,0.018187058653984723,725.20000000000005,0.018141112043606893,725.20000000000005,0.017009104549731695,725.20000000000005,0.017179073099192119,725.20000000000005,0.016856895806312153,725.20000000000005,0.017082305468663902,725.20000000000005,0.019232767901799713,725.20000000000005,0.018669158973576461,725.20000000000005,0.018070623839678543,725.20000000000005,0.018199944050253047,725.20000000000005,0.018962767986572055,725.20000000000005,0.017987886032060897,725.20000000000005,0.017355526732958634,725.20000000000005,0.01791828793774319,725.20000000000005,0.017323143697600095,725.20000000000005,0.016853038664666045,725.20000000000005,0.016347202088790553,725.20000000000005,0.016334062375490621,725.20000000000005,0.016088561667641547,725.20000000000005,0.016171680950806608,725.20000000000005,0.016150572637182843,725.20000000000005,0.016396497206751268,725.20000000000005,0.017843815433652925,725.20000000000005,0.017089723048752579,725.20000000000005,0.016706212965082276,725.20000000000005,0.016853844001932804,725.20000000000005,0.016636487712248755,725.20000000000005,0.016885294541508777,725.20000000000005,0.015885913379619032,725.20000000000005,0.01609449573171249,725.20000000000005,0.017507311614658832,725.20000000000005,0.017285377618405772,725.20000000000005,0.017173986758559887,725.20000000000005,0.016695574035926516,725.20000000000005,0.01633736849690157,725.20000000000005,0.017071539380992349,725.20000000000005,0.016287734289565373,725.20000000000005,0.017497181319566305,725.20000000000005,0.017997846782465687,725.20000000000005,0.018742190347820924,725.20000000000005,0.017862338190788637,725.20000000000005,0.017959614455380076,725.20000000000005,0.018045658384408674,725.20000000000005,0.01891351525478328,725.20000000000005,0.017368835990946314,725.20000000000005,0.017321151547519138
725.89999999999998,0.01764103998711461,725.89999999999998,0.01677233539330129,725.89999999999998,0.017486288073378937,725.89999999999998,0.016474911624831511,725.89999999999998,0.016515856666920986,725.89999999999998,0.01652598696201351,725.89999999999998,0.017298814034909248,725.89999999999998,0.016817773369615895,725.89999999999998,0.017468316336478388,725.89999999999998,0.017386171935267834,725.89999999999998,0.016321346523910037,725.89999999999998,0.017112993057145039,725.89999999999998,0.016635428057950374,725.89999999999998,0.017277663335113554,725.89999999999998,0.016719055975178657,725.89999999999998,0.015919822317167244,725.89999999999998,0.017599035290726754,725.89999999999998,0.017857930028907367,725.89999999999998,0.018180276866475081,725.89999999999998,0.017832540711918147,725.89999999999998,0.016983672846570534,725.89999999999998,0.017011223858328456,725.89999999999998,0.017043394962827332,725.89999999999998,0.016858506480845688,725.89999999999998,0.01941078982392784,725.89999999999998,0.018360587641887711,725.89999999999998,0.018121487246000861,725.89999999999998,0.01852377440383849,725.89999999999998,0.018637242186109203,725.89999999999998,0.017500445054805316,725.89999999999998,0.017158854895178995,725.89999999999998,0.017806388443834083,725.89999999999998,0.017504556513483045,725.89999999999998,0.016906445241304482,725.89999999999998,0.016309902257487519,725.89999999999998,0.016773183116739997,725.89999999999998,0.016064825411357796,725.89999999999998,0.016144553800768034,725.89999999999998,0.016268406195162892,725.89999999999998,0.016674550494646626,725.89999999999998,0.017735306833498641,725.89999999999998,0.017530539236879365,725.89999999999998,0.016479023083509237,725.89999999999998,0.015756042148809372,725.89999999999998,0.01671193509829353,725.89999999999998,0.016744572450683691,725.89999999999998,0.01631740460992006,725.89999999999998,0.016524291515136104,725.89999999999998,0.017581911277264908,725.89999999999998,0.017970338156879699,725.89999999999998,0.01720280935547587,725.89999999999998,0.016899027661215798,725.89999999999998,0.016763773386570369,725.89999999999998,0.016553580359943375,725.89999999999998,0.016655646261963499,725.89999999999998,0.016908013529666081,725.89999999999998,0.0186166848927206,725.89999999999998,0.018717606368098466,725.89999999999998,0.018309936166425067,725.89999999999998,0.017758704000406907,725.89999999999998,0.01820333494400787,725.89999999999998,0.018526105643294932,725.89999999999998,0.017322211201817518,725.89999999999998,0.017385578528860742
726.60000000000002,0.017307036952264696,726.60000000000002,0.017264862711189103,726.60000000000002,0.017242991446470502,726.60000000000002,0.016277392063613165,726.60000000000002,0.015775794104931212,726.60000000000002,0.016293710739808242,726.60000000000002,0.016987699532904386,726.60000000000002,0.016774539474241918,726.60000000000002,0.017505616167781422,726.60000000000002,0.017449751193170739,726.60000000000002,0.016417139272483745,726.60000000000002,0.016394123581122896,726.60000000000002,0.016690530081466221,726.60000000000002,0.016910599086154138,726.60000000000002,0.016574942990598748,726.60000000000002,0.016423370039758228,726.60000000000002,0.017589710332900996,726.60000000000002,0.017550206420657324,726.60000000000002,0.018192992718055658,726.60000000000002,0.01738409501284301,726.60000000000002,0.016803107754126294,726.60000000000002,0.017051914583386313,726.60000000000002,0.0166585285216551,726.60000000000002,0.016822902096420064,726.60000000000002,0.019045421021845834,726.60000000000002,0.01822156099794003,726.60000000000002,0.017822240872137875,726.60000000000002,0.018149928367369429,726.60000000000002,0.018319345896594692,726.60000000000002,0.017928545391351525,726.60000000000002,0.017300424709442788,726.60000000000002,0.017455430940210064,726.60000000000002,0.017136644541084919,726.60000000000002,0.01700139026643948,726.60000000000002,0.016602366843840866,726.60000000000002,0.016570577214889415,726.60000000000002,0.015690979374888735,726.60000000000002,0.016118274374168171,726.60000000000002,0.016027652738570569,726.60000000000002,0.016596559938285731,726.60000000000002,0.016963030780838061,726.60000000000002,0.017384730805422043,726.60000000000002,0.016695192560379102,726.60000000000002,0.015892525622440933,726.60000000000002,0.016542390410552461,726.60000000000002,0.016302908539118199,726.60000000000002,0.015756211693497113,726.60000000000002,0.01638611259462713,726.60000000000002,0.017256385476802052,726.60000000000002,0.017721107465900325,726.60000000000002,0.016900172087858059,726.60000000000002,0.016958368301925177,726.60000000000002,0.016599315039461524,726.60000000000002,0.016785008858709937,726.60000000000002,0.016685316582318189,726.60000000000002,0.016499410832210095,726.60000000000002,0.01840644947992167,726.60000000000002,0.017989411934250566,726.60000000000002,0.017590218966964222,726.60000000000002,0.017593397929859363,726.60000000000002,0.017709112179242648,726.60000000000002,0.018626137009062165,726.60000000000002,0.016972101421632205,726.60000000000002,0.017143977348829713
727.29999999999995,0.016986597492434072,727.29999999999995,0.017398803014504548,727.29999999999995,0.017759255020642066,727.29999999999995,0.016492713817044324,727.29999999999995,0.015914820748878886,727.29999999999995,0.016009723387841953,727.29999999999995,0.017001263107923669,727.29999999999995,0.016499877080101387,727.29999999999995,0.017419148377033476,727.29999999999995,0.017438730788467565,727.29999999999995,0.016156040453362497,727.29999999999995,0.016870544153675303,727.29999999999995,0.017098285055483501,727.29999999999995,0.016439264854233956,727.29999999999995,0.016790264744029903,727.29999999999995,0.016275866161423493,727.29999999999995,0.017255707298051089,727.29999999999995,0.017863864092978306,727.29999999999995,0.018155692886752624,727.29999999999995,0.017583310020938769,727.29999999999995,0.016577613319430671,727.29999999999995,0.016502589795105244,727.29999999999995,0.016438968151030409,727.29999999999995,0.016745759263497879,727.29999999999995,0.0189767554233107,727.29999999999995,0.018363130812203827,727.29999999999995,0.018007044581775638,727.29999999999995,0.017821859396590457,727.29999999999995,0.018102328696286123,727.29999999999995,0.017264777938845229,727.29999999999995,0.017177504810830514,727.29999999999995,0.017176529928876003,727.29999999999995,0.016905216042318354,727.29999999999995,0.016728423319176355,727.29999999999995,0.016329399896577741,727.29999999999995,0.016168756304943074,727.29999999999995,0.015100116138111103,727.29999999999995,0.01582411434093741,727.29999999999995,0.01581402643201682,727.29999999999995,0.016204911709603857,727.29999999999995,0.016931665013605962,727.29999999999995,0.017433051041428248,727.29999999999995,0.016638395089985842,727.29999999999995,0.015860312131770127,727.29999999999995,0.01664496494663581,727.29999999999995,0.016128277510744891,727.29999999999995,0.016073260259572918,727.29999999999995,0.016158074989615388,727.29999999999995,0.017063104532777228,727.29999999999995,0.017383713537295595,727.29999999999995,0.016807770233039174,727.29999999999995,0.017248289717962412,727.29999999999995,0.016281418749947017,727.29999999999995,0.015786390647915025,727.29999999999995,0.01687435890914948,727.29999999999995,0.016763052821647466,727.29999999999995,0.018464094673753637,727.29999999999995,0.017958893890457173,727.29999999999995,0.017548680518467655,727.29999999999995,0.017681561167484722,727.29999999999995,0.017271686884870682,727.29999999999995,0.01775298186719565,727.29999999999995,0.016567737341369751,727.29999999999995,0.017138043284758781
728.10000000000002,0.016277052974237687,728.10000000000002,0.017175004026686334,728.10000000000002,0.017113289760348583,728.10000000000002,0.016560531692140758,728.10000000000002,0.015542670159287238,728.10000000000002,0.01525948814458771,728.10000000000002,0.016780007290421572,728.10000000000002,0.016370175393979468,728.10000000000002,0.017018175190525842,728.10000000000002,0.016925858108050831,728.10000000000002,0.016256919542568429,728.10000000000002,0.016648440612734499,728.10000000000002,0.016874486067665288,728.10000000000002,0.016353644786924717,728.10000000000002,0.016308757830845264,728.10000000000002,0.01677941388401448,728.10000000000002,0.017078533099361665,728.10000000000002,0.017492561226825361,728.10000000000002,0.017839492044115529,728.10000000000002,0.016942431101277522,728.10000000000002,0.016291082797148259,728.10000000000002,0.016249968210371047,728.10000000000002,0.015936268151878128,728.10000000000002,0.016460076464654173,728.10000000000002,0.018720742944821681,728.10000000000002,0.018106270610276108,728.10000000000002,0.017436526707526937,728.10000000000002,0.017457338317947151,728.10000000000002,0.017658969337843219,728.10000000000002,0.017609801378398307,728.10000000000002,0.017076625721624574,728.10000000000002,0.016968837686393193,728.10000000000002,0.01623805769605724,728.10000000000002,0.016167230402753405,728.10000000000002,0.015887735985012245,728.10000000000002,0.01586272814357044,728.10000000000002,0.015337478700948601,728.10000000000002,0.015774098658053796,728.10000000000002,0.015803006027313646,728.10000000000002,0.015703059433890287,728.10000000000002,0.016507803294253279,728.10000000000002,0.016843883251528021,728.10000000000002,0.016017861532853523,728.10000000000002,0.016235853615116601,728.10000000000002,0.016468638471385098,728.10000000000002,0.01594856014173936,728.10000000000002,0.015211973245848272,728.10000000000002,0.015467180387070524,728.10000000000002,0.016819807905868792,728.10000000000002,0.016950526860117159,728.10000000000002,0.016332197383925467,728.10000000000002,0.016593847223281874,728.10000000000002,0.016317870857811348,728.10000000000002,0.015331163161330251,728.10000000000002,0.016466603935132201,728.10000000000002,0.016946161084407822,728.10000000000002,0.017830845265040734,728.10000000000002,0.017595220535252573,728.10000000000002,0.01721722065393386,728.10000000000002,0.017574748014207844,728.10000000000002,0.017048735620491171,728.10000000000002,0.017531726049693545,728.10000000000002,0.016243906987784305,728.10000000000002,0.016589566219916415
728.79999999999995,0.016295702889889206,728.79999999999995,0.01729283758466638,728.79999999999995,0.016623305612776883,728.79999999999995,0.016657172164153161,728.79999999999995,0.015672371845409157,728.79999999999995,0.015669786288921104,728.79999999999995,0.016862236463975992,728.79999999999995,0.01623453964378661,728.79999999999995,0.017130074684434952,728.79999999999995,0.016502844112136855,728.79999999999995,0.016151801836168968,728.79999999999995,0.017193526783822043,728.79999999999995,0.016719352678382204,728.79999999999995,0.01627056788993159,728.79999999999995,0.016841975873790934,728.79999999999995,0.016503056042996529,728.79999999999995,0.01679200257707926,728.79999999999995,0.017523926994057457,728.79999999999995,0.017356289684053477,728.79999999999995,0.017198443579766538,728.79999999999995,0.016072370149962278,728.79999999999995,0.015835431448844126,728.79999999999995,0.016500851962055897,728.79999999999995,0.016185414070513635,728.79999999999995,0.018571543619609537,728.79999999999995,0.018374998940345701,728.79999999999995,0.017741707145460864,728.79999999999995,0.017238625670761173,728.79999999999995,0.01759878097369514,728.79999999999995,0.017294448259199919,728.79999999999995,0.01716478895924993,728.79999999999995,0.017005289794257521,728.79999999999995,0.016071056178632279,728.79999999999995,0.016552096843925636,728.79999999999995,0.015387579156176084,728.79999999999995,0.015545679577494637,728.79999999999995,0.015278138060239225,728.79999999999995,0.015588447224977323,728.79999999999995,0.01627518798267253,728.79999999999995,0.01541398574129176,728.79999999999995,0.016449310376982617,728.79999999999995,0.016447996405652622,728.79999999999995,0.015593152090062139,728.79999999999995,0.016137517696226782,728.79999999999995,0.016455074896365812,728.79999999999995,0.015887524054152571,728.79999999999995,0.015416274594576267,728.79999999999995,0.015441748683909361,728.79999999999995,0.016941032357603657,728.79999999999995,0.016505472054796844,728.79999999999995,0.016372888108983324,728.79999999999995,0.016338682468231561,728.79999999999995,0.015925374905690768,728.79999999999995,0.015501555572510026,728.79999999999995,0.016843840865356084,728.79999999999995,0.017022456193891304,728.79999999999995,0.017868145096343768,728.79999999999995,0.017606240939955747,728.79999999999995,0.017496121665267924,728.79999999999995,0.017365360324847624,728.79999999999995,0.017408170358502246,728.79999999999995,0.016959512728567435,728.79999999999995,0.016999228571670778,728.79999999999995,0.016648059137187088
729.5,0.016192280630367154,729.5,0.016952900485745527,729.5,0.016357968176462109,729.5,0.016629197290675891,729.5,0.015447725134152237,729.5,0.015965641769029273,729.5,0.016845281995201886,729.5,0.016565999508320405,729.5,0.017037672829616067,729.5,0.016637632138891002,729.5,0.016410357484974103,729.5,0.017047718352364728,729.5,0.016594737332892521,729.5,0.016694429609284269,729.5,0.016844519044107047,729.5,0.016773479819943541,729.5,0.016888643049091667,729.5,0.016537176911404421,729.5,0.016916321219365399,729.5,0.016740672922865647,729.5,0.016391114162915488,729.5,0.016326263319854529,729.5,0.016494070174546255,729.5,0.01602519434059832,729.5,0.018448623720997259,729.5,0.018039300458618381,729.5,0.017077091969515866,729.5,0.017078405940845857,729.5,0.017716614531675189,729.5,0.017256300704458178,729.5,0.017042716784076359,729.5,0.017266388613378772,729.5,0.016353348083721162,729.5,0.016469019946932513,729.5,0.01538673143273738,729.5,0.016048379576646916,729.5,0.016066520858235209,729.5,0.01608012681942643,729.5,0.016113272805879809,729.5,0.01534701558963404,729.5,0.016052575807668504,729.5,0.016446300958775209,729.5,0.015821189695073876,729.5,0.015971363902240531,729.5,0.016138026330290007,729.5,0.015557759636496192,729.5,0.015084814730042471,729.5,0.015603663860702085,729.5,0.017001220721751736,729.5,0.017171782677619256,729.5,0.016252511380687167,729.5,0.016782041826674463,729.5,0.015927070352568181,729.5,0.015805040563566543,729.5,0.016781109330891889,729.5,0.016655391944931881,729.5,0.017770656900892655,729.5,0.017601154599323515,729.5,0.017488492154319576,729.5,0.017218704169951592,729.5,0.017013131236065546,729.5,0.017071412222476545,729.5,0.016722023007214124,729.5,0.016769283588921952
730.20000000000005,0.016622924137229472,730.20000000000005,0.017205522070479727,730.20000000000005,0.016380856709307154,730.20000000000005,0.016040877224214371,730.20000000000005,0.015613031204699781,730.20000000000005,0.015702847503030609,730.20000000000005,0.016641828369912598,730.20000000000005,0.015920881971465625,730.20000000000005,0.01721993336893772,730.20000000000005,0.016360426574434355,730.20000000000005,0.016410357484974103,730.20000000000005,0.016945143816281375,730.20000000000005,0.016694768698659747,730.20000000000005,0.016216313589854446,730.20000000000005,0.016845366767545753,730.20000000000005,0.016474233446080552,730.20000000000005,0.017332850130973274,730.20000000000005,0.016744021430448529,730.20000000000005,0.017156226952519008,730.20000000000005,0.017133168874986223,730.20000000000005,0.016309732712799778,730.20000000000005,0.016672982206285023,730.20000000000005,0.016654289904461567,730.20000000000005,0.016260013733119708,730.20000000000005,0.018106143451760297,730.20000000000005,0.01851911192492561,730.20000000000005,0.017280545594805151,730.20000000000005,0.017170807795664746,730.20000000000005,0.017685248764443086,730.20000000000005,0.017082517399523576,730.20000000000005,0.01661970278816239,730.20000000000005,0.016895085747225827,730.20000000000005,0.01581843459389809,730.20000000000005,0.016630087400286531,730.20000000000005,0.015663936997194032,730.20000000000005,0.015326119206869947,730.20000000000005,0.015663852224850165,730.20000000000005,0.016154726482032502,730.20000000000005,0.016424387307884675,730.20000000000005,0.015567423683697432,730.20000000000005,0.016239074964183687,730.20000000000005,0.016509032493239408,730.20000000000005,0.016476479913193121,730.20000000000005,0.01605867941642718,730.20000000000005,0.015993065622271391,730.20000000000005,0.015760365538346772,730.20000000000005,0.015596839687020508,730.20000000000005,0.015652831820146998,730.20000000000005,0.016291676203555351,730.20000000000005,0.017109051143155057,730.20000000000005,0.016313547468273952,730.20000000000005,0.017366970999381157,730.20000000000005,0.016119503573154295,730.20000000000005,0.015788933818231141,730.20000000000005,0.016932004102981443,730.20000000000005,0.016436679297745903,730.20000000000005,0.017874926883853413,730.20000000000005,0.017384985122453647,730.20000000000005,0.017446105982384309,730.20000000000005,0.017154277188609988,730.20000000000005,0.016813068504531084,730.20000000000005,0.016872197214380779,730.20000000000005,0.016548239702279529,730.20000000000005,0.017109220687842798
731,0.016605969668455369,731,0.016755380924527181,731,0.016692818934750726,731,0.016352839449657944,731,0.015822418894060001,731,0.015560429965328111,731,0.01626967778032095,731,0.015944618227749379,731,0.016932555123216602,731,0.016685952374897211,731,0.016752837754211065,731,0.016664547358069902,731,0.01630227274653917,731,0.01666306384205217,731,0.016209574188516738,731,0.016298754694268541,731,0.017723650636216441,731,0.016705026152268085,731,0.017309664894924682,731,0.017173011876605377,731,0.016368225630070444,731,0.017118037011605334,731,0.016344023125895408,731,0.01626510007375194,731,0.017877258123309848,731,0.01850470062646762,731,0.016710875443995153,731,0.017458186041385861,731,0.017440256690657241,731,0.017064715207310763,731,0.016390817459711944,731,0.016995964836431763,731,0.015857429872078537,731,0.016519883353254838,731,0.016146291633817381,731,0.016146715495536736,731,0.015372235361935521,731,0.016337834744792858,731,0.015766553919449321,731,0.015861583716928192,731,0.016496782889550116,731,0.017233836033332485,731,0.01658922713054093,731,0.01610106558836245,731,0.016053253986419474,731,0.016171511406118867,731,0.015737561777845594,731,0.015881717148597443,731,0.016062790875104906,731,0.017774514042538762,731,0.016823029254935871,731,0.017412748065071246,731,0.016642548934835501,731,0.015256563498724177,731,0.016710748285479346,731,0.016752032416944292,731,0.017715554877376805,731,0.017338360333324851,731,0.017496121665267924,731,0.017122063697939182,731,0.016790179971686039,731,0.016954426387935199,731,0.016001458084314569,731,0.016887964870340701
731.70000000000005,0.017307036952264696,731.70000000000005,0.017179242643879857,731.70000000000005,0.016697057551944252,731.70000000000005,0.016486779752973389,731.70000000000005,0.016031806583420224,731.70000000000005,0.015390885277587042,731.70000000000005,0.016330713867907735,731.70000000000005,0.015721666963369869,731.70000000000005,0.016923230165390844,731.70000000000005,0.016707145460864846,731.70000000000005,0.01670282207132745,731.70000000000005,0.016454311945270975,731.70000000000005,0.01668205284707917,731.70000000000005,0.016307019997795921,731.70000000000005,0.016236701338555311,731.70000000000005,0.016394547442842248,731.70000000000005,0.018273823147936217,731.70000000000005,0.01720009664047201,731.70000000000005,0.017285928638640927,731.70000000000005,0.01723065707043734,731.70000000000005,0.016173249239168217,731.70000000000005,0.016882369895645243,731.70000000000005,0.016475420258894737,731.70000000000005,0.016360892822325643,731.70000000000005,0.017814526588845653,731.70000000000005,0.018731042784601953,731.70000000000005,0.01689398370675551,731.70000000000005,0.017632817069759162,731.70000000000005,0.017760696150487861,731.70000000000005,0.017530963098598713,731.70000000000005,0.016723125047684442,731.70000000000005,0.016647550503123863,731.70000000000005,0.015679407949950409,731.70000000000005,0.016414765646855373,731.70000000000005,0.016470969710841533,731.70000000000005,0.016222162881581514,731.70000000000005,0.015410382916677262,731.70000000000005,0.016302230360367233,731.70000000000005,0.016462534862626419,731.70000000000005,0.015924315251392387,731.70000000000005,0.016666327577291189,731.70000000000005,0.017048184600256013,731.70000000000005,0.016681628985359818,731.70000000000005,0.016572399820282628,731.70000000000005,0.01585742987207853,731.70000000000005,0.016418198926782129,731.70000000000005,0.01574010494816171,731.70000000000005,0.016320837889846816,731.70000000000005,0.016030577384434103,731.70000000000005,0.017935581495892784,731.70000000000005,0.0167009570797623,731.70000000000005,0.016893941320583569,731.70000000000005,0.016846850283563492,731.70000000000005,0.015882183396488732,731.70000000000005,0.016845536312233501,731.70000000000005,0.016867322804608221,731.70000000000005,0.017704534472673634,731.70000000000005,0.017556225257072133,731.70000000000005,0.01703496011461221,731.70000000000005,0.017167840763629271,731.70000000000005,0.017070776429897509,731.70000000000005,0.017493578494951808,731.70000000000005,0.016482117274060511,731.70000000000005,0.016624322880903337
732.39999999999998,0.016918779617337638,732.39999999999998,0.016456982274102899,732.39999999999998,0.016556335461119162,732.39999999999998,0.016981002517738607,732.39999999999998,0.016108949416342413,732.39999999999998,0.015696913438959671,732.39999999999998,0.01633919110229479,732.39999999999998,0.015956486355891253,732.39999999999998,0.016663826793147003,732.39999999999998,0.016290913252460515,732.39999999999998,0.016183167603401067,732.39999999999998,0.016461093732780614,732.39999999999998,0.01630396819341658,732.39999999999998,0.016334147147834488,732.39999999999998,0.016661410781346694,732.39999999999998,0.016339445419326398,732.39999999999998,0.017332002407534568,732.39999999999998,0.017278087196832905,732.39999999999998,0.016631486143960397,732.39999999999998,0.017276434136127429,732.39999999999998,0.016303798648728836,732.39999999999998,0.01657295084051779,732.39999999999998,0.016274509803921568,732.39999999999998,0.01644566516619618,732.39999999999998,0.017604291176046727,732.39999999999998,0.018254622212049539,732.39999999999998,0.016559132948466893,732.39999999999998,0.016935140679704655,732.39999999999998,0.017746284852029875,732.39999999999998,0.016946033925892015,732.39999999999998,0.01674262268677466,732.39999999999998,0.017006137517696227,732.39999999999998,0.016338936785263179,732.39999999999998,0.015984969863431751,732.39999999999998,0.016199698210455818,732.39999999999998,0.016635851919669729,732.39999999999998,0.015409535193238556,732.39999999999998,0.015877520917575851,732.39999999999998,0.015691106533404546,732.39999999999998,0.016042996532811136,732.39999999999998,0.016643439044446141,732.39999999999998,0.0167930198452057,732.39999999999998,0.015798301162228835,732.39999999999998,0.01685723489568763,732.39999999999998,0.016052406262980767,732.39999999999998,0.016162186448293113,732.39999999999998,0.015899476954638322,732.39999999999998,0.016630256944974275,732.39999999999998,0.016314564736400396,732.39999999999998,0.017657528207997427,732.39999999999998,0.016444944601273281,732.39999999999998,0.016770173698532585,732.39999999999998,0.016033883505845052,732.39999999999998,0.016407771928486053,732.39999999999998,0.016873511185710774,732.39999999999998,0.016541797004145365,732.39999999999998,0.017470562803590953,732.39999999999998,0.017783415138645165,732.39999999999998,0.016865415426871134,732.39999999999998,0.017138170443274585,732.39999999999998,0.017077558217407154,732.39999999999998,0.017497817112145337,732.39999999999998,0.016297313564422742,732.39999999999998,0.016002093876893605
733.10000000000002,0.017312971016335631,733.10000000000002,0.016282351245729597,733.10000000000002,0.016759789086408447,733.10000000000002,0.016152776718123481,733.10000000000002,0.016052151945949156,733.10000000000002,0.015860524062629808,733.10000000000002,0.016496019938455276,733.10000000000002,0.016025151954426387,733.10000000000002,0.017012241126454903,733.10000000000002,0.016425701279214666,733.10000000000002,0.016221315158142808,733.10000000000002,0.016026211608724771,733.10000000000002,0.016746479828420778,733.10000000000002,0.016193425057009402,733.10000000000002,0.016791960190907316,733.10000000000002,0.016787891118401531,733.10000000000002,0.017304027534057288,733.10000000000002,0.017219594279562236,733.10000000000002,0.017178267761925353,733.10000000000002,0.017215398048540644,733.10000000000002,0.016556420233463032,733.10000000000002,0.016394928918389663,733.10000000000002,0.016416927341624067,733.10000000000002,0.016754236497884933,733.10000000000002,0.017821308376355299,733.10000000000002,0.018070666225850476,733.10000000000002,0.0172568093385214,733.10000000000002,0.017115705772148895,733.10000000000002,0.017733569000449294,733.10000000000002,0.016882454667989114,733.10000000000002,0.016842654052541896,733.10000000000002,0.01678318625331672,733.10000000000002,0.016346566296211524,733.10000000000002,0.015762018599052244,733.10000000000002,0.016154768868204435,733.10000000000002,0.016010232021905175,733.10000000000002,0.015624856946669718,733.10000000000002,0.015975009113026965,733.10000000000002,0.015824199113281284,733.10000000000002,0.015949746954553545,733.10000000000002,0.016441680866034269,733.10000000000002,0.016804887973347577,733.10000000000002,0.0160144706390987,733.10000000000002,0.016680908420436916,733.10000000000002,0.015865907106465585,733.10000000000002,0.015845137882217308,733.10000000000002,0.015919822317167247,733.10000000000002,0.016695531649754583,733.10000000000002,0.016616354280579504,733.10000000000002,0.017689741698668229,733.10000000000002,0.015900706153624444,733.10000000000002,0.016813407593906562,733.10000000000002,0.015669362427201749,733.10000000000002,0.016641743597568731,733.10000000000002,0.016464908488254791,733.10000000000002,0.016385815891423586,733.10000000000002,0.017180641387553725,733.10000000000002,0.01812843857819825,733.10000000000002,0.016564473606130739,733.10000000000002,0.017092393377584496,733.10000000000002,0.016468045064978006,733.10000000000002,0.018109025711451895,733.10000000000002,0.015933640209218142,733.10000000000002,0.015974119003416325
733.79999999999995,0.01688232750947331,733.79999999999995,0.016223858328458924,733.79999999999995,0.01637068402804269,733.79999999999995,0.016261285318277762,733.79999999999995,0.015863109619117858,733.79999999999995,0.015892737553300607,733.79999999999995,0.016547731068216304,733.79999999999995,0.015887820757356119,733.79999999999995,0.016582445343031289,733.79999999999995,0.016362122021311768,733.79999999999995,0.015870357654518785,733.79999999999995,0.015979586819595978,733.79999999999995,0.01634465891847444,733.79999999999995,0.016408746810440564,733.79999999999995,0.016596983800005082,733.79999999999995,0.016364029399048855,733.79999999999995,0.016423242881242424,733.79999999999995,0.017295041665607015,733.79999999999995,0.017051109246119547,733.79999999999995,0.017242525198579217,733.79999999999995,0.016386875545721966,733.79999999999995,0.01671282520790417,733.79999999999995,0.016147351288115761,733.79999999999995,0.016410908505209262,733.79999999999995,0.017342344633486769,733.79999999999995,0.017904512431864226,733.79999999999995,0.017348363469901578,733.79999999999995,0.016902079465595146,733.79999999999995,0.017404652306231613,733.79999999999995,0.016405186371997997,733.79999999999995,0.01672905911175538,733.79999999999995,0.016945949153548148,733.79999999999995,0.015899816044013804,733.79999999999995,0.016025660588489608,733.79999999999995,0.015656307486245687,733.79999999999995,0.015627908751049056,733.79999999999995,0.015188279375736457,733.79999999999995,0.015544365606164644,733.79999999999995,0.015073963870027043,733.79999999999995,0.015958224188940603,733.79999999999995,0.01663072319286556,733.79999999999995,0.016776065376431594,733.79999999999995,0.015829666929460931,733.79999999999995,0.016816544170629773,733.79999999999995,0.016162610310012461,733.79999999999995,0.015826487966565786,733.79999999999995,0.016158032603443454,733.79999999999995,0.016231826928782753,733.79999999999995,0.016633308749353613,733.79999999999995,0.017024278799284521,733.79999999999995,0.016151632291481227,733.79999999999995,0.01752040894178683,733.79999999999995,0.015589676423963444,733.79999999999995,0.016585793850614178,733.79999999999995,0.016341988589642517,733.79999999999995,0.016553665132287246,733.79999999999995,0.017273890965811313,733.79999999999995,0.017289192373879946,733.79999999999995,0.016853547298729264,733.79999999999995,0.016888092028856508,733.79999999999995,0.016690148605918807,733.79999999999995,0.017654645948305826,733.79999999999995,0.015735272924561089,733.79999999999995,0.01598090079092597
734.60000000000002,0.017077303900375543,734.60000000000002,0.016315412459839102,734.60000000000002,0.016823368344311352,734.60000000000002,0.015877266600544233,734.60000000000002,0.01562405160940295,734.60000000000002,0.015524825580902485,734.60000000000002,0.016606223985486977,734.60000000000002,0.015872561735459423,734.60000000000002,0.016701974347888743,734.60000000000002,0.01688771055330909,734.60000000000002,0.016084831684511244,734.60000000000002,0.016021972991531241,734.60000000000002,0.016548112543763722,734.60000000000002,0.016404508193247038,734.60000000000002,0.016162949399387942,734.60000000000002,0.016256368522333274,734.60000000000002,0.016787763959885727,734.60000000000002,0.016895763925976789,734.60000000000002,0.017777608233090037,734.60000000000002,0.017025507998270645,734.60000000000002,0.016433500334850758,734.60000000000002,0.016761145443910379,734.60000000000002,0.016329611827437418,734.60000000000002,0.016369370056712698,734.60000000000002,0.017516975661860071,734.60000000000002,0.017704449700329764,734.60000000000002,0.017573010181158501,734.60000000000002,0.01710892398463925,734.60000000000002,0.017692030551952728,734.60000000000002,0.01717915787153599,734.60000000000002,0.01686978120258047,734.60000000000002,0.017241804633656314,734.60000000000002,0.015564965285725188,734.60000000000002,0.016275739002907692,734.60000000000002,0.015734298042606579,734.60000000000002,0.015999211617202001,734.60000000000002,0.015579927604418333,734.60000000000002,0.015349389215262412,734.60000000000002,0.015446962183057401,734.60000000000002,0.015758161457406137,734.60000000000002,0.016138195874977744,734.60000000000002,0.016576002644897128,734.60000000000002,0.016295067097310177,734.60000000000002,0.016408789196612501,734.60000000000002,0.016050710816103358,734.60000000000002,0.015824792519688376,734.60000000000002,0.01617413934877885,734.60000000000002,0.016483600790078243,734.60000000000002,0.017241126454905352,734.60000000000002,0.017761798190958182,734.60000000000002,0.015835431448844126,734.60000000000002,0.017232182972627005,734.60000000000002,0.016185626001373306,734.60000000000002,0.016270440731415786,734.60000000000002,0.015894390614006087,734.60000000000002,0.016934292956265948,734.60000000000002,0.017094173596805776,734.60000000000002,0.017476539253833825,734.60000000000002,0.016645007332807743,734.60000000000002,0.017150886294855165,734.60000000000002,0.016675737307460817,734.60000000000002,0.017608021159177031,734.60000000000002,0.015453828742910911,734.60000000000002,0.016415782914981816
735.29999999999995,0.016544933580868584,735.29999999999995,0.01649173893508982,735.29999999999995,0.016544467332977288,735.29999999999995,0.016559683968702051,735.29999999999995,0.015557929181183932,735.29999999999995,0.01467710214219713,735.29999999999995,0.016306977611623984,735.29999999999995,0.015523299678712818,735.29999999999995,0.01631202156608428,735.29999999999995,0.016262938378983242,735.29999999999995,0.01560162932444919,735.29999999999995,0.016353432856065039,735.29999999999995,0.016374329238829127,735.29999999999995,0.016023032645829625,735.29999999999995,0.016681756143875622,735.29999999999995,0.015519696854098319,735.29999999999995,0.01680556615209854,735.29999999999995,0.016888982138467144,735.29999999999995,0.017170638250976998,735.29999999999995,0.016555869213227881,735.29999999999995,0.016096106406246025,735.29999999999995,0.017068869052160422,735.29999999999995,0.016888261573544252,735.29999999999995,0.015990437679611405,735.29999999999995,0.01767465222145927,735.29999999999995,0.017900273814670697,735.29999999999995,0.017058442053864347,735.29999999999995,0.016598594474538628,735.29999999999995,0.017826818578706882,735.29999999999995,0.016956206607156483,735.29999999999995,0.017029153209057075,735.29999999999995,0.017590218966964215,735.29999999999995,0.015462390749641839,735.29999999999995,0.015968863118096355,735.29999999999995,0.015448615243762872,735.29999999999995,0.016116197451743343,735.29999999999995,0.015790163017217265,735.29999999999995,0.015073879097683172,735.29999999999995,0.015573272975424497,735.29999999999995,0.015330908844298637,735.29999999999995,0.016277222518925428,735.29999999999995,0.016149597755228336,735.29999999999995,0.016285742139484416,735.29999999999995,0.016723294592372182,735.29999999999995,0.016154980799064109,735.29999999999995,0.015776472283682175,735.29999999999995,0.01593508133906394,735.29999999999995,0.016726049693547976,735.29999999999995,0.016699431177572627,735.29999999999995,0.016986978967981486,735.29999999999995,0.015954112730262881,735.29999999999995,0.017123674372472721,735.29999999999995,0.016393318243856123,735.29999999999995,0.016464569398879313,735.29999999999995,0.016436933614777514,735.29999999999995,0.016997024490730143,735.29999999999995,0.017308647626798231,735.29999999999995,0.017227308562854454,735.29999999999995,0.017068021328721719,735.29999999999995,0.01703305273687512,735.29999999999995,0.016916490764053136,735.29999999999995,0.017170595864805072,735.29999999999995,0.016287140883158278,735.29999999999995,0.016703161160702931
736,0.016085467477090276,736,0.015983952595305308,736,0.016511406118867783,736,0.016218051422903789,736,0.015674915015725273,736,0.014914464705034632,736,0.016178123648940768,736,0.015631808278867104,736,0.016699431177572627,736,0.015689029610979711,736,0.015994973000008478,736,0.016401753092071245,736,0.016320074938751983,736,0.015466926070038913,736,0.016495256987360443,736,0.015584971558878629,736,0.016686884870679788,736,0.016817773369615895,736,0.017265583276112002,736,0.016524503445995778,736,0.016420784483270175,736,0.016675525376601136,736,0.017116299178555991,736,0.016287140883158278,736,0.017553427769724406,736,0.017773115298864897,736,0.016766825190949703,736,0.016129803412934563,736,0.017438561243779828,736,0.016880759221111701,736,0.016602748319388284,736,0.017468994515229347,736,0.015709925993743802,736,0.015960385883709304,736,0.015588489611149257,736,0.016523952425760619,736,0.015880021701720034,736,0.015049295117960715,736,0.015535125420682756,736,0.015553012385239441,736,0.015650754897722167,736,0.015943600959622935,736,0.015941566423370038,736,0.016068852097691648,736,0.016371997999372685,736,0.015726456600798557,736,0.015852852165509527,736,0.016372549019607847,736,0.016400184803709639,736,0.01727859583089613,736,0.015855776811373058,736,0.016080974542865133,736,0.016341607114095099,736,0.016203470579758059,736,0.016326729567745821,736,0.016894449954646795,736,0.017261175114230733,736,0.017852928460619005,736,0.016715368378220293,736,0.016816035536566548,736,0.016751184693505592,736,0.017240109186778905,736,0.015907360782618278,736,0.016692140755999764
736.70000000000005,0.016161762586573758,736.70000000000005,0.016050075023524325,736.70000000000005,0.016360511346778229,736.70000000000005,0.016545272670244061,736.70000000000005,0.015943643345794869,736.70000000000005,0.015045861838033962,736.70000000000005,0.015979756364283716,736.70000000000005,0.015696235260208708,736.70000000000005,0.016933402846655309,736.70000000000005,0.015433864855929402,736.70000000000005,0.016358646355213075,736.70000000000005,0.016022820714969951,736.70000000000005,0.016334486237209973,736.70000000000005,0.015717852207895698,736.70000000000005,0.016467282113883163,736.70000000000005,0.015948644914083227,736.70000000000005,0.016965785882013855,736.70000000000005,0.017123801530988528,736.70000000000005,0.017046870628926021,736.70000000000005,0.016338852012919305,736.70000000000005,0.016313971329993304,736.70000000000005,0.016456812729415151,736.70000000000005,0.017276518908471303,736.70000000000005,0.016280359095648636,736.70000000000005,0.017542407365021231,736.70000000000005,0.017882471622457888,736.70000000000005,0.016815993150394618,736.70000000000005,0.016498563108771395,736.70000000000005,0.016930774903995322,736.70000000000005,0.016833286708544205,736.70000000000005,0.016444224036350381,736.70000000000005,0.016857785915922786,736.70000000000005,0.0158040232954401,736.70000000000005,0.015801861600671398,736.70000000000005,0.015339258920169883,736.70000000000005,0.01623911735035562,736.70000000000005,0.015379017149445166,736.70000000000005,0.015334130193365714,736.70000000000005,0.015369819350135211,736.70000000000005,0.015735272924561089,736.70000000000005,0.015982214762255961,736.70000000000005,0.016253020014750388,736.70000000000005,0.016294219373871467,736.70000000000005,0.016100217864923747,736.70000000000005,0.016215169163212195,736.70000000000005,0.015714588472656683,736.70000000000005,0.015782491120096977,736.70000000000005,0.015988530301874318,736.70000000000005,0.0155550045353204,736.70000000000005,0.017002237989878183,736.70000000000005,0.016776404465807075,736.70000000000005,0.01659639039359799,736.70000000000005,0.0160567720386901,736.70000000000005,0.016141586768732574,736.70000000000005,0.016491187914854658,736.70000000000005,0.016497715385332689,736.70000000000005,0.017556182870900199,736.70000000000005,0.017516382255452982,736.70000000000005,0.017124818799114976,736.70000000000005,0.016471859820452177,736.70000000000005,0.016599442197977335,736.70000000000005,0.017681773098344396,736.70000000000005,0.01620830260335868,736.70000000000005,0.016792172121766997
737.5,0.016607665115332775,737.5,0.016049227300085619,737.5,0.016821672897433942,737.5,0.01666141078134669,737.5,0.016173376397684021,737.5,0.016066520858235209,737.5,0.016720666649712192,737.5,0.016230301026593081,737.5,0.016793528479268922,737.5,0.015817035850224221,737.5,0.016202665242491289,737.5,0.016131329315124236,737.5,0.015980137839831134,737.5,0.015934021684765563,737.5,0.016252808083890711,737.5,0.016525096852402874,737.5,0.016384247603061976,737.5,0.016805905241474021,737.5,0.017051109246119547,737.5,0.016639793833659711,737.5,0.016741223943100802,737.5,0.016366106321473683,737.5,0.016398277425972552,737.5,0.016132007493875198,737.5,0.01735336503818994,737.5,0.017695124742504002,737.5,0.017222900400973188,737.5,0.016741859735679834,737.5,0.017004526843162688,737.5,0.016869738816408533,737.5,0.01636538575655078,737.5,0.016790815764265065,737.5,0.016333850444630947,737.5,0.016353729559268587,737.5,0.015528301247001178,737.5,0.016368819036477539,737.5,0.015218797419529849,737.5,0.014937395624051608,737.5,0.015218924578045658,737.5,0.016305790798809797,737.5,0.015921178674669176,737.5,0.016634495562167798,737.5,0.015951739104634502,737.5,0.015667878911184017,737.5,0.016568669837152328,737.5,0.016083348168493508,737.5,0.015764688927884168,737.5,0.015905453404881194,737.5,0.015839839610725395,737.5,0.017247230063664035,737.5,0.017045132795876671,737.5,0.016153878758593795,737.5,0.01578973915549791,737.5,0.01608478929833931,737.5,0.016137687240914522,737.5,0.016334104761662551,737.5,0.017740986580537962,737.5,0.017349380738028025,737.5,0.016578037181150026,737.5,0.016600713783135393,737.5,0.016984308639149567,737.5,0.017410501597958684,737.5,0.016071819129727119,737.5,0.016636191009045207
738.20000000000005,0.016613599179403714,738.20000000000005,0.016084831684511247,738.20000000000005,0.016701296169137781,738.20000000000005,0.01639522562159321,738.20000000000005,0.015933470664530405,738.20000000000005,0.015808812932868784,738.20000000000005,0.017169112348787329,738.20000000000005,0.016021761060671567,738.20000000000005,0.01663330874935361,738.20000000000005,0.016435026237040427,738.20000000000005,0.016046684129769503,738.20000000000005,0.016028754779040883,738.20000000000005,0.016216652679229927,738.20000000000005,0.016645261649839357,738.20000000000005,0.015985775200698524,738.20000000000005,0.016493731085170774,738.20000000000005,0.016754702745776218,738.20000000000005,0.016360850436153707,738.20000000000005,0.017041784288293785,738.20000000000005,0.016306638522248507,738.20000000000005,0.0164563888676958,738.20000000000005,0.016246577316616224,738.20000000000005,0.016296550613327913,738.20000000000005,0.016424472080228545,738.20000000000005,0.017466112255537753,738.20000000000005,0.017471325754685792,738.20000000000005,0.017259352508837519,738.20000000000005,0.017364936463128269,738.20000000000005,0.017310555004535318,738.20000000000005,0.017389393284334916,738.20000000000005,0.016412010545679576,738.20000000000005,0.016500894348227834,738.20000000000005,0.016290616549256971,738.20000000000005,0.016055330908844298,738.20000000000005,0.015930969880386218,738.20000000000005,0.016259462712884549,738.20000000000005,0.015374778532251639,738.20000000000005,0.015073031374244468,738.20000000000005,0.015501216483134543,738.20000000000005,0.016051473767198191,738.20000000000005,0.016389969736273241,738.20000000000005,0.017070225409662354,738.20000000000005,0.016202665242491289,738.20000000000005,0.016067156650814235,738.20000000000005,0.016264337122657107,738.20000000000005,0.015940082907352306,738.20000000000005,0.015813009163890373,738.20000000000005,0.016219111077202173,738.20000000000005,0.016067877215737141,738.20000000000005,0.016931029221026933,738.20000000000005,0.016777252189245782,738.20000000000005,0.016598085840475403,738.20000000000005,0.01632465264532099,738.20000000000005,0.016060205318616856,738.20000000000005,0.016276713884862206,738.20000000000005,0.016205250798979338,738.20000000000005,0.017755397878995952,738.20000000000005,0.017333273992692622,738.20000000000005,0.016944253706670739,738.20000000000005,0.016718547341115431,738.20000000000005,0.016971592787568983,738.20000000000005,0.017816561125098548,738.20000000000005,0.016563498724176225,738.20000000000005,0.016668404499716016
738.89999999999998,0.016568669837152328,738.89999999999998,0.016879996270016871,738.89999999999998,0.01618842348872104,738.89999999999998,0.016374032535625575,738.89999999999998,0.01585463238473081,738.89999999999998,0.016359833168027263,738.89999999999998,0.017261514203606217,738.89999999999998,0.015981070335613707,738.89999999999998,0.016306935225452047,738.89999999999998,0.016206988632028688,738.89999999999998,0.015772869459067675,738.89999999999998,0.016459398285903207,738.89999999999998,0.016238693488636269,738.89999999999998,0.016713927248374495,738.89999999999998,0.015606842823597228,738.89999999999998,0.016128362283088768,738.89999999999998,0.016379161262429748,738.89999999999998,0.016693158024126208,738.89999999999998,0.01741393487788544,738.89999999999998,0.016772886413536445,738.89999999999998,0.016320753117502945,738.89999999999998,0.016599230267117654,738.89999999999998,0.016072751625509692,738.89999999999998,0.016308333969125913,738.89999999999998,0.017686520349601144,738.89999999999998,0.017996066563244408,738.89999999999998,0.016958410688097114,738.89999999999998,0.017314073056805948,738.89999999999998,0.017628451294049826,738.89999999999998,0.016631528530132327,738.89999999999998,0.016933360460483365,738.89999999999998,0.01689593347066453,738.89999999999998,0.016687351118571083,738.89999999999998,0.016362206793655638,738.89999999999998,0.016404847282622516,738.89999999999998,0.016456982274102899,738.89999999999998,0.015463789493315699,738.89999999999998,0.014961131880335357,738.89999999999998,0.015546145825385927,738.89999999999998,0.016057407831269129,738.89999999999998,0.016266202114222257,738.89999999999998,0.017390664869492978,738.89999999999998,0.015984800318744014,738.89999999999998,0.016388443834083565,738.89999999999998,0.016479658876088266,738.89999999999998,0.015610318489695922,738.89999999999998,0.015448488085247068,738.89999999999998,0.016124166052067176,738.89999999999998,0.016899493909107093,738.89999999999998,0.016254545916940061,738.89999999999998,0.016578037181150022,738.89999999999998,0.016393784491747412,738.89999999999998,0.016595924145706709,738.89999999999998,0.016445071759789088,738.89999999999998,0.016068173918940686,738.89999999999998,0.016056051473767197,738.89999999999998,0.017569746445919479,738.89999999999998,0.017295974161389588,738.89999999999998,0.016524630604511582,738.89999999999998,0.01659901833625798,738.89999999999998,0.017538719768062868,738.89999999999998,0.017344379169739667,738.89999999999998,0.016666073260259571,738.89999999999998,0.016575154921458422
739.60000000000002,0.016472029365139917,739.60000000000002,0.016719776540101559,739.60000000000002,0.015567042208150014,739.60000000000002,0.015900155133389281,739.60000000000002,0.015611335757822371,739.60000000000002,0.016085170773886728,739.60000000000002,0.016700321287183267,739.60000000000002,0.015693692089892592,739.60000000000002,0.016330671481735799,739.60000000000002,0.015814492679908108,739.60000000000002,0.015989038935937536,739.60000000000002,0.016830701152056152,739.60000000000002,0.016338724854403502,739.60000000000002,0.016607114095097616,739.60000000000002,0.015377957495146782,739.60000000000002,0.015877436145231977,739.60000000000002,0.017007324330510415,739.60000000000002,0.016915261565067015,739.60000000000002,0.017854751066012226,739.60000000000002,0.016764409179149391,739.60000000000002,0.016014724956130311,739.60000000000002,0.015858319981689174,739.60000000000002,0.016543238133991171,739.60000000000002,0.016536371574137652,739.60000000000002,0.017452548680518466,739.60000000000002,0.017979112094470298,739.60000000000002,0.016423497198274035,739.60000000000002,0.017699787221416883,739.60000000000002,0.017391088731212326,739.60000000000002,0.016411120436068936,739.60000000000002,0.016609530106897925,739.60000000000002,0.016555996371743684,739.60000000000002,0.016062578944245232,739.60000000000002,0.015681484872375237,739.60000000000002,0.016134423505675507,739.60000000000002,0.016192492561226828,739.60000000000002,0.015336630977509896,739.60000000000002,0.015549451946796876,739.60000000000002,0.015598704678585661,739.60000000000002,0.01581326348092198,739.60000000000002,0.016079702957707082,739.60000000000002,0.016921026084450213,739.60000000000002,0.016096699812653117,739.60000000000002,0.01625874214796165,739.60000000000002,0.01647287708857862,739.60000000000002,0.015421276162864631,739.60000000000002,0.015200105117706399,739.60000000000002,0.015924951043971413,739.60000000000002,0.01629761026762629,739.60000000000002,0.016717402914473184,739.60000000000002,0.016502589795105247,739.60000000000002,0.016464145537159951,739.60000000000002,0.016751905258428488,739.60000000000002,0.016054271254545917,739.60000000000002,0.015780795673219571,739.60000000000002,0.016285784525656353,739.60000000000002,0.017310343073675641,739.60000000000002,0.017318862694234632,739.60000000000002,0.017006985241134934,739.60000000000002,0.016849944474114767,739.60000000000002,0.017256427862973989,739.60000000000002,0.017734331951544131,739.60000000000002,0.016216779837745735,739.60000000000002,0.016527682408890923
740.29999999999995,0.016628010477861707,740.29999999999995,0.016962225443571288,740.29999999999995,0.015867984028890416,740.29999999999995,0.016132431355594549,740.29999999999995,0.015494349923281031,740.29999999999995,0.016275060824156733,740.29999999999995,0.016523147088493853,740.29999999999995,0.015975983994981478,740.29999999999995,0.016027186490679277,740.29999999999995,0.015087145969498908,740.29999999999995,0.015950043657757096,740.29999999999995,0.016533997948509276,740.29999999999995,0.015928426710070109,740.29999999999995,0.016554555241897889,740.29999999999995,0.015716199147190218,740.29999999999995,0.016144469028424164,740.29999999999995,0.016503776607919431,740.29999999999995,0.017406941159516118,740.29999999999995,0.017887812280121731,740.29999999999995,0.017091630426489663,740.29999999999995,0.016273280604935443,740.29999999999995,0.016294897552622433,740.29999999999995,0.016511024643320361,740.29999999999995,0.01612437798292685,740.29999999999995,0.018008655256309184,740.29999999999995,0.018065579885218244,740.29999999999995,0.016626103100124613,740.29999999999995,0.01748955180861796,740.29999999999995,0.017366504751489872,740.29999999999995,0.015854166136839518,740.29999999999995,0.017119859616998551,740.29999999999995,0.017113798394411805,740.29999999999995,0.016260098505463581,740.29999999999995,0.016013792460347735,740.29999999999995,0.0158962132193993,740.29999999999995,0.015788128480964371,740.29999999999995,0.014984825750447173,740.29999999999995,0.015588447224977323,740.29999999999995,0.015589379720759902,740.29999999999995,0.015982808168663057,740.29999999999995,0.015947458101269043,740.29999999999995,0.016694683926315883,740.29999999999995,0.016217924264387985,740.29999999999995,0.015934064070937497,740.29999999999995,0.016421165958817596,740.29999999999995,0.01593584429015878,740.29999999999995,0.014979697023643006,740.29999999999995,0.015629943287301946,740.29999999999995,0.016808787501165618,740.29999999999995,0.01665043276281546,740.29999999999995,0.016581428074904845,740.29999999999995,0.01674982833600366,740.29999999999995,0.016450115714249383,740.29999999999995,0.016339954053389626,740.29999999999995,0.015576494324491579,740.29999999999995,0.016416333935216972,740.29999999999995,0.017223875282927695,740.29999999999995,0.0169501029983978,740.29999999999995,0.016601773437433773,740.29999999999995,0.016726176852063779,740.29999999999995,0.017318311673999474,740.29999999999995,0.017585980349770693,740.29999999999995,0.016223561625255376,740.29999999999995,0.016136034180209046
741.10000000000002,0.016333002721192241,741.10000000000002,0.015966998126531198,741.10000000000002,0.015909522477386979,741.10000000000002,0.015637360867390624,741.10000000000002,0.015748666954892642,741.10000000000002,0.016065673134796506,741.10000000000002,0.016652848774615772,741.10000000000002,0.01606838584980036,741.10000000000002,0.015837296440409279,741.10000000000002,0.016108652713138865,741.10000000000002,0.016126370133007804,741.10000000000002,0.016143197443266109,741.10000000000002,0.016055585225875909,741.10000000000002,0.016190881886693285,741.10000000000002,0.016241787679187544,741.10000000000002,0.01585115671863211,741.10000000000002,0.016668234955028272,741.10000000000002,0.017306062070310178,741.10000000000002,0.017602129481278025,741.10000000000002,0.016850029246458634,741.10000000000002,0.016521663572476118,741.10000000000002,0.016062621330417165,741.10000000000002,0.017140035434839735,741.10000000000002,0.01623373430651984,741.10000000000002,0.01778824716224579,741.10000000000002,0.017582377525156189,741.10000000000002,0.016965192475606759,741.10000000000002,0.017548892449327332,741.10000000000002,0.01712236040114273,741.10000000000002,0.015832125327433177,741.10000000000002,0.016908776480760914,741.10000000000002,0.016716216101658996,741.10000000000002,0.01598628383476175,741.10000000000002,0.015699287064588049,741.10000000000002,0.015307893152937783,741.10000000000002,0.015483795766469147,741.10000000000002,0.015281528953994048,741.10000000000002,0.015913973025440179,741.10000000000002,0.015439332672109052,741.10000000000002,0.016382085908293282,741.10000000000002,0.016500173783304938,741.10000000000002,0.01622080652407959,741.10000000000002,0.015857641802938211,741.10000000000002,0.015803514661376871,741.10000000000002,0.01626264167577969,741.10000000000002,0.016462280545594805,741.10000000000002,0.015177216584861358,741.10000000000002,0.015590100285682798,741.10000000000002,0.016124674686130398,741.10000000000002,0.016681798530047559,741.10000000000002,0.016599230267117654,741.10000000000002,0.01668031501402982,741.10000000000002,0.015744809813246524,741.10000000000002,0.016142434492171273,741.10000000000002,0.015874892974915865,741.10000000000002,0.016906318082788668,741.10000000000002,0.017236591134508272,741.10000000000002,0.017194247348744942,741.10000000000002,0.017140077821011675,741.10000000000002,0.016481184778277931,741.10000000000002,0.016918186210930546,741.10000000000002,0.01730114527436569,741.10000000000002,0.016453294677144525,741.10000000000002,0.016107211583293066
741.79999999999995,0.016109203733374027,741.79999999999995,0.016361189525529191,741.79999999999995,0.016587701228351265,741.79999999999995,0.015872180259912005,741.79999999999995,0.015518086179564782,741.79999999999995,0.016459864533794496,741.79999999999995,0.016950399701601348,741.79999999999995,0.016209107940625449,741.79999999999995,0.015821189695073876,741.79999999999995,0.015918762662868867,741.79999999999995,0.016339148716122853,741.79999999999995,0.015366682773412002,741.79999999999995,0.016267516085552252,741.79999999999995,0.016575748327865521,741.79999999999995,0.016099370141485041,741.79999999999995,0.015934233615625237,741.79999999999995,0.016407983859345728,741.79999999999995,0.017523926994057457,741.79999999999995,0.016816289853598159,741.79999999999995,0.016794079499504084,741.79999999999995,0.016351271161296338,741.79999999999995,0.01664246416249163,741.79999999999995,0.017111212837923759,741.79999999999995,0.016145571068894485,741.79999999999995,0.017852674143587398,741.79999999999995,0.017483193882827663,741.79999999999995,0.017205945932199082,741.79999999999995,0.017242016564515992,741.79999999999995,0.017200350957503618,741.79999999999995,0.016116112679399473,741.79999999999995,0.016907081033883505,741.79999999999995,0.016800140722090826,741.79999999999995,0.01605579715673559,741.79999999999995,0.015713698363046039,741.79999999999995,0.015589337334587965,741.79999999999995,0.015254910438018699,741.79999999999995,0.015187431652297754,741.79999999999995,0.015857175555046923,741.79999999999995,0.015391012436102847,741.79999999999995,0.016644032450853233,741.79999999999995,0.016522214592711276,741.79999999999995,0.016220806524079586,741.79999999999995,0.015984800318744014,741.79999999999995,0.016305366937090442,741.79999999999995,0.015631935437382911,741.79999999999995,0.016473300950297975,741.79999999999995,0.015212820969286981,741.79999999999995,0.015802031145359136,741.79999999999995,0.016970702677958343,741.79999999999995,0.0163401659842493,741.79999999999995,0.016713672931342877,741.79999999999995,0.016776107762603527,741.79999999999995,0.015799064113323668,741.79999999999995,0.016642591321007434,741.79999999999995,0.015850308995193411,741.79999999999995,0.016613005772996618,741.79999999999995,0.017367140544068901,741.79999999999995,0.016775471970024495,741.79999999999995,0.016758602273594266,741.79999999999995,0.016264167577969359,741.79999999999995,0.016796961759195681,741.79999999999995,0.017347770063494486,741.79999999999995,0.01673982519942694,741.79999999999995,0.016024134686299943
742.5,0.016053253986419474,742.5,0.016122131515814282,742.5,0.016605503420564074,742.5,0.015973907072556647,742.5,0.015552842840551698,742.5,0.016437823724388154,742.5,0.016535862940074433,742.5,0.015870866288582013,742.5,0.016303544331697228,742.5,0.016493519154311093,742.5,0.015968693573408611,742.5,0.015690513126997447,742.5,0.016281079660571535,742.5,0.016190881886693285,742.5,0.01632825546993549,742.5,0.015907954189025374,742.5,0.01656650814238363,742.5,0.0169771453760925,742.5,0.016845960173952849,742.5,0.017087391809296137,742.5,0.016360596119122096,742.5,0.016637377821859395,742.5,0.017012876919033939,742.5,0.015809872587167161,742.5,0.017604291176046723,742.5,0.017243288149674053,742.5,0.017209336825953901,742.5,0.017069928706458803,742.5,0.016935861244627551,742.5,0.016612878614480808,742.5,0.016373015267499128,742.5,0.016377974449615557,742.5,0.015938811322194251,742.5,0.016101107974534391,742.5,0.015291786407602381,742.5,0.015397327975721201,742.5,0.015146740927239895,742.5,0.01561472665157719,742.5,0.015218924578045658,742.5,0.016885633630884259,742.5,0.016195841068809714,742.5,0.016060586794164274,742.5,0.016089070301704773,742.5,0.016114629163381741,742.5,0.01570314420623416,742.5,0.016055373295016235,742.5,0.015506133279079034,742.5,0.01630473114451142,742.5,0.01624081279723303,742.5,0.015987513033747871,742.5,0.016317786085467478,742.5,0.016186939972703304,742.5,0.01549557912226715,742.5,0.016488305655163061,742.5,0.015943558573451002,742.5,0.016372252316404295,742.5,0.016915303951238945,742.5,0.017000966404720121,742.5,0.016840831447148683,742.5,0.016551545823690474,742.5,0.016718123479396083,742.5,0.016921365173825694,742.5,0.016456685570899347,742.5,0.015886803489229672
743.20000000000005,0.016758559887422329,743.20000000000005,0.016556165916431425,743.20000000000005,0.016727575595737645,743.20000000000005,0.01632740774649678,743.20000000000005,0.015390079940320272,743.20000000000005,0.016280147164788959,743.20000000000005,0.016132346583250679,743.20000000000005,0.016054822274781073,743.20000000000005,0.016316260183277802,743.20000000000005,0.015708527250069937,743.20000000000005,0.016217924264387982,743.20000000000005,0.015887184964777094,743.20000000000005,0.015813984045844883,743.20000000000005,0.016822435848528775,743.20000000000005,0.015898459686511872,743.20000000000005,0.015971533446928275,743.20000000000005,0.016182489424650101,743.20000000000005,0.016655858192823173,743.20000000000005,0.016542475182896331,743.20000000000005,0.016642337003975823,743.20000000000005,0.016061349745259107,743.20000000000005,0.016388147130880024,743.20000000000005,0.016023583666064784,743.20000000000005,0.01588701542008935,743.20000000000005,0.017457635021150698,743.20000000000005,0.016838924069411596,743.20000000000005,0.016818536320710731,743.20000000000005,0.017091969515865144,743.20000000000005,0.017284275577935455,743.20000000000005,0.017163051126200583,743.20000000000005,0.016272136178293192,743.20000000000005,0.016274552190093501,743.20000000000005,0.015635326331137733,743.20000000000005,0.016086696676076397,743.20000000000005,0.015257029746615461,743.20000000000005,0.015477013978959503,743.20000000000005,0.015248467739884541,743.20000000000005,0.015637615184422235,743.20000000000005,0.015372362520451328,743.20000000000005,0.016569432788247161,743.20000000000005,0.015687207005586498,743.20000000000005,0.016261497249137443,743.20000000000005,0.016641785983740665,743.20000000000005,0.015882352941176472,743.20000000000005,0.015685342014021345,743.20000000000005,0.015639141086611904,743.20000000000005,0.015384061103905462,743.20000000000005,0.016544636877665029,743.20000000000005,0.016246746861303969,743.20000000000005,0.01629777981231403,743.20000000000005,0.016294049829183727,743.20000000000005,0.016106406246026293,743.20000000000005,0.015824495816484829,743.20000000000005,0.016128870917151986,743.20000000000005,0.016106321473682426,743.20000000000005,0.016364622805455944,743.20000000000005,0.016844095182387699,743.20000000000005,0.016725456287140877,743.20000000000005,0.016548366860795336,743.20000000000005,0.016875376177275924,743.20000000000005,0.016878343209311395,743.20000000000005,0.017251129591482072,743.20000000000005,0.016543153361647293,743.20000000000005,0.015572298093469987
744,0.016868763934454026,744,0.016501063892915575,744,0.015844247772606665,744,0.016014597797614504,744,0.01586650051287268,744,0.016143663691157398,744,0.01584751150784568,744,0.01584204369166603,744,0.016852021396539591,744,0.016315497232182976,744,0.01565334045421022,744,0.016500936734399767,744,0.015987767350779478,744,0.01653590532624637,744,0.01554241584225562,744,0.015857090782703049,744,0.016104498868289206,744,0.016671964938158576,744,0.016616227122063697,744,0.016632164322711362,744,0.016353814331612454,744,0.016520391987318059,744,0.015671778439002061,744,0.015413138017853054,744,0.017862846824851859,744,0.016733806363012128,744,0.016859227045768591,744,0.016562142366674294,744,0.016983333757195049,744,0.0172757983435484,744,0.016413705992556989,744,0.016483092156015022,744,0.015975263430058582,744,0.016375770368674925,744,0.015082398718242159,744,0.01594495731712486,744,0.015535845985605657,744,0.015606249417190134,744,0.015165518001407221,744,0.016510939870976495,744,0.015583784746064444,744,0.01632931512423387,744,0.01643663691157397,744,0.016016293244491917,744,0.015804023295440096,744,0.015818010732178735,744,0.015712130074684437,744,0.016520900621381281,744,0.016050922746963028,744,0.015694200723955817,744,0.01625166365724846,744,0.015943643345794865,744,0.015841450285258938,744,0.015688902452463908,744,0.016373354356874616,744,0.016355297847630186,744,0.016699982197807786,744,0.017278171969176772,744,0.016342370065189932,744,0.016845705856921238,744,0.017253884692657869,744,0.016661114078143146,744,0.016057407831269126,744,0.015340869594703425
744.70000000000005,0.016978967981485724,744.70000000000005,0.016535820553902496,744.70000000000005,0.01604600595101854,744.70000000000005,0.015718742317506331,744.70000000000005,0.016058933733458795,744.70000000000005,0.016421716979052755,744.70000000000005,0.016234921119334025,744.70000000000005,0.0158691708417046,744.70000000000005,0.016846087332468652,744.70000000000005,0.016432483066724311,744.70000000000005,0.016054313640717854,744.70000000000005,0.016923950730313744,744.70000000000005,0.016064062460262964,744.70000000000005,0.017113204988004716,744.70000000000005,0.015405084645185353,744.70000000000005,0.015914735976535019,744.70000000000005,0.01650886294855166,744.70000000000005,0.016764366792977457,744.70000000000005,0.016417859837406644,744.70000000000005,0.015903122165424749,744.70000000000005,0.016556420233463032,744.70000000000005,0.016336436001118997,744.70000000000005,0.015954070344090947,744.70000000000005,0.015586073599348948,744.70000000000005,0.017509346150911723,744.70000000000005,0.016944889499249764,744.70000000000005,0.017155930249315464,744.70000000000005,0.016981765468833447,744.70000000000005,0.017230021277858307,744.70000000000005,0.016640005764519381,744.70000000000005,0.016485762484846938,744.70000000000005,0.016385603960563905,744.70000000000005,0.015752312165679069,744.70000000000005,0.015414451989183049,744.70000000000005,0.015356213388943987,744.70000000000005,0.016070420386053254,744.70000000000005,0.016006332494087127,744.70000000000005,0.01575714418927969,744.70000000000005,0.015168908895162043,744.70000000000005,0.016039605639056313,744.70000000000005,0.01608478929833931,744.70000000000005,0.016611607029322753,744.70000000000005,0.016359494078651782,744.70000000000005,0.016716512804862537,744.70000000000005,0.015857429872078537,744.70000000000005,0.015673897747598822,744.70000000000005,0.015774861609148629,744.70000000000005,0.016626866051219449,744.70000000000005,0.01649173893508982,744.70000000000005,0.016913227028814124,744.70000000000005,0.016801836168968236,744.70000000000005,0.016239498825903035,744.70000000000005,0.01591774539474242,744.70000000000005,0.015900833312140247,744.70000000000005,0.016247043564507516,744.70000000000005,0.016225596161508267,744.70000000000005,0.017161143748463496,744.70000000000005,0.017481625594466057,744.70000000000005,0.016605164331188593,744.70000000000005,0.017013555097784898,744.70000000000005,0.016973288234446396,744.70000000000005,0.01688152217220654,744.70000000000005,0.016366826886396582,744.70000000000005,0.016113145647364005
745.39999999999998,0.016167696650644697,745.39999999999998,0.016529038766392851,745.39999999999998,0.015759475428736128,745.39999999999998,0.016072242991446467,745.39999999999998,0.01605130422251045,745.39999999999998,0.016478514449446018,745.39999999999998,0.016183209989573,745.39999999999998,0.015928511482413976,745.39999999999998,0.017283512626840618,745.39999999999998,0.016747836185922703,745.39999999999998,0.015663513135474681,745.39999999999998,0.01692564617719115,745.39999999999998,0.016604062290718275,745.39999999999998,0.01673427261090342,745.39999999999998,0.015337266770088924,745.39999999999998,0.016184312030043318,745.39999999999998,0.016305409323262379,745.39999999999998,0.017189076235768843,745.39999999999998,0.016246619702788165,745.39999999999998,0.016341395183235422,745.39999999999998,0.016492840975560134,745.39999999999998,0.01685354729872926,745.39999999999998,0.01584386629705925,745.39999999999998,0.015196120817544484,745.39999999999998,0.017834871951374585,745.39999999999998,0.017607809228317353,745.39999999999998,0.017193230080618502,745.39999999999998,0.016712189415325145,745.39999999999998,0.016919754499292148,745.39999999999998,0.016228859896747282,745.39999999999998,0.016272136178293189,745.39999999999998,0.016820486084619751,745.39999999999998,0.015768418911014472,745.39999999999998,0.015651814552020551,745.39999999999998,0.01554016937514305,745.39999999999998,0.015537202343107584,745.39999999999998,0.015694370268643554,745.39999999999998,0.015242576061985535,745.39999999999998,0.01504344582623365,745.39999999999998,0.016081991810991583,745.39999999999998,0.015920330951230476,745.39999999999998,0.016431041936878509,745.39999999999998,0.016106024770478882,745.39999999999998,0.016723294592372182,745.39999999999998,0.015774352975085407,745.39999999999998,0.015656943278824716,745.39999999999998,0.015849461271754704,745.39999999999998,0.016427651043123694,745.39999999999998,0.016358646355213079,745.39999999999998,0.016717402914473184,745.39999999999998,0.016517848817001943,745.39999999999998,0.016160660546103437,745.39999999999998,0.016471308800217018,745.39999999999998,0.016328933648686456,745.39999999999998,0.016093605622101846,745.39999999999998,0.016176428202063359,745.39999999999998,0.017199291303205241,745.39999999999998,0.017657952069716768,745.39999999999998,0.016243186422861405,745.39999999999998,0.016849096750676057,745.39999999999998,0.016934292956265948,745.39999999999998,0.016945101430109442,745.39999999999998,0.01633207022540966,745.39999999999998,0.016360680891465969
746.10000000000002,0.016327916380560008,746.10000000000002,0.015688944838635841,746.10000000000002,0.016165534955875999,746.10000000000002,0.01632571229961937,746.10000000000002,0.015508761221739022,746.10000000000002,0.016535311919839271,746.10000000000002,0.016526537982248669,746.10000000000002,0.015832718733840272,746.10000000000002,0.017004611615506555,746.10000000000002,0.01664610937327806,746.10000000000002,0.01608737485482736,746.10000000000002,0.017231674338563784,746.10000000000002,0.015924188092876577,746.10000000000002,0.016863126573586632,746.10000000000002,0.016106999652433389,746.10000000000002,0.016290277459881486,746.10000000000002,0.016041767333825011,746.10000000000002,0.017180599001381788,746.10000000000002,0.016554343311038208,746.10000000000002,0.016547391978840822,746.10000000000002,0.01646740927239897,746.10000000000002,0.016461899070047383,746.10000000000002,0.015992217898832688,746.10000000000002,0.015597941727490823,746.10000000000002,0.017457635021150698,746.10000000000002,0.01776209489416173,746.10000000000002,0.016950781177148769,746.10000000000002,0.016939379296898181,746.10000000000002,0.017001135949407862,746.10000000000002,0.016276332409314784,746.10000000000002,0.015846579012063104,746.10000000000002,0.016564473606130736,746.10000000000002,0.015458152132448312,746.10000000000002,0.015572128548782246,746.10000000000002,0.015528301247001174,746.10000000000002,0.015140467773793477,746.10000000000002,0.016064825411357796,746.10000000000002,0.015491806752964911,746.10000000000002,0.015185015640497445,746.10000000000002,0.015673389113535604,746.10000000000002,0.016221272771970871,746.10000000000002,0.016467494044742844,746.10000000000002,0.016216228817510576,746.10000000000002,0.016291803362071158,746.10000000000002,0.016011715537922907,746.10000000000002,0.015289879029865299,746.10000000000002,0.015716368691877966,746.10000000000002,0.016457321363478376,746.10000000000002,0.016200122072175173,746.10000000000002,0.017126853335367873,746.10000000000002,0.015943940048998417,746.10000000000002,0.016370048235463661,746.10000000000002,0.016551842526894029,746.10000000000002,0.016449310376982617,746.10000000000002,0.016715834626111582,746.10000000000002,0.016078940006612242,746.10000000000002,0.017446826547307205,746.10000000000002,0.017685079219755345,746.10000000000002,0.016514457923247117,746.10000000000002,0.016677008892618871,746.10000000000002,0.016433288403991081,746.10000000000002,0.017047675966192791,746.10000000000002,0.016147266515771894,746.10000000000002,0.016709095224773873
746.79999999999995,0.016558497155887867,746.79999999999995,0.01610263387672406,746.79999999999995,0.015772191280316709,746.79999999999995,0.016282478404245394,746.79999999999995,0.015061163246102592,746.79999999999995,0.016213177013131241,746.79999999999995,0.016454481489958719,746.79999999999995,0.015619940150725226,746.79999999999995,0.016890168951281332,746.79999999999995,0.01617392741791918,746.79999999999995,0.016344235056755085,746.79999999999995,0.016799335384824053,746.79999999999995,0.015888583708450952,746.79999999999995,0.016776658782838686,746.79999999999995,0.016030704542949907,746.79999999999995,0.016054610343921399,746.79999999999995,0.016005315225960687,746.79999999999995,0.017446784161135272,746.79999999999995,0.016890889516204231,746.79999999999995,0.016935649313767877,746.79999999999995,0.015634097132151605,746.79999999999995,0.016128743758636179,746.79999999999995,0.015442045387112909,746.79999999999995,0.015435178827259397,746.79999999999995,0.01749154395869891,746.79999999999995,0.017862973983367662,746.79999999999995,0.016461644753015779,746.79999999999995,0.016980917745394741,746.79999999999995,0.016634071700448446,746.79999999999995,0.016735798513093085,746.79999999999995,0.015838101777676049,746.79999999999995,0.016803531615845645,746.79999999999995,0.015779439315717642,746.79999999999995,0.01593410645710943,746.79999999999995,0.015510499054788364,746.79999999999995,0.015074345345574461,746.79999999999995,0.015792706187533378,746.79999999999995,0.015205276230682501,746.79999999999995,0.015305392368793604,746.79999999999995,0.015931944762340736,746.79999999999995,0.015872010715224264,746.79999999999995,0.016434432830633339,746.79999999999995,0.015897484804557362,746.79999999999995,0.01590439375058281,746.79999999999995,0.016234666802302417,746.79999999999995,0.01510846621398235,746.79999999999995,0.015622271390181668,746.79999999999995,0.015967337215906683,746.79999999999995,0.015978866254673079,746.79999999999995,0.016296084365436617,746.79999999999995,0.015840517789476361,746.79999999999995,0.016236955655586919,746.79999999999995,0.016683239659893361,746.79999999999995,0.016267049837660964,746.79999999999995,0.016977781168671532,746.79999999999995,0.016364622805455947,746.79999999999995,0.017733357069589614,746.79999999999995,0.017111170451751815,746.79999999999995,0.016311004297957836,746.79999999999995,0.016365894390614009,746.79999999999995,0.016775768673228046,746.79999999999995,0.016589057585853193,746.79999999999995,0.015786984054322117,746.79999999999995,0.016300492527317891
747.60000000000002,0.016886566126666839,747.60000000000002,0.016111111111111114,747.60000000000002,0.016101107974534387,747.60000000000002,0.016145147207175126,747.60000000000002,0.014896704898993756,747.60000000000002,0.016285233505421191,747.60000000000002,0.016562990090113,747.60000000000002,0.015346973203462101,747.60000000000002,0.016681628985359818,747.60000000000002,0.016449437535498421,747.60000000000002,0.016454439103786779,747.60000000000002,0.016787467256682183,747.60000000000002,0.015490153692259437,747.60000000000002,0.016719013589006723,747.60000000000002,0.016432525452896245,747.60000000000002,0.016060544407992334,747.60000000000002,0.016824216067750059,747.60000000000002,0.017522231547180047,747.60000000000002,0.016916321219365395,747.60000000000002,0.017185727728185957,747.60000000000002,0.016095258682807319,747.60000000000002,0.016083814416384797,747.60000000000002,0.015873536617413933,747.60000000000002,0.016339699736358012,747.60000000000002,0.017147368242584539,747.60000000000002,0.01796978713664454,747.60000000000002,0.017048269372599886,747.60000000000002,0.016755423310699118,747.60000000000002,0.016909581818027684,747.60000000000002,0.017043522121343132,747.60000000000002,0.016275527072048015,747.60000000000002,0.016621271076523992,747.60000000000002,0.015961699855039296,747.60000000000002,0.016058721802599124,747.60000000000002,0.015886040538134836,747.60000000000002,0.015564329493146154,747.60000000000002,0.016195374820918422,747.60000000000002,0.015240880615108128,747.60000000000002,0.015465612098708918,747.60000000000002,0.016276968201893813,747.60000000000002,0.016206861473512885,747.60000000000002,0.016813365207734632,747.60000000000002,0.015880530335783256,747.60000000000002,0.015884896111492585,747.60000000000002,0.016089706094283802,747.60000000000002,0.015592516297483108,747.60000000000002,0.016018158236057067,747.60000000000002,0.015973271279977622,747.60000000000002,0.016079745343879015,747.60000000000002,0.016579223993964207,747.60000000000002,0.016097377991404083,747.60000000000002,0.016570110966998119,747.60000000000002,0.016344998007849918,747.60000000000002,0.015695684239973553,747.60000000000002,0.017068487576613004,747.60000000000002,0.016547731068216304,747.60000000000002,0.017753702432118545,747.60000000000002,0.017037418512584446,747.60000000000002,0.016601773437433777,747.60000000000002,0.016504921034561682,747.60000000000002,0.016835109313937422,747.60000000000002,0.016280486254164443,747.60000000000002,0.015523342064884749,747.60000000000002,0.016214872460008647
748.29999999999995,0.017012876919033935,748.29999999999995,0.01664602460093419,748.29999999999995,0.016123148783940725,748.29999999999995,0.015984927477259818,748.29999999999995,0.014781414511329825,748.29999999999995,0.016116536541118828,748.29999999999995,0.016328170697591616,748.29999999999995,0.015591117553809241,748.29999999999995,0.016617202004018207,748.29999999999995,0.016539296220001182,748.29999999999995,0.016683324432237225,748.29999999999995,0.01573629019268754,748.29999999999995,0.016167484719785019,748.29999999999995,0.016538448496562483,748.29999999999995,0.015989166094453347,748.29999999999995,0.015857938506141752,748.29999999999995,0.017438815560811446,748.29999999999995,0.017562922272237904,748.29999999999995,0.017002789010113338,748.29999999999995,0.01668302772903368,748.29999999999995,0.015885023270008389,748.29999999999995,0.016089748480455735,748.29999999999995,0.015680255673389116,748.29999999999995,0.01644736061307359,748.29999999999995,0.016962564532946773,748.29999999999995,0.018047777693005432,748.29999999999995,0.016810906809762383,748.29999999999995,0.016640980646473895,748.29999999999995,0.016801920941312106,748.29999999999995,0.016989267821265988,748.29999999999995,0.016516280528640334,748.29999999999995,0.016639920992175518,748.29999999999995,0.015917618236226616,748.29999999999995,0.016067199036986175,748.29999999999995,0.015929274433508809,748.29999999999995,0.015725396946500173,748.29999999999995,0.015791858464094671,748.29999999999995,0.014710205742478574,748.29999999999995,0.015958987140035436,748.29999999999995,0.016290531776913097,748.29999999999995,0.016349279011215381,748.29999999999995,0.016859989996863424,748.29999999999995,0.016106872493917585,748.29999999999995,0.016157863058755707,748.29999999999995,0.015905750108084739,748.29999999999995,0.01545179420665802,748.29999999999995,0.016184312030043318,748.29999999999995,0.015689283928011326,748.29999999999995,0.016134847367394858,748.29999999999995,0.016649585039376757,748.29999999999995,0.016335588277680287,748.29999999999995,0.01651161804972745,748.29999999999995,0.016290743707772778,748.29999999999995,0.015618541407051365,748.29999999999995,0.016834515907530326,748.29999999999995,0.01664945788086095,748.29999999999995,0.01783254071191814,748.29999999999995,0.016814467248204942,748.29999999999995,0.016751820486084618,748.29999999999995,0.016616820528470792,748.29999999999995,0.016952095148478761,748.29999999999995,0.016472919474750561,748.29999999999995,0.016098098556326983,748.29999999999995,0.015863067232945921
749,0.017351966294516078,749,0.016088222578266066,749,0.016321516068597778,749,0.016399464238786736,749,0.015385841323126743,749,0.016186049863092664,749,0.01635105923043666,749,0.016137899171774196,749,0.016657045005637361,749,0.017010630451921367,749,0.016443418699083608,749,0.015756635555216465,749,0.016068301077456493,749,0.016225638547680207,749,0.01628586929800022,749,0.015622271390181667,749,0.01730826615125082,749,0.017810457516339868,749,0.017324076193382668,749,0.017000924018548191,749,0.016634410789823924,749,0.016783186253316717,749,0.016413536447869248,749,0.016899197205903549,749,0.017389817146054271,749,0.01829446521366869,749,0.017417876791875418,749,0.016474826852487644,749,0.017042674397904425,749,0.016914668158659919,749,0.016841806329103193,749,0.01637966989649297,749,0.015884557022117107,749,0.016835236472453229,749,0.015846197536515685,749,0.015842382781041515,749,0.015643506862321233,749,0.014901791239625985,749,0.016167527105956956,749,0.01619389130490069,749,0.016488305655163061,749,0.01661075930588405,749,0.016342539609877676,749,0.016406246026296378,749,0.016141417224044826,749,0.015840899265023776,749,0.016382679314700374,749,0.015653679543585701,749,0.016095852089214414,749,0.016793698023956666,749,0.01661703245933047,749,0.016771021421971295,749,0.016077965124657732,749,0.015772827072895738,749,0.016566635300899437,749,0.016804591270144029,749,0.017679950492951176,749,0.017083195578274538,749,0.016867958597187257,749,0.016705831489534854,749,0.017625187558810814,749,0.016899324364419353,749,0.016315963480074261,749,0.015873239914210389
749.70000000000005,0.017051872197214383,749.70000000000005,0.016139085984588391,749.70000000000005,0.016471563117248626,749.70000000000005,0.016104456482117269,749.70000000000005,0.015157803718115004,749.70000000000005,0.015930037384603649,749.70000000000005,0.016071310495663894,749.70000000000005,0.016105685681103397,749.70000000000005,0.016273026287903836,749.70000000000005,0.015963692005120246,749.70000000000005,0.016483261700702762,749.70000000000005,0.015180183616896823,749.70000000000005,0.016003026372676178,749.70000000000005,0.016198511397641634,749.70000000000005,0.015653467612726023,749.70000000000005,0.015285725185015638,749.70000000000005,0.016709773403524836,749.70000000000005,0.017376423115722725,749.70000000000005,0.017300339937098917,749.70000000000005,0.016624534811763014,749.70000000000005,0.016096954129684728,749.70000000000005,0.016500894348227831,749.70000000000005,0.016327068657121302,749.70000000000005,0.016359197375448237,749.70000000000005,0.017426269253918599,749.70000000000005,0.017318735535718829,749.70000000000005,0.016614234971982739,749.70000000000005,0.016786789077931217,749.70000000000005,0.016706128192738399,749.70000000000005,0.016715453150564157,749.70000000000005,0.016595966531878639,749.70000000000005,0.016639920992175514,749.70000000000005,0.015767571187575765,749.70000000000005,0.016232505107533719,749.70000000000005,0.015594423675220194,749.70000000000005,0.016048379576646916,749.70000000000005,0.015006866559853511,749.70000000000005,0.015210362571314735,749.70000000000005,0.015602943295779185,749.70000000000005,0.015789527224638233,749.70000000000005,0.016650220831955782,749.70000000000005,0.016558200452684316,749.70000000000005,0.016312869289522986,749.70000000000005,0.015986622924137227,749.70000000000005,0.016310114188347196,749.70000000000005,0.015622186617837798,749.70000000000005,0.015950340360960637,749.70000000000005,0.015577384434102221,749.70000000000005,0.016619745174334323,749.70000000000005,0.016975110839839616,749.70000000000005,0.016510219306053595,749.70000000000005,0.016548917881030488,749.70000000000005,0.015855013860278221,749.70000000000005,0.015799954222934311,749.70000000000005,0.016410654188177651,749.70000000000005,0.016433288403991081,749.70000000000005,0.017696904961725282,749.70000000000005,0.016773776523147085,749.70000000000005,0.016437315090324936,749.70000000000005,0.017056788993158871,749.70000000000005,0.017135203411239117,749.70000000000005,0.017090062138128057,749.70000000000005,0.015845476971592786,749.70000000000005,0.0158274628485203
750.5,0.016410993277553132,750.5,0.016459525444419011,750.5,0.016009553843154205,750.5,0.01605867941642718,750.5,0.015348541491823709,750.5,0.015101811584988512,750.5,0.015939065639225859,750.5,0.015973440824665359,750.5,0.015936480082737806,750.5,0.015714461314140872,750.5,0.016319651077032628,750.5,0.015710010766087669,750.5,0.015844502089638279,750.5,0.016454523876130653,750.5,0.015884048388053879,750.5,0.015562930749472292,750.5,0.016366445410849164,750.5,0.017191619406084956,750.5,0.016990920881971464,750.5,0.016899197205903549,750.5,0.015443359358442902,750.5,0.017025635156786449,750.5,0.016138026330290007,750.5,0.015770029585548014,750.5,0.017691606690233379,750.5,0.017291608385680255,750.5,0.016979603774064746,750.5,0.017101294473690902,750.5,0.016707823639615808,750.5,0.016630680806693623,750.5,0.016835872265032255,750.5,0.016866263150309844,750.5,0.015852343531446302,750.5,0.016435111009384298,750.5,0.015950467519476447,750.5,0.016278960351974767,750.5,0.014804260658002931,750.5,0.01518747403846969,750.5,0.015584293380127668,750.5,0.015626764324406805,750.5,0.01632554275493163,750.5,0.016341183252375747,750.5,0.016022947873485755,750.5,0.016138365419665488,750.5,0.015637869501453846,750.5,0.016040961996558242,750.5,0.016296211523952425,750.5,0.015375626255690346,750.5,0.016314564736400399,750.5,0.016859820452175687,750.5,0.016466137687240919,750.5,0.01654044064664344,750.5,0.015983020099522734,750.5,0.015511728253774488,750.5,0.015732475437213369,750.5,0.016509583513474563,750.5,0.017263718284546849,750.5,0.016483007383671144,750.5,0.016060078160101049,750.5,0.01725854717157075,750.5,0.017110619431516663,750.5,0.017298602104049578,750.5,0.015592007663419883,750.5,0.015788467570339852
751.20000000000005,0.015588701542008938,751.20000000000005,0.016532429660147674,751.20000000000005,0.015727261938065326,751.20000000000005,0.0159340640709375,751.20000000000005,0.015344302874630181,751.20000000000005,0.015590100285682801,751.20000000000005,0.015842425167213448,751.20000000000005,0.01596750676059442,751.20000000000005,0.01569318345582937,751.20000000000005,0.015651729779676677,751.20000000000005,0.01640866203809669,751.20000000000005,0.015477734543882404,751.20000000000005,0.015529148970439886,751.20000000000005,0.016799547315683731,751.20000000000005,0.015582258843874774,751.20000000000005,0.015540042216627246,751.20000000000005,0.016469019946932516,751.20000000000005,0.017043267804311521,751.20000000000005,0.01632206708883294,751.20000000000005,0.016872917779303678,751.20000000000005,0.015274662394140536,751.20000000000005,0.017163814077295423,751.20000000000005,0.01570653509998898,751.20000000000005,0.015867517780999128,751.20000000000005,0.017404228444512261,751.20000000000005,0.017242440426235347,751.20000000000005,0.016188677805752654,751.20000000000005,0.016788484524808626,751.20000000000005,0.016646787552029023,751.20000000000005,0.016505217737765233,751.20000000000005,0.016526453209904798,751.20000000000005,0.01696714223951578,751.20000000000005,0.015682798843705232,751.20000000000005,0.015522960589337333,751.20000000000005,0.015774141044225733,751.20000000000005,0.016094156642337005,751.20000000000005,0.015350194552529181,751.20000000000005,0.015507065774861608,751.20000000000005,0.015216381407729544,751.20000000000005,0.015324974780227698,751.20000000000005,0.016625636852233328,751.20000000000005,0.016798106185837935,751.20000000000005,0.0157932148215966,751.20000000000005,0.015758585319125488,751.20000000000005,0.015418309130829158,751.20000000000005,0.016211354407738021,751.20000000000005,0.015955426701592872,751.20000000000005,0.016092800284835077,751.20000000000005,0.016802853437094683,751.20000000000005,0.017027669693039347,751.20000000000005,0.016212668379068013,751.20000000000005,0.016705746717190981,751.20000000000005,0.016024558548019294,751.20000000000005,0.015190441070505158,751.20000000000005,0.016080042047082563,751.20000000000005,0.016333257038223848,751.20000000000005,0.017037376126412519,751.20000000000005,0.016527089002483824,751.20000000000005,0.016067707671049397,751.20000000000005,0.017656129464323555,751.20000000000005,0.016215423480243806,751.20000000000005,0.017257911378991717,751.20000000000005,0.01528428405516984,751.20000000000005,0.015919016979900478
751.89999999999998,0.015839627679865725,751.89999999999998,0.016966464060764814,751.89999999999998,0.015494985715860056,751.89999999999998,0.0160451158414079,751.89999999999998,0.015678305909480092,751.89999999999998,0.015803726592236549,751.89999999999998,0.016264591439688714,751.89999999999998,0.016160787704619241,751.89999999999998,0.016299305714503699,751.89999999999998,0.01653675304968507,751.89999999999998,0.016552775022676599,751.89999999999998,0.016205928977730308,751.89999999999998,0.015687673253477787,751.89999999999998,0.016559641582530118,751.89999999999998,0.01607648160864,751.89999999999998,0.015909649635902783,751.89999999999998,0.016736052830124703,751.89999999999998,0.017532404228444511,751.89999999999998,0.016651831506489322,751.89999999999998,0.017045853360799574,751.89999999999998,0.015942668463840355,751.89999999999998,0.017507142069971091,751.89999999999998,0.016494917897984962,751.89999999999998,0.015491976297652652,751.89999999999998,0.017719581563710656,751.89999999999998,0.018026584607037797,751.89999999999998,0.016635428057950374,751.89999999999998,0.016412095318023446,751.89999999999998,0.017046065291659248,751.89999999999998,0.01668832600052559,751.89999999999998,0.016297567881454353,751.89999999999998,0.016992573942676944,751.89999999999998,0.015762484846943533,751.89999999999998,0.015968015394657645,751.89999999999998,0.015685130083161667,751.89999999999998,0.016168756304943074,751.89999999999998,0.015730822376507889,751.89999999999998,0.01552317252019701,751.89999999999998,0.016154811254376372,751.89999999999998,0.01529530445987301,751.89999999999998,0.01653238727397574,751.89999999999998,0.016397980722769007,751.89999999999998,0.016039054618821155,751.89999999999998,0.016704644676720667,751.89999999999998,0.015236048591507508,751.89999999999998,0.016230004323389537,751.89999999999998,0.016130905453404881,751.89999999999998,0.016677729457541774,751.89999999999998,0.016259462712884549,751.89999999999998,0.016688580317557201,751.89999999999998,0.016398319812144489,751.89999999999998,0.016594694946720577,751.89999999999998,0.016401795478243178,751.89999999999998,0.015421869569271723,751.89999999999998,0.016317404609920063,751.89999999999998,0.016581640005764519,751.89999999999998,0.017339165670591627,751.89999999999998,0.016888219187372308,751.89999999999998,0.016416122004357298,751.89999999999998,0.017224638234022531,751.89999999999998,0.016434136127429787,751.89999999999998,0.017802997550079261,751.89999999999998,0.01633207022540966,751.89999999999998,0.016467494044742844
752.60000000000002,0.016360129871230811,752.60000000000002,0.016600247535244101,752.60000000000002,0.016324906962352604,752.60000000000002,0.015919652772479507,752.60000000000002,0.016131837949187457,752.60000000000002,0.016737070098251147,752.60000000000002,0.016954638318794877,752.60000000000002,0.016167569492128882,752.60000000000002,0.016934250570094012,752.60000000000002,0.016618134499800784,752.60000000000002,0.016200122072175173,752.60000000000002,0.016444139264006511,752.60000000000002,0.015284156896654038,752.60000000000002,0.016664759288929579,752.60000000000002,0.015896764239634462,752.60000000000002,0.015696871052787737,752.60000000000002,0.016632630570602647,752.60000000000002,0.018005433907242102,752.60000000000002,0.016917168942804102,752.60000000000002,0.017274738689250019,752.60000000000002,0.017015038613802633,752.60000000000002,0.01765379822486712,752.60000000000002,0.016706001034222592,752.60000000000002,0.016094707662572164,752.60000000000002,0.017321151547519134,752.60000000000002,0.017617981909581814,752.60000000000002,0.016687139187711399,752.60000000000002,0.016390054508617108,752.60000000000002,0.016986724650949872,752.60000000000002,0.016557776590964964,752.60000000000002,0.016199231962564533,752.60000000000002,0.016866263150309844,752.60000000000002,0.015846409467375366,752.60000000000002,0.016363054517094345,752.60000000000002,0.015684282359722961,752.60000000000002,0.015906809762383119,752.60000000000002,0.016047023219144987,752.60000000000002,0.015468070496681162,752.60000000000002,0.015691954256843249,752.60000000000002,0.015642871069742211,752.60000000000002,0.016919796885464092,752.60000000000002,0.016500555258852356,752.60000000000002,0.015561786322830038,752.60000000000002,0.016680908420436916,752.60000000000002,0.016565278943397505,752.60000000000002,0.015860396904114005,752.60000000000002,0.016093605622101846,752.60000000000002,0.017195688478590744,752.60000000000002,0.016747751413578833,752.60000000000002,0.016897120283478718,752.60000000000002,0.016673829929723723,752.60000000000002,0.016752371506319776,752.60000000000002,0.016236489407695631,752.60000000000002,0.015365072098878465,752.60000000000002,0.017009994659342338,752.60000000000002,0.016772377779473224,752.60000000000002,0.017516339869281042,752.60000000000002,0.017472300636640303,752.60000000000002,0.01689593347066453,752.60000000000002,0.017112738740113424,752.60000000000002,0.016398531743004163,752.60000000000002,0.017493578494951808,752.60000000000002,0.016294770394106626,752.60000000000002,0.016759110907657488
753.29999999999995,0.016497461068301082,753.29999999999995,0.016768096776107761,753.29999999999995,0.016607198867441487,753.29999999999995,0.016012902350737091,753.29999999999995,0.01614964014140027,753.29999999999995,0.016280994888227665,753.29999999999995,0.017046192450175055,753.29999999999995,0.016227757856276968,753.29999999999995,0.017145333706331645,753.29999999999995,0.016716470418690607,753.29999999999995,0.016266244500394191,753.29999999999995,0.016594186312657359,753.29999999999995,0.015752100234819391,753.29999999999995,0.016134932139738732,753.29999999999995,0.015795037426989816,753.29999999999995,0.01610377830336631,753.29999999999995,0.016630935123725238,753.29999999999995,0.017512058865915579,753.29999999999995,0.017992082263082493,753.29999999999995,0.016869526885548863,753.29999999999995,0.016892966438629062,753.29999999999995,0.017321490636894622,753.29999999999995,0.016550867644939515,753.29999999999995,0.016271881861261581,753.29999999999995,0.017483914447750562,753.29999999999995,0.017218704169951592,753.29999999999995,0.017222900400973188,753.29999999999995,0.017306443545857596,753.29999999999995,0.017068953824504293,753.29999999999995,0.017097776421420276,753.29999999999995,0.016606986936581806,753.29999999999995,0.016911192492561226,753.29999999999995,0.016018497325432549,753.29999999999995,0.016997999372684661,753.29999999999995,0.015751252511380685,753.29999999999995,0.016210294753439634,753.29999999999995,0.015820681061010654,753.29999999999995,0.015448572857590938,753.29999999999995,0.015977637055686951,753.29999999999995,0.015720861626103103,753.29999999999995,0.016898603799496453,753.29999999999995,0.016464103150988025,753.29999999999995,0.015840687334164102,753.29999999999995,0.017182760696150486,753.29999999999995,0.0160422335817163,753.29999999999995,0.015316158456465164,753.29999999999995,0.016382679314700374,753.29999999999995,0.016618388816832395,753.29999999999995,0.016306087502013344,753.29999999999995,0.017074294482168139,753.29999999999995,0.016686545781304307,753.29999999999995,0.016421759365224685,753.29999999999995,0.016479786034604069,753.29999999999995,0.015541398574129174,753.29999999999995,0.016711596008918049,753.29999999999995,0.017166569178471213,753.29999999999995,0.017178098217237609,753.29999999999995,0.017713054093232622,753.29999999999995,0.016949340047302967,753.29999999999995,0.017043225418139584,753.29999999999995,0.016320541186643271,753.29999999999995,0.017881835829878862,753.29999999999995,0.016692352686859441,753.29999999999995,0.016868467231250479
754.10000000000002,0.016360977594669517,754.10000000000002,0.015922068784279816,754.10000000000002,0.016807261598975949,754.10000000000002,0.016217203699465086,754.10000000000002,0.01608012681942643,754.10000000000002,0.016338640082059628,754.10000000000002,0.016663869179318943,754.10000000000002,0.015998024804387813,754.10000000000002,0.016769792222985171,754.10000000000002,0.016252765697718774,754.10000000000002,0.015643167772945752,754.10000000000002,0.016506870798470703,754.10000000000002,0.015035773929113365,754.10000000000002,0.016517255410594851,754.10000000000002,0.016023075032001559,754.10000000000002,0.01596729482973475,754.10000000000002,0.016602960250247961,754.10000000000002,0.017217898832684826,754.10000000000002,0.017876791875418564,754.10000000000002,0.017301018115849887,754.10000000000002,0.016659842492985088,754.10000000000002,0.017530030602816136,754.10000000000002,0.016045624475471122,754.10000000000002,0.016318506650390377,754.10000000000002,0.017454244127395876,754.10000000000002,0.017030509566559004,754.10000000000002,0.017155082525876761,754.10000000000002,0.017385281825657201,754.10000000000002,0.01678411874909929,754.10000000000002,0.017061324313555944,754.10000000000002,0.016763815772742299,754.10000000000002,0.016900172087858056,754.10000000000002,0.015842170850181837,754.10000000000002,0.017007324330510415,754.10000000000002,0.015703779998813186,754.10000000000002,0.016201817519052586,754.10000000000002,0.015411230640115967,754.10000000000002,0.015493502199842324,754.10000000000002,0.015463068928392804,754.10000000000002,0.015517408000813816,754.10000000000002,0.016991005654315338,754.10000000000002,0.016493773471342715,754.10000000000002,0.015561786322830038,754.10000000000002,0.016674126632927274,754.10000000000002,0.016598340157507014,754.10000000000002,0.015537414273967261,754.10000000000002,0.016492035638293365,754.10000000000002,0.015675720352992042,754.10000000000002,0.016609572493069862,754.10000000000002,0.016708925680086133,754.10000000000002,0.016227927400964706,754.10000000000002,0.01651500894348228,754.10000000000002,0.01599912684485813,754.10000000000002,0.015477819316226273,754.10000000000002,0.016924374592033095,754.10000000000002,0.016846129718640589,754.10000000000002,0.016677941388401448,754.10000000000002,0.017418046336563159,754.10000000000002,0.016974771750464128,754.10000000000002,0.017183947508964674,754.10000000000002,0.016613853496435325,754.10000000000002,0.017613955223247966,754.10000000000002,0.016347329247306357,754.10000000000002,0.016520900621381278
754.79999999999995,0.01642031823537889,754.79999999999995,0.015874596271712314,754.79999999999995,0.016236743724727241,754.79999999999995,0.016633435907869414,754.79999999999995,0.015900409450420899,754.79999999999995,0.015908844298636014,754.79999999999995,0.016208641692734161,754.79999999999995,0.015975983994981478,754.79999999999995,0.016447657316277137,754.79999999999995,0.016141713927248374,754.79999999999995,0.01572285377618406,754.79999999999995,0.016243228809033342,754.79999999999995,0.015190907318396446,754.79999999999995,0.016212074972660917,754.79999999999995,0.016047659011724013,754.79999999999995,0.016134296347159703,754.79999999999995,0.016229961937217603,754.79999999999995,0.016632969659978129,754.79999999999995,0.018021752583437183,754.79999999999995,0.017150123343760332,754.79999999999995,0.016478429677102141,754.79999999999995,0.016999355730186586,754.79999999999995,0.016358434424353398,754.79999999999995,0.016269338690945465,754.79999999999995,0.017625484262014358,754.79999999999995,0.017525580054762933,754.79999999999995,0.016733763976840198,754.79999999999995,0.017363241016250856,754.79999999999995,0.016713757703686747,754.79999999999995,0.017185091935606921,754.79999999999995,0.017085950679450339,754.79999999999995,0.016760297720471672,754.79999999999995,0.015906597831523445,754.79999999999995,0.016391029390571625,754.79999999999995,0.015497783203207782,754.79999999999995,0.016037359171943745,754.79999999999995,0.015518043793392841,754.79999999999995,0.015911429855124063,754.79999999999995,0.016059018505802668,754.79999999999995,0.016042148809372433,754.79999999999995,0.017039325890321543,754.79999999999995,0.016564982240193961,754.79999999999995,0.01619927434873647,754.79999999999995,0.016321473682425845,754.79999999999995,0.015701448759356747,754.79999999999995,0.01554843467867043,754.79999999999995,0.015927451828115592,754.79999999999995,0.01534849910565177,754.79999999999995,0.016592618024295756,754.79999999999995,0.016876774920949789,754.79999999999995,0.015906640217695379,754.79999999999995,0.016363266447954022,754.79999999999995,0.015950806608851925,754.79999999999995,0.015846579012063107,754.79999999999995,0.016864186227885013,754.79999999999995,0.016455329213397419,754.79999999999995,0.016483812720937921,754.79999999999995,0.017169663369022484,754.79999999999995,0.016298288446377256,754.79999999999995,0.017541686800098339,754.79999999999995,0.016395140849249343,754.79999999999995,0.017912353873672255,754.79999999999995,0.016283749989403455,754.79999999999995,0.016380178530556195
755.5,0.016524588218339648,755.5,0.016033120554750219,755.5,0.01646562905317769,755.5,0.016567313479650399,755.5,0.015771555487737687,755.5,0.015983443961242086,755.5,0.015923806617329162,755.5,0.015947161398065492,755.5,0.016520561532005797,755.5,0.015778040572043777,755.5,0.015279494417741157,755.5,0.016266965065317093,755.5,0.015040012546306892,755.5,0.016366360638505297,755.5,0.01624178767918754,755.5,0.015898629231199616,755.5,0.015862897688258184,755.5,0.016963581801073217,755.5,0.016930732517823385,755.5,0.017662148300738367,755.5,0.016477581953663438,755.5,0.016830658765884219,755.5,0.016355891254037285,755.5,0.015542839703974973,755.5,0.017589032154150027,755.5,0.017695124742504002,755.5,0.016425192645151444,755.5,0.016491781321261754,755.5,0.016968074735298357,755.5,0.016458592948636434,755.5,0.016801115604045333,755.5,0.016506828412298769,755.5,0.015731119079711437,755.5,0.015984969863431755,755.5,0.015642743911226401,755.5,0.015755067266854859,755.5,0.015315437891542261,755.5,0.015514695285809958,755.5,0.015862346668023025,755.5,0.015965853699888951,755.5,0.01670193196171681,755.5,0.016239456439731102,755.5,0.015925459678034642,755.5,0.016150233547807358,755.5,0.015770114357891881,755.5,0.015801903986843332,755.5,0.015712130074684437,755.5,0.015135720522536726,755.5,0.016568881768012005,755.5,0.016447826860964881,755.5,0.015749811381534889,755.5,0.016263235082186786,755.5,0.015491340505073625,755.5,0.015409153717691139,755.5,0.016976933445232826,755.5,0.015998406279935234,755.5,0.016816120308910422,755.5,0.016572018344735213,755.5,0.016163500419623101,755.5,0.01698981884150115,755.5,0.016678280477776933,755.5,0.017043437348999265,755.5,0.016243906987784305,755.5,0.016282690335105075
756.20000000000005,0.016234666802302421,756.20000000000005,0.016175538092452719,756.20000000000005,0.016049396844773359,756.20000000000005,0.016173122080652403,756.20000000000005,0.016108949416342413,756.20000000000005,0.016046175495706277,756.20000000000005,0.016292566313165995,756.20000000000005,0.016360850436153707,756.20000000000005,0.016644329154056781,756.20000000000005,0.015728872612598865,756.20000000000005,0.015967845849969905,756.20000000000005,0.016207624424607717,756.20000000000005,0.015734298042606579,756.20000000000005,0.016585921009129981,756.20000000000005,0.015897611963073165,756.20000000000005,0.015946101743767111,756.20000000000005,0.015762866322490951,756.20000000000005,0.017068699507472678,756.20000000000005,0.016892584963081644,756.20000000000005,0.01697718776226444,756.20000000000005,0.016258021583038754,756.20000000000005,0.016444944601273284,756.20000000000005,0.016470333918262508,756.20000000000005,0.016218475284623144,756.20000000000005,0.017228749692700253,756.20000000000005,0.017356035367021867,756.20000000000005,0.016174266507294661,756.20000000000005,0.016518908471300321,756.20000000000005,0.017002831396285271,756.20000000000005,0.016319566304688757,756.20000000000005,0.016626484575672031,756.20000000000005,0.015771852190941228,756.20000000000005,0.016092249264599921,756.20000000000005,0.015448360926731262,756.20000000000005,0.016043717097734035,756.20000000000005,0.015689792562074551,756.20000000000005,0.015935123725235877,756.20000000000005,0.015295982638623973,756.20000000000005,0.015784356111662134,756.20000000000005,0.016161677814229888,756.20000000000005,0.016162779854700205,756.20000000000005,0.016837101464018383,756.20000000000005,0.015788976204403078,756.20000000000005,0.016330798640251602,756.20000000000005,0.015656519417105365,756.20000000000005,0.015798513093088513,756.20000000000005,0.015618880496426846,756.20000000000005,0.015706238396785435,756.20000000000005,0.016698583454133924,756.20000000000005,0.016657214550325102,756.20000000000005,0.015791349830031453,756.20000000000005,0.016102167628832768,756.20000000000005,0.015832973050871887,756.20000000000005,0.015943219484075521,756.20000000000005,0.016700575604214885,756.20000000000005,0.015985690428354654,756.20000000000005,0.016715241219704483,756.20000000000005,0.016900087315514185,756.20000000000005,0.016237252358790467,756.20000000000005,0.017250069937183695,756.20000000000005,0.016117087561353986,756.20000000000005,0.016837440553393864,756.20000000000005,0.015597941727490823,756.20000000000005,0.016284385781982488
757,0.015967633919110231,757,0.016234031009723385,757,0.016137560082398719,757,0.016281630680806691,757,0.015492654476403619,757,0.01596818493934539,757,0.01622898705526309,757,0.016044649593516612,757,0.016648567771250306,757,0.015700050015682882,757,0.016116197451743343,757,0.016109288505717897,757,0.01644469028424167,757,0.01590604681128829,757,0.016047659011724016,757,0.015555301238523942,757,0.016190118935598449,757,0.017522231547180047,757,0.016699304019056824,757,0.017017030763883587,757,0.015889261887201921,757,0.016236404635351764,757,0.016388952468146794,757,0.015908208506056985,757,0.017515280214982665,757,0.017130540932326237,757,0.01659643277976993,757,0.016750336970066886,757,0.01738854556089621,757,0.016451811161126796,757,0.01639420835346676,757,0.015228461466731093,757,0.015988827005077862,757,0.015476335800208543,757,0.015960640200740912,757,0.015764392224680616,757,0.015828310571959003,757,0.015476547731068215,757,0.015397794223612491,757,0.015552164661800736,757,0.015626170917999713,757,0.016453930469723557,757,0.015761001330925797,757,0.016615633715656601,757,0.016045624475471122,757,0.015901087629171858,757,0.015516305960343495,757,0.015585013945050569,757,0.016520561532005797,757,0.016538533268906353,757,0.015683688953315868,757,0.016253062400922318,757,0.015712596322575725,757,0.015463408017768285,757,0.016305536481778186,757,0.016162016903605369,757,0.016741520646304346,757,0.016942473487449455,757,0.01634830412926087,757,0.016053932165170436,757,0.016405313530513804,757,0.016119418800810425,757,0.015718318455786983,757,0.016321685613285522
757.70000000000005,0.016036299517645364,757.70000000000005,0.015681315327687493,757.70000000000005,0.015806100217864924,757.70000000000005,0.01625535125420682,757.70000000000005,0.015494349923281032,757.70000000000005,0.015696065715520967,757.70000000000005,0.015766130057729966,757.70000000000005,0.015620787874163933,757.70000000000005,0.016692649390062986,757.70000000000005,0.015460992005967971,757.70000000000005,0.01586103269669303,757.70000000000005,0.015925332519518835,757.70000000000005,0.016509964989021981,757.70000000000005,0.016212074972660917,757.70000000000005,0.015457643498385085,757.70000000000005,0.01553919449318854,757.70000000000005,0.016419851987487598,757.70000000000005,0.017210269321736478,757.70000000000005,0.017028220713274502,757.70000000000005,0.016520264828802256,757.70000000000005,0.015778210116731518,757.70000000000005,0.016316090638590072,757.70000000000005,0.016178717055347867,757.70000000000005,0.015792070394954352,757.70000000000005,0.017291481227164448,757.70000000000005,0.016942346328933648,757.70000000000005,0.016521833117163858,757.70000000000005,0.016873256868679156,757.70000000000005,0.016838373049176437,757.70000000000005,0.016035578952722465,757.70000000000005,0.01632299958461551,757.70000000000005,0.015317472427795157,757.70000000000005,0.016271966633605455,757.70000000000005,0.015244059578003273,757.70000000000005,0.015574926036129972,757.70000000000005,0.015604172494765308,757.70000000000005,0.015961403151835741,757.70000000000005,0.015403643515339556,757.70000000000005,0.015149411256071818,757.70000000000005,0.015947203784237432,757.70000000000005,0.015533769063180831,757.70000000000005,0.016436128277510745,757.70000000000005,0.01569318345582937,757.70000000000005,0.016034943160143433,757.70000000000005,0.015915922789349207,757.70000000000005,0.015857006010359179,757.70000000000005,0.015071251155023184,757.70000000000005,0.015667243118604988,757.70000000000005,0.016590074853979637,757.70000000000005,0.016531751481396711,757.70000000000005,0.015736247806515599,757.70000000000005,0.015960597814568971,757.70000000000005,0.015706662258504787,757.70000000000005,0.015574459788238687,757.70000000000005,0.015928299551554302,757.70000000000005,0.016301891270991756,757.70000000000005,0.016534676127260239,757.70000000000005,0.017462975678814545,757.70000000000005,0.016378822173054263,757.70000000000005,0.016024261844815747,757.70000000000005,0.016371404592965592,757.70000000000005,0.016308461127641716,757.70000000000005,0.015157125539364037,757.70000000000005,0.01621572018344735
758.39999999999998,0.016652594457584158,758.39999999999998,0.016497672999160752,758.39999999999998,0.016541924162661176,758.39999999999998,0.016642760865695175,758.39999999999998,0.0149670659444063,758.39999999999998,0.015663004501411462,758.39999999999998,0.015964497342387019,758.39999999999998,0.015545340488119157,758.39999999999998,0.016777421733933519,758.39999999999998,0.016012012241126455,758.39999999999998,0.015644015496384462,758.39999999999998,0.016345803345116691,758.39999999999998,0.016971126539677694,758.39999999999998,0.015587302798335069,758.39999999999998,0.015801819214499458,758.39999999999998,0.01607749887676644,758.39999999999998,0.017047167332129565,758.39999999999998,0.016901697990047732,758.39999999999998,0.017284233191763521,758.39999999999998,0.016888176801200375,758.39999999999998,0.016028288531149598,758.39999999999998,0.016188932122784265,758.39999999999998,0.016120224138077198,758.39999999999998,0.015388554038130602,758.39999999999998,0.017921339742122528,758.39999999999998,0.017859583089612843,758.39999999999998,0.016866856556716936,758.39999999999998,0.017143680645626169,758.39999999999998,0.016887541008621349,758.39999999999998,0.016483176928358895,758.39999999999998,0.016479828420776006,758.39999999999998,0.015687927570509397,758.39999999999998,0.016020192772309962,758.39999999999998,0.015729805108381442,758.39999999999998,0.015259572916931578,758.39999999999998,0.015613497452591066,758.39999999999998,0.015821528784449361,758.39999999999998,0.016183549078948482,758.39999999999998,0.015664827106804675,758.39999999999998,0.016311724862880732,758.39999999999998,0.016662936683536366,758.39999999999998,0.015963098598713154,758.39999999999998,0.015860184973254324,758.39999999999998,0.016475759348270218,758.39999999999998,0.015570899349796122,758.39999999999998,0.015422971609742037,758.39999999999998,0.015374736146079704,758.39999999999998,0.016074150369183558,758.39999999999998,0.016456134550664192,758.39999999999998,0.017030212863355459,758.39999999999998,0.015761679509676763,758.39999999999998,0.016372591405779777,758.39999999999998,0.015667666980324343,758.39999999999998,0.015674491154005918,758.39999999999998,0.016052914897043993,758.39999999999998,0.016990242703220502,758.39999999999998,0.017095021320244486,758.39999999999998,0.017384985122453647,758.39999999999998,0.016487330773208551,758.39999999999998,0.015537668590998871,758.39999999999998,0.016840195654569658,758.39999999999998,0.016217754719700248,758.39999999999998,0.016063341895340061,758.39999999999998,0.016258106355382621
759.10000000000002,0.016621228690352065,759.10000000000002,0.016601095258682808,759.10000000000002,0.016224027873146665,759.10000000000002,0.016498647881115262,759.10000000000002,0.015593533565609557,759.10000000000002,0.015651984096708291,759.10000000000002,0.016006035790883583,759.10000000000002,0.016049735934148841,759.10000000000002,0.01692662105914566,759.10000000000002,0.015940803472275202,759.10000000000002,0.015584674855675083,759.10000000000002,0.016404296262387361,759.10000000000002,0.016580326034434524,759.10000000000002,0.01622818171799632,759.10000000000002,0.015756889872248075,759.10000000000002,0.016198723328501308,759.10000000000002,0.01664873731593805,759.10000000000002,0.016862702711867284,759.10000000000002,0.017249476530776599,759.10000000000002,0.016831379330807118,759.10000000000002,0.01658100421318549,759.10000000000002,0.016704347973517122,759.10000000000002,0.015898120597136391,759.10000000000002,0.014943499232810286,759.10000000000002,0.017739926926239581,759.10000000000002,0.017632393208039811,759.10000000000002,0.016554894331273363,759.10000000000002,0.016822393462356842,759.10000000000002,0.0168010732178734,759.10000000000002,0.01587620694624586,759.10000000000002,0.016629027745988144,759.10000000000002,0.016320329255783594,759.10000000000002,0.016037147241084071,759.10000000000002,0.015701830234904166,759.10000000000002,0.015183277807448095,759.10000000000002,0.015772869459067675,759.10000000000002,0.015694370268643554,759.10000000000002,0.015975009113026965,759.10000000000002,0.015417291862702713,759.10000000000002,0.016297313564422742,759.10000000000002,0.016403533311292528,759.10000000000002,0.016386960318065833,759.10000000000002,0.015297296609953966,759.10000000000002,0.015802666937938168,759.10000000000002,0.015626849096750679,759.10000000000002,0.01559760263811534,759.10000000000002,0.015673982519942693,759.10000000000002,0.016236065545976286,759.10000000000002,0.016546840958605664,759.10000000000002,0.016671625848783095,759.10000000000002,0.015904944770817969,759.10000000000002,0.016263235082186783,759.10000000000002,0.016066944719954564,759.10000000000002,0.016200079686003243,759.10000000000002,0.016023244576689299,759.10000000000002,0.017192000881632374,759.10000000000002,0.016916151674677655,759.10000000000002,0.016908564549901237,759.10000000000002,0.016815399743987523,759.10000000000002,0.016125140934021683,759.10000000000002,0.01740477946474742,759.10000000000002,0.01654582369047922,759.10000000000002,0.015747141052702966,759.10000000000002,0.016388655764943243
759.79999999999995,0.016422861405695006,759.79999999999995,0.016414596102167629,759.79999999999995,0.016436806456261707,759.79999999999995,0.016110390546188211,759.79999999999995,0.015091681289895985,759.79999999999995,0.015511262005883202,759.79999999999995,0.016151844222340905,759.79999999999995,0.015841195968227324,759.79999999999995,0.016874062205945929,759.79999999999995,0.016096784584996988,759.79999999999995,0.016270483117587716,759.79999999999995,0.016505175351593297,759.79999999999995,0.016897374600510332,759.79999999999995,0.016051007519306906,759.79999999999995,0.01601714096793062,759.79999999999995,0.016209743733204482,759.79999999999995,0.016793698023956666,759.79999999999995,0.017014445207395541,759.79999999999995,0.017350355619982535,759.79999999999995,0.016630468875833949,759.79999999999995,0.016620847214804644,759.79999999999995,0.016421208344989533,759.79999999999995,0.016424556852572419,759.79999999999995,0.015402965336588591,759.79999999999995,0.01794338055152887,759.79999999999995,0.017616286462704408,759.79999999999995,0.016588803268821582,759.79999999999995,0.017102142197129609,759.79999999999995,0.016695107788035232,759.79999999999995,0.016632376253571033,759.79999999999995,0.016594271085001229,759.79999999999995,0.015946483219314533,759.79999999999995,0.015992217898832688,759.79999999999995,0.016309647940455911,759.79999999999995,0.015522367182930239,759.79999999999995,0.015866966760763965,759.79999999999995,0.015521434687147662,759.79999999999995,0.016440409280876207,759.79999999999995,0.015638547680204812,759.79999999999995,0.015960767359256715,759.79999999999995,0.016224663665725697,759.79999999999995,0.016378483083678782,759.79999999999995,0.015587218025991199,759.79999999999995,0.015886591558369998,759.79999999999995,0.015945593109703889,759.79999999999995,0.015398387630019583,759.79999999999995,0.015930842721870415,759.79999999999995,0.016292015292930836,759.79999999999995,0.016500216169476872,759.79999999999995,0.016723336978544126,759.79999999999995,0.015770156744063818,759.79999999999995,0.016496359027830757,759.79999999999995,0.016305155006230768,759.79999999999995,0.016534930444291857,759.79999999999995,0.016485253850783723,759.79999999999995,0.017022456193891304,759.79999999999995,0.016848333799581221,759.79999999999995,0.016016759492383206,759.79999999999995,0.016618727906207883,759.79999999999995,0.016437950882903958,759.79999999999995,0.017115705772148895,759.79999999999995,0.01723417512270797,759.79999999999995,0.016337156566041892,759.79999999999995,0.01634372642269186
760.60000000000002,0.015960852131600593,760.60000000000002,0.016244203690987852,760.60000000000002,0.015876461263277467,760.60000000000002,0.016084958843027051,760.60000000000002,0.015212905741630849,760.60000000000002,0.015567211752837757,760.60000000000002,0.015911938489187288,760.60000000000002,0.01560298568195112,760.60000000000002,0.016631613302476197,760.60000000000002,0.016003535006739403,760.60000000000002,0.016097547536091824,760.60000000000002,0.015951611946118698,760.60000000000002,0.016552351160957251,760.60000000000002,0.01656472792316235,760.60000000000002,0.015825555470783213,760.60000000000002,0.01566889617931046,760.60000000000002,0.016484278968829209,760.60000000000002,0.017044963251188934,760.60000000000002,0.017041784288293785,760.60000000000002,0.016565194171053638,760.60000000000002,0.016793782796300536,760.60000000000002,0.016794206658019888,760.60000000000002,0.016158371692818935,760.60000000000002,0.015215618456634708,760.60000000000002,0.017560209557234047,760.60000000000002,0.016987275671185031,760.60000000000002,0.016678661953324351,760.60000000000002,0.017002110831362376,760.60000000000002,0.016213600874850589,760.60000000000002,0.016130523977857462,760.60000000000002,0.016883344777599753,760.60000000000002,0.016206734314997077,760.60000000000002,0.015834541339233493,760.60000000000002,0.01611721471986979,760.60000000000002,0.015349431601434345,760.60000000000002,0.015303230674024906,760.60000000000002,0.015121309224078736,760.60000000000002,0.015672371845409153,760.60000000000002,0.015353712604799811,760.60000000000002,0.015658130091638901,760.60000000000002,0.01549138289124556,760.60000000000002,0.016130100116138114,760.60000000000002,0.015532116002475352,760.60000000000002,0.015551740800081383,760.60000000000002,0.016237209972618533,760.60000000000002,0.015913803480752442,760.60000000000002,0.015359477124183007,760.60000000000002,0.01567232945923722,760.60000000000002,0.016607029322753743,760.60000000000002,0.016219789255953136,760.60000000000002,0.016188084399345559,760.60000000000002,0.016167442333613079,760.60000000000002,0.016374668328204608,760.60000000000002,0.016011037359171944,760.60000000000002,0.016528487746157696,760.60000000000002,0.016446004255571661,760.60000000000002,0.01711706212965082,760.60000000000002,0.015862473826538829,760.60000000000002,0.016309308851080423,760.60000000000002,0.016759238066173292,760.60000000000002,0.017167416901909923,760.60000000000002,0.017437628747997255,760.60000000000002,0.016078600917236757,760.60000000000002,0.016130100116138111
761.29999999999995,0.015726880462517911,761.29999999999995,0.015730483287132405,761.29999999999995,0.01611721471986979,761.29999999999995,0.015771301170706069,761.29999999999995,0.014784805405084646,761.29999999999995,0.015746929121843292,761.29999999999995,0.015511813026118359,761.29999999999995,0.015202012495443486,761.29999999999995,0.016411205208412806,761.29999999999995,0.01603150988021668,761.29999999999995,0.016095852089214411,761.29999999999995,0.015760026448971287,761.29999999999995,0.016068301077456489,761.29999999999995,0.016615591329484675,761.29999999999995,0.015605995100158521,761.29999999999995,0.015950340360960637,761.29999999999995,0.016836084195891929,761.29999999999995,0.016421038800301786,761.29999999999995,0.01684087383332062,761.29999999999995,0.016549935149156942,761.29999999999995,0.016444520739553926,761.29999999999995,0.015921899239592075,761.29999999999995,0.015921009129981435,761.29999999999995,0.015535210193026625,761.29999999999995,0.017415248849215432,761.29999999999995,0.01714240906046811,761.29999999999995,0.016949933453710066,761.29999999999995,0.016768139162279695,761.29999999999995,0.016025406271457997,761.29999999999995,0.016392470520417417,761.29999999999995,0.016853674457245067,761.29999999999995,0.015577723523477704,761.29999999999995,0.015893881979942868,761.29999999999995,0.016023117418173496,761.29999999999995,0.015422335817163004,761.29999999999995,0.015352398633469818,761.29999999999995,0.015447682747980297,761.29999999999995,0.015680849079796208,761.29999999999995,0.015654654425540211,761.29999999999995,0.015703907157328993,761.29999999999995,0.015361681205123644,761.29999999999995,0.015635029627934182,761.29999999999995,0.015392241635088967,761.29999999999995,0.015896764239634462,761.29999999999995,0.015863363936149472,761.29999999999995,0.015807838050914274,761.29999999999995,0.015295897866280104,761.29999999999995,0.015879173978281324,761.29999999999995,0.016592618024295756,761.29999999999995,0.016649585039376753,761.29999999999995,0.016161804972745695,761.29999999999995,0.016278494104083479,761.29999999999995,0.015885531904071621,761.29999999999995,0.015593109703890204,761.29999999999995,0.016304688758339479,761.29999999999995,0.016167103244237598,761.29999999999995,0.016872070055864972,761.29999999999995,0.016328721717826771,761.29999999999995,0.016325415596415826,761.29999999999995,0.016824512770953599,761.29999999999995,0.016463806447784474,761.29999999999995,0.017600391648228686,761.29999999999995,0.016429558420860777,761.29999999999995,0.015690979374888739
762,0.015968481642548937,762,0.016586683960224818,762,0.015991751650941397,762,0.016053593075794952,762,0.014922984325593622,762,0.015797792528165613,762,0.015726287056110816,762,0.015757271347795494,762,0.015648254113577984,762,0.016040834838042438,762,0.015696574349584189,762,0.016018582097776419,762,0.016111534972830466,762,0.016540991666878599,762,0.016006968286666159,762,0.016055458067360102,762,0.01706751269465849,762,0.016859311818112458,762,0.016581470461076778,762,0.016698286750930373,762,0.016409764078567004,762,0.016199104804048726,762,0.015533599518493087,762,0.015645414240058324,762,0.017065139069030118,762,0.017195815637106548,762,0.016371786068513011,762,0.016183209989573,762,0.015906724990039253,762,0.016386536456346478,762,0.017028305485618369,762,0.01611348473673949,762,0.015814195976704561,762,0.015495833439298765,762,0.015167171062112694,762,0.015683858498003612,762,0.015253554080516771,762,0.015178149080643929,762,0.015619050041114586,762,0.015995524020243637,762,0.015432042250536187,762,0.015748624568720705,762,0.015023481939252138,762,0.016437611793528477,762,0.01608461975365157,762,0.016235090664021772,762,0.015584971558878629,762,0.015887651212668382,762,0.016653654111882542,762,0.016547858226732111,762,0.016800988445529533,762,0.016305621254122053,762,0.016013538143316127,762,0.015664318472741454,762,0.016264845756720329,762,0.015687291777930368,762,0.017251002432966268,762,0.016543195747819227,762,0.01626607495570645,762,0.016706679212973561,762,0.016525690258809966,762,0.016910344769122523,762,0.016806795351084664,762,0.015578232157540922
762.70000000000005,0.016009172367606794,762.70000000000005,0.015996668446885885,762.70000000000005,0.0161028034214118,762.70000000000005,0.015639056314268034,762.70000000000005,0.014996736264760986,762.70000000000005,0.015860524062629808,762.70000000000005,0.01582123208124581,762.70000000000005,0.015847130032298262,762.70000000000005,0.015383764400701916,762.70000000000005,0.015712765867263462,762.70000000000005,0.016214533370633163,762.70000000000005,0.01613980654951129,762.70000000000005,0.015997940032043946,762.70000000000005,0.016181556928867524,762.70000000000005,0.01603239998982732,762.70000000000005,0.01603680815170859,762.70000000000005,0.016728423319176351,762.70000000000005,0.016677051278790805,762.70000000000005,0.01684087383332062,762.70000000000005,0.016133702940752611,762.70000000000005,0.015762951094834818,762.70000000000005,0.015741334147147835,762.70000000000005,0.015658214863982778,762.70000000000005,0.015444503785085153,762.70000000000005,0.016830319676508734,762.70000000000005,0.017022032332171953,762.70000000000005,0.016352288429422785,762.70000000000005,0.015978060917406306,762.70000000000005,0.015836363944626702,762.70000000000005,0.01679683460067987,762.70000000000005,0.016847740393174129,762.70000000000005,0.015806608851928149,762.70000000000005,0.016090553817722508,762.70000000000005,0.015578062612853183,762.70000000000005,0.01528839551384756,762.70000000000005,0.015900875698312181,762.70000000000005,0.015666395395166278,762.70000000000005,0.015348541491823707,762.70000000000005,0.015363885286064275,762.70000000000005,0.016070123682849703,762.70000000000005,0.01515398896264083,762.70000000000005,0.015949535023693871,762.70000000000005,0.01507773623932928,762.70000000000005,0.016278239787051871,762.70000000000005,0.015777743868840229,762.70000000000005,0.015634902469418378,762.70000000000005,0.01555784440884006,762.70000000000005,0.015985139408119492,762.70000000000005,0.016312021566084283,762.70000000000005,0.016874231750633677,762.70000000000005,0.016405949323092837,762.70000000000005,0.016349702872934729,762.70000000000005,0.015593067317718269,762.70000000000005,0.015426955909903953,762.70000000000005,0.015571407983859347,762.70000000000005,0.015433822469757464,762.70000000000005,0.016247297881539127,762.70000000000005,0.016966209743733203,762.70000000000005,0.016189779846222968,762.70000000000005,0.016530352737722843,762.70000000000005,0.016370556869526889,762.70000000000005,0.016452574112221629,762.70000000000005,0.016217627561184441,762.70000000000005,0.015969032662784093
763.5,0.016360977594669517,763.5,0.016362884972406597,763.5,0.016097717080779565,763.5,0.016137517696226782,763.5,0.015427379771623307,763.5,0.015816442443817129,763.5,0.016095894475386348,763.5,0.01654480642235277,763.5,0.015165899476954639,763.5,0.015688181887541008,763.5,0.016507845680425216,763.5,0.016080465908801914,763.5,0.016403999559183813,763.5,0.016433330790163014,763.5,0.016196858336936158,763.5,0.015786729737290506,763.5,0.016667387231589566,763.5,0.017141603723201344,763.5,0.017285080915202221,763.5,0.016258318286242295,763.5,0.01584009392775701,763.5,0.016640768715614221,763.5,0.016578842518416792,763.5,0.015767486415231895,763.5,0.016998168917372391,763.5,0.017099175165094144,763.5,0.016420106304519212,763.5,0.016343429719488312,763.5,0.016185626001373306,763.5,0.017196112340310096,763.5,0.016689216110136223,763.5,0.016477158091944083,763.5,0.015893881979942868,763.5,0.015340700050015683,763.5,0.015073073760416399,763.5,0.015815255631002941,763.5,0.015256097250832887,763.5,0.015297678085501384,763.5,0.015531734526927935,763.5,0.016049778320320778,763.5,0.01556683027729034,763.5,0.016637886455922624,763.5,0.015933936912421693,763.5,0.016398616515348029,763.5,0.016026974559819603,763.5,0.015805294880598154,763.5,0.01546120393682765,763.5,0.016034307367564404,763.5,0.016301848884819815,763.5,0.016563964972067514,763.5,0.016816247467426229,763.5,0.016816798487661384,763.5,0.015967761077626038,763.5,0.015960173952849623,763.5,0.016090214728347027,763.5,0.015443147427583225,763.5,0.016536371574137652,763.5,0.016353305697549229,763.5,0.016478005815382789,763.5,0.01690589422106932,763.5,0.016668107796512469,763.5,0.016411035663725065,763.5,0.016553326042911758,763.5,0.016440366894704274
764.20000000000005,0.01642031823537889,764.20000000000005,0.016300153437942406,764.20000000000005,0.016014640183786441,764.20000000000005,0.016558836245263341,764.20000000000005,0.015878368641014561,764.20000000000005,0.015626552393547131,764.20000000000005,0.016127260242618447,764.20000000000005,0.016400693437772861,764.20000000000005,0.016434941464696557,764.20000000000005,0.015839924383069266,764.20000000000005,0.016427311953748205,764.20000000000005,0.016021125268092535,764.20000000000005,0.015833481684935105,764.20000000000005,0.016135779863177439,764.20000000000005,0.01620024923069098,764.20000000000005,0.015671439349626577,764.20000000000005,0.016101107974534387,764.20000000000005,0.01693391148071853,764.20000000000005,0.017497011774878564,764.20000000000005,0.016243906987784305,764.20000000000005,0.016284301009638614,764.20000000000005,0.01658820986241449,764.20000000000005,0.016475420258894743,764.20000000000005,0.015258852352008681,764.20000000000005,0.017073616303417173,764.20000000000005,0.017269567576273917,764.20000000000005,0.016969431092800281,764.20000000000005,0.016652848774615772,764.20000000000005,0.016562862931597193,764.20000000000005,0.017127446741774962,764.20000000000005,0.016791790646219575,764.20000000000005,0.0165585395420598,764.20000000000005,0.015911684172155681,764.20000000000005,0.015529742376846978,764.20000000000005,0.015157846104286938,764.20000000000005,0.01554737502437205,764.20000000000005,0.015344260488458241,764.20000000000005,0.015255291913566118,764.20000000000005,0.015595313784830837,764.20000000000005,0.015558946449310378,764.20000000000005,0.01588726973712096,764.20000000000005,0.016681120351296593,764.20000000000005,0.015930546018666867,764.20000000000005,0.016207031018200622,764.20000000000005,0.015579376584183176,764.20000000000005,0.015700177174198693,764.20000000000005,0.014934767681391624,764.20000000000005,0.015612141095089136,764.20000000000005,0.016005993404711646,764.20000000000005,0.016332536473300952,764.20000000000005,0.016255902274441986,764.20000000000005,0.017053313327060178,764.20000000000005,0.015441324822190012,764.20000000000005,0.015212481879911499,764.20000000000005,0.015704500563736089,764.20000000000005,0.016008578961199699,764.20000000000005,0.016243906987784305,764.20000000000005,0.016522850385290302,764.20000000000005,0.016327111043293235,764.20000000000005,0.016399803328162221,764.20000000000005,0.017056365131439519,764.20000000000005,0.016216059272822835,764.20000000000005,0.015968396870205064,764.20000000000005,0.016461559980671905
764.89999999999998,0.017276518908471303,764.89999999999998,0.016247594584742675,764.89999999999998,0.016523274247009653,764.89999999999998,0.016766528487746152,764.89999999999998,0.015573188203080629,764.89999999999998,0.015394276171341864,764.89999999999998,0.016007731237760992,764.89999999999998,0.016060756338852015,764.89999999999998,0.016383230334935529,764.89999999999998,0.015884853725320648,764.89999999999998,0.016158583623678609,764.89999999999998,0.015978739096157272,764.89999999999998,0.015826699897425463,764.89999999999998,0.016545230284072125,764.89999999999998,0.016398616515348029,764.89999999999998,0.016201266498817427,764.89999999999998,0.016598721633054432,764.89999999999998,0.017071242677788798,764.89999999999998,0.017070606885209772,764.89999999999998,0.01644566516619618,764.89999999999998,0.016649669811720624,764.89999999999998,0.016866263150309844,764.89999999999998,0.016695828352958134,764.89999999999998,0.015817502098115513,764.89999999999998,0.016974432661088647,764.89999999999998,0.01698981884150115,764.89999999999998,0.016862617939523407,764.89999999999998,0.016909708976543494,764.89999999999998,0.016656112509854788,764.89999999999998,0.016760382492815543,764.89999999999998,0.016651916278833188,764.89999999999998,0.016864567703432427,764.89999999999998,0.015518340496596393,764.89999999999998,0.015461076778311841,764.89999999999998,0.015208709510609257,764.89999999999998,0.015332900994379594,764.89999999999998,0.015672329459237216,764.89999999999998,0.01515271737748277,764.89999999999998,0.016127684104337802,764.89999999999998,0.015620830260335868,764.89999999999998,0.016136500428100338,764.89999999999998,0.016681968074735296,764.89999999999998,0.016200969795613879,764.89999999999998,0.016001034222595221,764.89999999999998,0.015643803565524785,764.89999999999998,0.015795969922772393,764.89999999999998,0.014853386231275908,764.89999999999998,0.015805422039113958,764.89999999999998,0.016455286827225486,764.89999999999998,0.0162299619372176,764.89999999999998,0.016616184735891763,764.89999999999998,0.016960911472241293,764.89999999999998,0.016211057704534473,764.89999999999998,0.015810126904198776,764.89999999999998,0.016239414053559168,764.89999999999998,0.016427354339920142,764.89999999999998,0.016932258420013051,764.89999999999998,0.016133745326924541,764.89999999999998,0.0166848503344269,764.89999999999998,0.01683638089909548,764.89999999999998,0.016539253833829252,764.89999999999998,0.016638225545298101,764.89999999999998,0.017112823512457295,764.89999999999998,0.016366614955536905
765.60000000000002,0.017111212837923759,765.60000000000002,0.016984266252977633,765.60000000000002,0.016409679306223137,765.60000000000002,0.016432525452896245,765.60000000000002,0.015552842840551698,765.60000000000002,0.015599425243508559,765.60000000000002,0.016173885031747243,765.60000000000002,0.016013283826284513,765.60000000000002,0.016893559845036155,765.60000000000002,0.016122216288158148,765.60000000000002,0.015350703186592407,765.60000000000002,0.016096572654137314,765.60000000000002,0.015624941719013588,765.60000000000002,0.016014555411442571,765.60000000000002,0.016196858336936158,765.60000000000002,0.016248739011384926,765.60000000000002,0.016388486220255502,765.60000000000002,0.017205182981104246,765.60000000000002,0.016824767087985214,765.60000000000002,0.016558412383543997,765.60000000000002,0.016486059188050493,765.60000000000002,0.016593296203046722,765.60000000000002,0.01598458838788434,765.60000000000002,0.015902274441986042,765.60000000000002,0.017051575494010835,765.60000000000002,0.01707543890881039,765.60000000000002,0.016585412375066756,765.60000000000002,0.017111467154955366,765.60000000000002,0.016556928867526258,765.60000000000002,0.016566253825352019,765.60000000000002,0.016947771758941362,765.60000000000002,0.016600925713995067,765.60000000000002,0.015558183498215545,765.60000000000002,0.016162144062121169,765.60000000000002,0.015725820808219524,765.60000000000002,0.014836135059298254,765.60000000000002,0.015428185108890076,765.60000000000002,0.015199342166611564,765.60000000000002,0.015671608894314321,765.60000000000002,0.015753075116773901,765.60000000000002,0.015991539720081722,765.60000000000002,0.016286928952298604,765.60000000000002,0.016029729660995393,765.60000000000002,0.016379118876257807,765.60000000000002,0.015820977764214202,765.60000000000002,0.016006205335571323,765.60000000000002,0.015248425353712606,765.60000000000002,0.015465484940193111,765.60000000000002,0.016824046523062314,765.60000000000002,0.016213007468443494,765.60000000000002,0.016016844264727072,765.60000000000002,0.016339530191670268,765.60000000000002,0.01619495095919907,765.60000000000002,0.015718572772818597,765.60000000000002,0.01596729482973475,765.60000000000002,0.01683002297330519,765.60000000000002,0.017017030763883587,765.60000000000002,0.016635597602638108,765.60000000000002,0.016125352864881363,765.60000000000002,0.016242126768563021,765.60000000000002,0.016515517577545505,765.60000000000002,0.016661114078143146,765.60000000000002,0.01679407949950408,765.60000000000002,0.016056348176970749
766.29999999999995,0.017211244203690992,766.29999999999995,0.016710451582275798,766.29999999999995,0.016590244398667377,766.29999999999995,0.016122258674330085,766.29999999999995,0.015344302874630181,766.29999999999995,0.015844417317294406,766.29999999999995,0.016123869348863624,766.29999999999995,0.0162489509422446,766.29999999999995,0.015858489526376914,766.29999999999995,0.015681400100031363,766.29999999999995,0.015708442477726067,766.29999999999995,0.015967718691454098,766.29999999999995,0.015678348295652029,766.29999999999995,0.016578291498181633,766.29999999999995,0.015997643328840395,766.29999999999995,0.016115646431508184,766.29999999999995,0.016677559912854027,766.29999999999995,0.017195010299839782,766.29999999999995,0.016956164220984542,766.29999999999995,0.01644566516619618,766.29999999999995,0.015817205394911965,766.29999999999995,0.016332197383925467,766.29999999999995,0.016834854996905811,766.29999999999995,0.016115053025101089,766.29999999999995,0.017196536202029444,766.29999999999995,0.016743979044276595,766.29999999999995,0.016589650992260285,766.29999999999995,0.01764044658070751,766.29999999999995,0.016546756186261793,766.29999999999995,0.016524715376855455,766.29999999999995,0.016553580359943369,766.29999999999995,0.016493264837279486,766.29999999999995,0.015126692267914518,766.29999999999995,0.015933258733670724,766.29999999999995,0.015864847452167204,766.29999999999995,0.014970075362613701,766.29999999999995,0.015952925917448686,766.29999999999995,0.015577426820274154,766.29999999999995,0.015871671625848779,766.29999999999995,0.015853954205979841,766.29999999999995,0.015630409535193242,766.29999999999995,0.016408153404033472,766.29999999999995,0.016322194247348744,766.29999999999995,0.016056983969549774,766.29999999999995,0.015836236786110899,766.29999999999995,0.016007900782448733,766.29999999999995,0.015715520968439256,766.29999999999995,0.015674024906114629,766.29999999999995,0.016582445343031289,766.29999999999995,0.016491060756338854,766.29999999999995,0.016083814416384797,766.29999999999995,0.016124208438239106,766.29999999999995,0.016851936624195721,766.29999999999995,0.016484914761408242,766.29999999999995,0.016209743733204482,766.29999999999995,0.016980070021956038,766.29999999999995,0.017209463984469705,766.29999999999995,0.017018768596932934,766.29999999999995,0.015933767367733952,766.29999999999995,0.016667683934793114,766.29999999999995,0.015859379635987558,766.29999999999995,0.017029873773979975,766.29999999999995,0.016948365165348454,766.29999999999995,0.01621656790688606
767.10000000000002,0.016532217729288,767.10000000000002,0.016779117180810928,767.10000000000002,0.015689962106762288,767.10000000000002,0.015851834897383076,767.10000000000002,0.015462136432610227,767.10000000000002,0.015656222713901817,767.10000000000002,0.015761891440536437,767.10000000000002,0.016598212998991207,767.10000000000002,0.01594495731712486,767.10000000000002,0.015481337368496899,767.10000000000002,0.015286276205250799,767.10000000000002,0.015565050058069057,767.10000000000002,0.015810593152090061,767.10000000000002,0.016011164517687752,767.10000000000002,0.01539999830455312,767.10000000000002,0.015532412705678898,767.10000000000002,0.015862049964819477,767.10000000000002,0.017122953807549829,767.10000000000002,0.017329162534014904,767.10000000000002,0.016406669888015733,767.10000000000002,0.015322982630146741,767.10000000000002,0.015911726558327607,767.10000000000002,0.015770962081330591,767.10000000000002,0.015280893161415019,767.10000000000002,0.016982909895475698,767.10000000000002,0.017114434186990834,767.10000000000002,0.016274297873061894,767.10000000000002,0.017715893966752289,767.10000000000002,0.016890084178937462,767.10000000000002,0.01647639514084925,767.10000000000002,0.01656290531776913,767.10000000000002,0.016440705984079752,767.10000000000002,0.015459847579325722,767.10000000000002,0.016028203758805731,767.10000000000002,0.015999635478921352,767.10000000000002,0.015176072158219102,767.10000000000002,0.015232360994549136,767.10000000000002,0.015564710968693572,767.10000000000002,0.015656349872417624,767.10000000000002,0.01556403278994261,767.10000000000002,0.015387960631723509,767.10000000000002,0.016403914786839946,767.10000000000002,0.016187406220594589,767.10000000000002,0.015917957325602094,767.10000000000002,0.01610920373337402,767.10000000000002,0.015999423548061678,767.10000000000002,0.015940167679696176,767.10000000000002,0.015484982579283336,767.10000000000002,0.016293371650432764,767.10000000000002,0.016030746929121844,767.10000000000002,0.015666734484541762,767.10000000000002,0.016056390563142679,767.10000000000002,0.016147478446631568,767.10000000000002,0.016281461136118953,767.10000000000002,0.015955426701592872,767.10000000000002,0.01675881420445394,767.10000000000002,0.01658384408670515,767.10000000000002,0.016766147012198737,767.10000000000002,0.015420894687317211,767.10000000000002,0.015855564880513377,767.10000000000002,0.016447699702449078,767.10000000000002,0.016791663487703772,767.10000000000002,0.016132855217313904,767.10000000000002,0.015358671786916236
767.79999999999995,0.016616142349719826,767.79999999999995,0.015683858498003609,767.79999999999995,0.016021421971296083,767.79999999999995,0.015735696786280447,767.79999999999995,0.015355323279333352,767.79999999999995,0.015834244636029941,767.79999999999995,0.015517747090189297,767.79999999999995,0.016297271178250802,767.79999999999995,0.015585522579113791,767.79999999999995,0.015297381382297836,767.79999999999995,0.015898332527996065,767.79999999999995,0.015545552418978835,767.79999999999995,0.015600357739291136,767.79999999999995,0.015853487958088556,767.79999999999995,0.015718742317506335,767.79999999999995,0.015377279316395816,767.79999999999995,0.016026508311928315,767.79999999999995,0.016845748243093171,767.79999999999995,0.017471580071717403,767.79999999999995,0.016079448640675467,767.79999999999995,0.015676483304086875,767.79999999999995,0.01577693853157346,767.79999999999995,0.015862516212710769,767.79999999999995,0.015171536837822026,767.79999999999995,0.016514118833871636,767.79999999999995,0.016983884777430205,767.79999999999995,0.016354831599738901,767.79999999999995,0.017615014877546346,767.79999999999995,0.016583208294126121,767.79999999999995,0.016384841009469069,767.79999999999995,0.01591609233403694,767.79999999999995,0.016628900587472344,767.79999999999995,0.015097869670998538,767.79999999999995,0.015638250977001264,767.79999999999995,0.015640200740910284,767.79999999999995,0.015115036070632316,767.79999999999995,0.01529933114620686,767.79999999999995,0.015366343684036519,767.79999999999995,0.016090384273034764,767.79999999999995,0.015333452014614751,767.79999999999995,0.015425260463026546,767.79999999999995,0.016264040419453559,767.79999999999995,0.01582118969507388,767.79999999999995,0.014938836753897407,767.79999999999995,0.016073599348948402,767.79999999999995,0.015928214779210432,767.79999999999995,0.015765536651322874,767.79999999999995,0.015779142612514091,767.79999999999995,0.015839839610725395,767.79999999999995,0.016261327704449699,767.79999999999995,0.016011757924094844,767.79999999999995,0.015837677915956697,767.79999999999995,0.015810932241465545,767.79999999999995,0.016095809703042484,767.79999999999995,0.015848613548315998,767.79999999999995,0.016355297847630193,767.79999999999995,0.016234582029958543,767.79999999999995,0.017028941278197398,767.79999999999995,0.015221679679221453,767.79999999999995,0.015816569602332936,767.79999999999995,0.016178971372379478,767.79999999999995,0.016622118799962702,767.79999999999995,0.016065037342217474,767.79999999999995,0.015461246322999583
768.5,0.016651746734145458,768.5,0.015955129998389328,768.5,0.016052787738528182,768.5,0.015921348219356916,768.5,0.015106940311792681,768.5,0.015913930639268246,768.5,0.015485533599518493,768.5,0.01600989293252969,768.5,0.015570263557217091,768.5,0.015657663843747616,768.5,0.015780498970016023,768.5,0.015003009418207406,768.5,0.015847045259954395,768.5,0.015492357773200073,768.5,0.015531395437552451,768.5,0.015617185049549433,768.5,0.015937497350864253,768.5,0.016961038630757104,768.5,0.017200308571331688,768.5,0.015722557072980509,768.5,0.016069826979646162,768.5,0.015796436170663685,768.5,0.014896959216025364,768.5,0.015120673431499709,768.5,0.016309817485143645,768.5,0.017122063697939182,768.5,0.016248018446462027,768.5,0.017365784186566972,768.5,0.01644842026737197,768.5,0.01639247052041742,768.5,0.016008494188855825,768.5,0.016559387265498507,768.5,0.015038529030289162,768.5,0.015887481667980641,768.5,0.015758034298890326,768.5,0.015074345345574461,768.5,0.014371073980824494,768.5,0.015029797478870493,768.5,0.015856412603952083,768.5,0.015299543077066538,768.5,0.015381178844213864,768.5,0.015974119003416328,768.5,0.01619927434873647,768.5,0.015120249569780354,768.5,0.016357586700914695,768.5,0.015879046819765517,768.5,0.015049210345616848,768.5,0.015771513101565746,768.5,0.015933936912421693,768.5,0.016093478463586039,768.5,0.015854929087934351,768.5,0.016208980782109642,768.5,0.015869425158736215,768.5,0.015699075133728372,768.5,0.015885913379619032,768.5,0.016228139331824386,768.5,0.016791536329187964,768.5,0.016257512948975521,768.5,0.015511601095258684,768.5,0.015999677865093292,768.5,0.016349363783559251,768.5,0.016611946118698238,768.5,0.0164015835473835,768.5,0.015225579207039494
769.20000000000005,0.016775514356196435,769.20000000000005,0.016092461195459595,769.20000000000005,0.016876774920949789,769.20000000000005,0.016290955638632452,769.20000000000005,0.015363800513720405,769.20000000000005,0.016110602477047889,769.20000000000005,0.015944999703296797,769.20000000000005,0.015876800352652948,769.20000000000005,0.0161407814314658,769.20000000000005,0.015787365529869535,769.20000000000005,0.015675381263616554,769.20000000000005,0.01540567805159245,769.20000000000005,0.015683434636284257,769.20000000000005,0.015381306002729673,769.20000000000005,0.015900155133389281,769.20000000000005,0.015551062621330415,769.20000000000005,0.016380008985868447,769.20000000000005,0.016899154819731612,769.20000000000005,0.016782380916049947,769.20000000000005,0.016212541220552209,769.20000000000005,0.016470800166153796,769.20000000000005,0.016047362308520469,769.20000000000005,0.015737900867221079,769.20000000000005,0.01521137983944118,769.20000000000005,0.016859142273424717,769.20000000000005,0.017097479718216728,769.20000000000005,0.016715114061188682,769.20000000000005,0.017032628875155768,769.20000000000005,0.016164432915405678,769.20000000000005,0.016136458041928401,769.20000000000005,0.016212795537583816,769.20000000000005,0.016554300924866271,769.20000000000005,0.015008010986495769,769.20000000000005,0.016268109491959344,769.20000000000005,0.015576621483007381,769.20000000000005,0.015151488178496646,769.20000000000005,0.014499927943507709,769.20000000000005,0.015390079940320269,769.20000000000005,0.015422378203334945,769.20000000000005,0.015152886922170513,769.20000000000005,0.015657536685231812,769.20000000000005,0.016108059306731773,769.20000000000005,0.015872900824834908,769.20000000000005,0.015213499148037941,769.20000000000005,0.01611174690369014,769.20000000000005,0.015864635521307527,769.20000000000005,0.015260293481854481,769.20000000000005,0.015698608885837087,769.20000000000005,0.01587713944202843,769.20000000000005,0.016251155023185235,769.20000000000005,0.016200800250926135,769.20000000000005,0.016256453294677144,769.20000000000005,0.015646473894356704,769.20000000000005,0.01529301560658851,769.20000000000005,0.016189398370675553,769.20000000000005,0.016589269516712867,769.20000000000005,0.016774581860413858,769.20000000000005,0.016185456456685569,769.20000000000005,0.015570941735968059,769.20000000000005,0.01641845324381374,769.20000000000005,0.01614336698795385,769.20000000000005,0.016650941396878685,769.20000000000005,0.016543153361647293,769.20000000000005,0.015604511584140791
770,0.016857743529750859,770,0.016534125107025087,770,0.016985283521104077,770,0.016608004204708253,770,0.014953502369387014,770,0.01570199977959191,770,0.015777150462433134,770,0.015789484838466299,770,0.01553296372591406,770,0.016164602460093422,770,0.015589761196307315,770,0.015181879063774235,770,0.016190373252630064,770,0.01621377041953833,770,0.015502572840636471,770,0.015623119113620373,770,0.016776743555182556,770,0.016337114179869956,770,0.016764578723837138,770,0.016015021659333859,770,0.015701067283809329,770,0.016325415596415826,770,0.015666692098369829,770,0.014719700244992074,770,0.016714181565406102,770,0.017038986800946058,770,0.016505726371828455,770,0.017068233259581393,770,0.016503522290887817,770,0.01590418181972313,770,0.016236531793867564,770,0.016437315090324933,770,0.015509015538770635,770,0.015950213202444833,770,0.015502021820401311,770,0.015573654450971914,770,0.014692361164093826,770,0.015087442672702456,770,0.015025643634020838,770,0.015244441053550693,770,0.015780456583844089,770,0.016562439069877845,770,0.016184015326839774,770,0.015628035909564863,770,0.016278748421115097,770,0.015389910395632526,770,0.015161957562964661,770,0.015199299780439631,770,0.015807626120054593,770,0.015962929054025413,770,0.016233013741596941,770,0.016327662063528391,770,0.015314166306384209,770,0.015298949670659446,770,0.016515771894577116,770,0.016633351135525547,770,0.016859354204284395,770,0.015595440943346641,770,0.015720141061180203,770,0.016987275671185031,770,0.015646601052872511,770,0.016439010537202342,770,0.016451599230267115,770,0.015657918160779227
770.70000000000005,0.016190585183489741,770.70000000000005,0.016761314988598119,770.70000000000005,0.01656481269550622,770.70000000000005,0.016330798640251602,770.70000000000005,0.015783423615879557,770.70000000000005,0.015601968413824675,770.70000000000005,0.015850902401600503,770.70000000000005,0.016041258699761789,770.70000000000005,0.015840687334164105,770.70000000000005,0.016378228766647168,770.70000000000005,0.015276103523986336,770.70000000000005,0.015465018692301824,770.70000000000005,0.015836024855251225,770.70000000000005,0.016149343438196725,770.70000000000005,0.015936607241253609,770.70000000000005,0.015509524172833853,770.70000000000005,0.016533446928274118,770.70000000000005,0.016385434415876164,770.70000000000005,0.017004484456990751,770.70000000000005,0.016761866008833282,770.70000000000005,0.015551020235158482,770.70000000000005,0.016821333808058461,770.70000000000005,0.016147351288115768,770.70000000000005,0.014364504124174528,770.70000000000005,0.017100743453455747,770.70000000000005,0.017140713613590701,770.70000000000005,0.016611691801666627,770.70000000000005,0.016852911506150231,770.70000000000005,0.016879063774234291,770.70000000000005,0.016272941515559962,770.70000000000005,0.016456939887930962,770.70000000000005,0.016535651009214756,770.70000000000005,0.016228732738231482,770.70000000000005,0.016345252324881532,770.70000000000005,0.015610530420555595,770.70000000000005,0.015316794249044191,770.70000000000005,0.01510435475530463,770.70000000000005,0.015351932385578528,770.70000000000005,0.015373210243890035,770.70000000000005,0.015856497376295957,770.70000000000005,0.016114459618693996,770.70000000000005,0.016293710739808245,770.70000000000005,0.015906809762383119,770.70000000000005,0.015691615167467764,770.70000000000005,0.016077837966141928,770.70000000000005,0.015303442604884584,770.70000000000005,0.015666353008994348,770.70000000000005,0.01583848325322347,770.70000000000005,0.015966998126531198,770.70000000000005,0.015582301230046709,770.70000000000005,0.016386451684002608,770.70000000000005,0.01588260725820808,770.70000000000005,0.014863177436992956,770.70000000000005,0.015371853886388107,770.70000000000005,0.016355552164661804,770.70000000000005,0.016799504929511794,770.70000000000005,0.016442274272441361,770.70000000000005,0.016298203674033385,770.70000000000005,0.015503123860871632,770.70000000000005,0.016916066902333778,770.70000000000005,0.01597551774709019,770.70000000000005,0.016567016776446855,770.70000000000005,0.016343938353551538,770.70000000000005,0.015558734518450698
771.39999999999998,0.016135483159973894,771.39999999999998,0.016569729491450708,771.39999999999998,0.01618672804184363,771.39999999999998,0.016213812805710263,771.39999999999998,0.015643549248493174,771.39999999999998,0.0159224078736553,771.39999999999998,0.015549960580860101,771.39999999999998,0.015941227333994556,771.39999999999998,0.015140467773793477,771.39999999999998,0.016313801785305563,771.39999999999998,0.016079745343879015,771.39999999999998,0.015203919873180576,771.39999999999998,0.015830090791180286,771.39999999999998,0.016684256928019805,771.39999999999998,0.016134126802471959,771.39999999999998,0.015515458236904794,771.39999999999998,0.016492756203216264,771.39999999999998,0.016504963420733616,771.39999999999998,0.017333401151208429,771.39999999999998,0.016130312046997788,771.39999999999998,0.015491679594449106,771.39999999999998,0.016585666692098374,771.39999999999998,0.015894729703381575,771.39999999999998,0.01461627798547002,771.39999999999998,0.016583632155845476,771.39999999999998,0.016968625755533508,771.39999999999998,0.016379415579461355,771.39999999999998,0.016924120275001481,771.39999999999998,0.016970617905614473,771.39999999999998,0.016378906945398133,771.39999999999998,0.015844035841746987,771.39999999999998,0.016259293168196808,771.39999999999998,0.016366063935301749,771.39999999999998,0.015517874248705103,771.39999999999998,0.01584195891932216,771.39999999999998,0.01535748497410205,771.39999999999998,0.015302722039961679,771.39999999999998,0.015062858692980003,771.39999999999998,0.015818265049210349,771.39999999999998,0.016114205301662386,771.39999999999998,0.016388274289395828,771.39999999999998,0.01638611259462713,771.39999999999998,0.016055161364156557,771.39999999999998,0.015620406398616516,771.39999999999998,0.016231275908547595,771.39999999999998,0.015576409552147709,771.39999999999998,0.015652789433975061,771.39999999999998,0.016175029458389497,771.39999999999998,0.016165365411188251,771.39999999999998,0.015823902410077736,771.39999999999998,0.016550062307672746,771.39999999999998,0.015867348236311384,771.39999999999998,0.015669362427201749,771.39999999999998,0.015668557089934983,771.39999999999998,0.016104626026805017,771.39999999999998,0.016481608639997286,771.39999999999998,0.016450751506828416,771.39999999999998,0.016827183099785526,771.39999999999998,0.015445478667039667,771.39999999999998,0.017034748183752529,771.39999999999998,0.015944999703296797,771.39999999999998,0.016478005815382789,771.39999999999998,0.01648720361469274,771.39999999999998,0.015785076676585033
772.10000000000002,0.015851495808007595,772.10000000000002,0.017078363554673924,772.10000000000002,0.015259318599899969,772.10000000000002,0.016306214660529145,772.10000000000002,0.015989420411484958,772.10000000000002,0.016097038902028602,772.10000000000002,0.015769520951484785,772.10000000000002,0.015695387536770005,772.10000000000002,0.015950891381195799,772.10000000000002,0.016077286945906762,772.10000000000002,0.016087374854827363,772.10000000000002,0.015599806719055975,772.10000000000002,0.015588489611149258,772.10000000000002,0.016000991836423284,772.10000000000002,0.015929825453743968,772.10000000000002,0.015654484880852471,772.10000000000002,0.016242677788798187,772.10000000000002,0.017081415359053262,772.10000000000002,0.01740121902630486,772.10000000000002,0.016726261624407657,772.10000000000002,0.015813814501157143,772.10000000000002,0.016439010537202342,772.10000000000002,0.015837084509549605,772.10000000000002,0.015001992150080959,772.10000000000002,0.016794715292083106,772.10000000000002,0.016981341607114092,772.10000000000002,0.016704093656485508,772.10000000000002,0.016418029382094381,772.10000000000002,0.017045217568220541,772.10000000000002,0.016458592948636434,772.10000000000002,0.016054271254545914,772.10000000000002,0.016477158091944083,772.10000000000002,0.016154133075625413,772.10000000000002,0.016316429727965549,772.10000000000002,0.015783466002051487,772.10000000000002,0.015381221230385799,772.10000000000002,0.015287463018064986,772.10000000000002,0.01531717572459161,772.10000000000002,0.015821655942965172,772.10000000000002,0.016413451675525378,772.10000000000002,0.01611191644837788,772.10000000000002,0.016143663691157398,772.10000000000002,0.015899180251434771,772.10000000000002,0.015558522587591024,772.10000000000002,0.015913379619033087,772.10000000000002,0.016296974475047261,772.10000000000002,0.015481549299356575,772.10000000000002,0.016066520858235209,772.10000000000002,0.016128065579885217,772.10000000000002,0.015438188245466798,772.10000000000002,0.01662890058747234,772.10000000000002,0.016341225638547681,772.10000000000002,0.015924527182252061,772.10000000000002,0.015662623025864044,772.10000000000002,0.015734170884090775,772.10000000000002,0.016571467324500051,772.10000000000002,0.016369370056712698,772.10000000000002,0.017054372981358559,772.10000000000002,0.015375965345065825,772.10000000000002,0.016438798606342665,772.10000000000002,0.016535015216635727,772.10000000000002,0.016455117282537745,772.10000000000002,0.016886481354322962,772.10000000000002,0.01616316133024762
772.79999999999995,0.016391495638462913,772.79999999999995,0.016194188008104234,772.79999999999995,0.015331375092189925,772.79999999999995,0.016180751591600751,772.79999999999995,0.015273094105778933,772.79999999999995,0.016096191178589896,772.79999999999995,0.015623712520027465,772.79999999999995,0.015589422106931834,772.79999999999995,0.015746590032467808,772.79999999999995,0.015681400100031363,772.79999999999995,0.016367971313038833,772.79999999999995,0.01611183167603401,772.79999999999995,0.015778379661419262,772.79999999999995,0.01594928070666226,772.79999999999995,0.016165492569704055,772.79999999999995,0.015131439519171265,772.79999999999995,0.016338470537371891,772.79999999999995,0.017294193942168308,772.79999999999995,0.017107906716512807,772.79999999999995,0.016892415418393907,772.79999999999995,0.01596386154980799,772.79999999999995,0.015750659104973593,772.79999999999995,0.015945593109703893,772.79999999999995,0.015818349821554216,772.79999999999995,0.016647211413748378,772.79999999999995,0.016702440595780028,772.79999999999995,0.016682052847079167,772.79999999999995,0.016580792282325812,772.79999999999995,0.016818027686647509,772.79999999999995,0.016018624483948356,772.79999999999995,0.015727050007205649,772.79999999999995,0.016241490975983996,772.79999999999995,0.015960852131600593,772.79999999999995,0.015528046929969567,772.79999999999995,0.015354517942066581,772.79999999999995,0.016141629154904504,772.79999999999995,0.015906301128319898,772.79999999999995,0.015484177242016563,772.79999999999995,0.015285047006264678,772.79999999999995,0.016061646448462655,772.79999999999995,0.01635351762840891,772.79999999999995,0.016671795393470835,772.79999999999995,0.015788128480964371,772.79999999999995,0.015435602688978747,772.79999999999995,0.015917618236226616,772.79999999999995,0.016107932148215966,772.79999999999995,0.015734170884090775,772.79999999999995,0.015765579037494808,772.79999999999995,0.016672304027534057,772.79999999999995,0.016329993302984836,772.79999999999995,0.016289811211990197,772.79999999999995,0.016112340310097232,772.79999999999995,0.015813475411781658,772.79999999999995,0.015577002958554803,772.79999999999995,0.016206352839449656,772.79999999999995,0.016039944728431794,772.79999999999995,0.016089621321939931,772.79999999999995,0.016739867585598874,772.79999999999995,0.015756593169044531,772.79999999999995,0.016465925756381235,772.79999999999995,0.016638437476157782,772.79999999999995,0.016300831616693368,772.79999999999995,0.016261709179997117,772.79999999999995,0.016243695056924627
773.60000000000002,0.016401668319727374,773.60000000000002,0.015938175529615219,773.60000000000002,0.015470401736137602,773.60000000000002,0.016521536413960307,773.60000000000002,0.015294287191746567,773.60000000000002,0.015752015462475524,773.60000000000002,0.015846663784406974,773.60000000000002,0.015608919746022057,773.60000000000002,0.015736417351203343,773.60000000000002,0.015525418987309577,773.60000000000002,0.016089918025143472,773.60000000000002,0.015895662199164148,773.60000000000002,0.01619291642294618,773.60000000000002,0.016216313589854446,773.60000000000002,0.015767910276951246,773.60000000000002,0.015603621474530149,773.60000000000002,0.016491060756338854,773.60000000000002,0.017657867297372905,773.60000000000002,0.017196917677576869,773.60000000000002,0.017384942736281717,773.60000000000002,0.016085086001542855,773.60000000000002,0.016208429761874487,773.60000000000002,0.016088010647406389,773.60000000000002,0.015746293329264263,773.60000000000002,0.016994778023617575,773.60000000000002,0.016490509736103692,773.60000000000002,0.016588803268821579,773.60000000000002,0.016681671371531752,773.60000000000002,0.016719691767757686,773.60000000000002,0.016493349609623356,773.60000000000002,0.016327238201809039,773.60000000000002,0.016311852021396539,773.60000000000002,0.015843866297059254,773.60000000000002,0.01607567627137323,773.60000000000002,0.015371472410840688,773.60000000000002,0.01628150352229089,773.60000000000002,0.015762188143739985,773.60000000000002,0.015585056331222502,773.60000000000002,0.015201970109271554,773.60000000000002,0.016480421827183102,773.60000000000002,0.015753329433805516,773.60000000000002,0.017044793706501193,773.60000000000002,0.016142476878343213,773.60000000000002,0.015512745521900934,773.60000000000002,0.016004086026974559,773.60000000000002,0.015970600951145698,773.60000000000002,0.015551910344769123,773.60000000000002,0.015787619846901146,773.60000000000002,0.016537516000779909,773.60000000000002,0.015817968346006798,773.60000000000002,0.015907487941134085,773.60000000000002,0.016212371675864465,773.60000000000002,0.01566597153344693,773.60000000000002,0.015780456583844089,773.60000000000002,0.016241109500436581,773.60000000000002,0.0159611064486322,773.60000000000002,0.015991285403050108,773.60000000000002,0.016169349711350166,773.60000000000002,0.01588799030204386,773.60000000000002,0.016457448521994187,773.60000000000002,0.016871561421801753,773.60000000000002,0.016662809525020559,773.60000000000002,0.015965005976450241,773.60000000000002,0.016487839407271773
774.29999999999995,0.016497461068301082,774.29999999999995,0.015257453608334817,774.29999999999995,0.015851029560116307,774.29999999999995,0.016266371658909998,774.29999999999995,0.015558776904622637,774.29999999999995,0.015530759644973425,774.29999999999995,0.015617778455956528,774.29999999999995,0.015494477081796834,774.29999999999995,0.015671990369861735,774.29999999999995,0.015355874299568507,774.29999999999995,0.016126370133007804,774.29999999999995,0.015770199130235751,774.29999999999995,0.015965726541373144,774.29999999999995,0.016179861481990118,774.29999999999995,0.01663682680162424,774.29999999999995,0.015472224341530821,774.29999999999995,0.016854734111543451,774.29999999999995,0.017519688376863934,774.29999999999995,0.017036697947661553,774.29999999999995,0.017205225367276179,774.29999999999995,0.016254630689283924,774.29999999999995,0.01609822571484279,774.29999999999995,0.015979502047252108,774.29999999999995,0.015807329416851049,774.29999999999995,0.017312674313132083,774.29999999999995,0.016373523901562357,774.29999999999995,0.016427735815467567,774.29999999999995,0.016828327526427773,774.29999999999995,0.01629243915465018,774.29999999999995,0.016285657367140542,774.29999999999995,0.016376406161253951,774.29999999999995,0.016188084399345555,774.29999999999995,0.015864211659588182,774.29999999999995,0.015262709493654792,774.29999999999995,0.015463874265659568,774.29999999999995,0.016135695090833565,774.29999999999995,0.015633334181056769,774.29999999999995,0.015986029517730135,774.29999999999995,0.015216381407729544,774.29999999999995,0.015902274441986046,774.29999999999995,0.015560048489780693,774.29999999999995,0.016909157956308339,774.29999999999995,0.016056009087595264,774.29999999999995,0.015566152098539373,774.29999999999995,0.015909141001839561,774.29999999999995,0.015543348338038197,774.29999999999995,0.016017310512618364,774.29999999999995,0.015886803489229672,774.29999999999995,0.016623136068089146,774.29999999999995,0.01638424760306198,774.29999999999995,0.01548616939209752,774.29999999999995,0.015880911811330667,774.29999999999995,0.015576112848944161,774.29999999999995,0.015366767545755874,774.29999999999995,0.016612412366589523,774.29999999999995,0.015853445571916619,774.29999999999995,0.016341395183235418,774.29999999999995,0.016171892881666282,774.29999999999995,0.015904097047379259,774.29999999999995,0.016876223900714631,774.29999999999995,0.016605376262048274,774.29999999999995,0.016737409187626631,774.29999999999995,0.015507235319549348,774.29999999999995,0.016193679374041012
775,0.016576299348100683,775,0.01576439222468062,775,0.015914608818019208,775,0.016644456312572588,775,0.016182701355509782,775,0.015559582241889405,775,0.015781389079626663,775,0.015514822444325765,775,0.015744046862151691,775,0.016002687283300697,775,0.01619673117842035,775,0.015080152251129591,775,0.016283622830887651,775,0.016390944618227751,775,0.015891677899002227,775,0.016425065486635641,775,0.017625314717326621,775,0.016936454651034646,775,0.017156226952519008,775,0.016629621152395243,775,0.016269041987741917,775,0.016420360621550827,775,0.015966786195671524,775,0.015392792655324125,775,0.017338106016293243,775,0.016705831489534854,775,0.016435365326415916,775,0.016677432754338223,775,0.016286505090579249,775,0.016214448598289292,775,0.016493391995795286,775,0.016273704466654795,775,0.016303332400837554,775,0.016016335630663854,775,0.015808049981773948,775,0.015909352932699239,775,0.015546866390308823,775,0.015878368641014554,775,0.015402032840806016,775,0.015856497376295957,775,0.015514271424090604,775,0.016932894212592087,775,0.016135695090833565,775,0.015798428320744639,775,0.015865907106465585,775,0.015923976162016903,775,0.015936776785941357,775,0.016117384264557531,775,0.016326432864542273,775,0.016040919610386305,775,0.015543814585929485,775,0.016186092249264598,775,0.016022015377703178,775,0.015998321507591364,775,0.016482710680467607,775,0.016276459567830588,775,0.016724566177530244,775,0.016806837737256598,775,0.015918508345837256,775,0.01676686757712164,775,0.015853445571916619,775,0.01689847664098065,775,0.015942117443605196,775,0.016435280554072038
775.70000000000005,0.016575451624661976,775.70000000000005,0.015795757991912719,775.70000000000005,0.015645880487949612,775.70000000000005,0.016518993243644191,775.70000000000005,0.016067410967845853,775.70000000000005,0.015388342107270924,775.70000000000005,0.015694921288878717,775.70000000000005,0.015291871179946253,775.70000000000005,0.016587531683663521,775.70000000000005,0.016738511228096945,775.70000000000005,0.016303544331697225,775.70000000000005,0.015563354611191644,775.70000000000005,0.015958944753863502,775.70000000000005,0.016006078177055516,775.70000000000005,0.016441002687283299,775.70000000000005,0.016182616583165908,775.70000000000005,0.01740490662326323,775.70000000000005,0.016933063757279824,775.70000000000005,0.016755253766011377,775.70000000000005,0.016454142400583231,775.70000000000005,0.016359748395683389,775.70000000000005,0.016185541229029439,775.70000000000005,0.015987979281639156,775.70000000000005,0.015632698388477743,775.70000000000005,0.016877792189076233,775.70000000000005,0.017385705687376546,775.70000000000005,0.016146291633817384,775.70000000000005,0.016429049786797555,775.70000000000005,0.016455202054881615,775.70000000000005,0.015991497333909786,775.70000000000005,0.016473046633266361,775.70000000000005,0.016355085916770512,775.70000000000005,0.016360977594669517,775.70000000000005,0.01591969515865144,775.70000000000005,0.015272288768512157,775.70000000000005,0.016051770470401735,775.70000000000005,0.015777447165636681,775.70000000000005,0.015717301187660536,775.70000000000005,0.014997668760543561,775.70000000000005,0.015168145944067209,775.70000000000005,0.015715181879063775,775.70000000000005,0.016154684095860568,775.70000000000005,0.015779651246577316,775.70000000000005,0.01639522562159321,775.70000000000005,0.015514949602841568,775.70000000000005,0.016002814441816501,775.70000000000005,0.016442019955409743,775.70000000000005,0.015861371786068515,775.70000000000005,0.016378143994303301,775.70000000000005,0.016092630740147336,775.70000000000005,0.015877817620779396,775.70000000000005,0.016009765774013883,775.70000000000005,0.015849079796207286,775.70000000000005,0.015632952705509354,775.70000000000005,0.016846384035672207,775.70000000000005,0.016663869179318939,775.70000000000005,0.017110280342141179,775.70000000000005,0.017144231665861331,775.70000000000005,0.015898162983308328,775.70000000000005,0.016875376177275924,775.70000000000005,0.01572289616235599,775.70000000000005,0.016637377821859395,775.70000000000005,0.016161677814229881,775.70000000000005,0.016116536541118824
776.5,0.016297398336766612,776.5,0.016047531853208213,776.5,0.016128235124572957,776.5,0.016583420224985795,776.5,0.015816484829989066,776.5,0.015577384434102219,776.5,0.015857684189110145,776.5,0.015159626323508216,776.5,0.016244203690987852,776.5,0.016687647821774624,776.5,0.016400184803709635,776.5,0.014852114646117852,776.5,0.016420106304519216,776.5,0.01626887244305418,776.5,0.016049354458601423,776.5,0.016070717089256802,776.5,0.017366759068521486,776.5,0.016394759373701922,776.5,0.016527216160999635,776.5,0.015914990293566626,776.5,0.015885023270008389,776.5,0.016021930605359308,776.5,0.016063426667683931,776.5,0.015525037511762164,776.5,0.016629409221535565,776.5,0.017095784271339315,776.5,0.015915710858489529,776.5,0.016465501894661883,776.5,0.016512847248713582,776.5,0.016508608631520053,776.5,0.015939828590320691,776.5,0.016144850503971585,776.5,0.016611056009087598,776.5,0.015929020116477205,776.5,0.015199384552783499,776.5,0.016272178564465133,776.5,0.015841026423539583,776.5,0.015151021930605357,776.5,0.014849317158770125,776.5,0.015310563481769708,776.5,0.0157507862634894,776.5,0.016390351211820656,776.5,0.016308630672329461,776.5,0.016513906903011959,776.5,0.015571747073234828,776.5,0.015577257275586412,776.5,0.015657875774607293,776.5,0.015959707704958335,776.5,0.01597377991404084,776.5,0.016087544399515104,776.5,0.016233013741596941,776.5,0.016119122097606874,776.5,0.016311089070301706,776.5,0.016490848825479177,776.5,0.016281800225494435,776.5,0.016711341691886442,776.5,0.017084000915541315,776.5,0.017125581750209808,776.5,0.015770156744063821,776.5,0.016521875503335792,776.5,0.015366004594661037,776.5,0.016947644600425558,776.5,0.016094707662572164,776.5,0.01593681917211329
777.20000000000005,0.015699753312479338,777.20000000000005,0.016332366928613212,777.20000000000005,0.015993447097818806,777.20000000000005,0.017035256817815751,777.20000000000005,0.015652874206318935,777.20000000000005,0.015288310741503691,777.20000000000005,0.015851750125039202,777.20000000000005,0.015032467807702414,777.20000000000005,0.016054313640717851,777.20000000000005,0.01620105456795775,777.20000000000005,0.016456134550664192,777.20000000000005,0.015288692217051108,777.20000000000005,0.016001330925798769,777.20000000000005,0.016111195883454985,777.20000000000005,0.01653764315929571,777.20000000000005,0.015811313717012963,777.20000000000005,0.016609742037757599,777.20000000000005,0.016254037282876832,777.20000000000005,0.01674169019099209,777.20000000000005,0.016027737510914439,777.20000000000005,0.015631553961835493,777.20000000000005,0.015897315259869621,777.20000000000005,0.015937115875316835,777.20000000000005,0.015580139535278009,777.20000000000005,0.016536159643277974,777.20000000000005,0.016872833006959808,777.20000000000005,0.01588180192094131,777.20000000000005,0.016195925841153581,777.20000000000005,0.016637462594203265,777.20000000000005,0.016249205259276214,777.20000000000005,0.015966955740359265,777.20000000000005,0.016159261802429575,777.20000000000005,0.016151589905309294,777.20000000000005,0.015659444062968899,777.20000000000005,0.014885726880462517,777.20000000000005,0.016194188008104238,777.20000000000005,0.015209472461704093,777.20000000000005,0.014976390902232056,777.20000000000005,0.014852708052524947,777.20000000000005,0.015131693836202879,777.20000000000005,0.015627866364877126,777.20000000000005,0.016007180217525833,777.20000000000005,0.016477327636631824,777.20000000000005,0.016435916346651067,777.20000000000005,0.015709925993743802,777.20000000000005,0.01543907835507744,777.20000000000005,0.015736714054406888,777.20000000000005,0.015531607368412132,777.20000000000005,0.01618231987996236,777.20000000000005,0.015746759577155552,777.20000000000005,0.016541585073285691,777.20000000000005,0.01623102159151598,777.20000000000005,0.015978781482329205,777.20000000000005,0.016043250849842747,777.20000000000005,0.016126666836211355,777.20000000000005,0.016692691776234919,777.20000000000005,0.01669743902749167,777.20000000000005,0.016605927282283422,777.20000000000005,0.015526012393716674,777.20000000000005,0.016588845654993512,777.20000000000005,0.015567762773072915,777.20000000000005,0.017089214414689354,777.20000000000005,0.016136246111068724,777.20000000000005,0.015716411078049896
777.89999999999998,0.015797241507930451,777.89999999999998,0.01622894466909116,777.89999999999998,0.015885786221103228,777.89999999999998,0.016994566092757894,777.89999999999998,0.015902104897298305,777.89999999999998,0.015863067232945921,777.89999999999998,0.01591872027669693,777.89999999999998,0.015136737790663171,777.89999999999998,0.01591783016708629,777.89999999999998,0.015516941752922526,777.89999999999998,0.016378143994303297,777.89999999999998,0.015360748709341064,777.89999999999998,0.01588180192094131,777.89999999999998,0.016316344955621679,777.89999999999998,0.016351144002780531,777.89999999999998,0.015217907309919213,777.89999999999998,0.016831845578698407,777.89999999999998,0.01565978315234438,777.89999999999998,0.016697608572179411,777.89999999999998,0.015555555555555557,777.89999999999998,0.015600188194603392,777.89999999999998,0.015854929087934354,777.89999999999998,0.015798936954807864,777.89999999999998,0.015769181862109308,777.89999999999998,0.016792172121766993,777.89999999999998,0.016493900629858515,777.89999999999998,0.015969117435127963,777.89999999999998,0.016168798691115011,777.89999999999998,0.016450963437688086,777.89999999999998,0.016212753151411883,777.89999999999998,0.015585480192941852,777.89999999999998,0.016221145613455067,777.89999999999998,0.016114290074006259,777.89999999999998,0.015567042208150014,777.89999999999998,0.015483371904749793,777.89999999999998,0.016131456473640043,777.89999999999998,0.014959394047286015,777.89999999999998,0.015183235421276165,777.89999999999998,0.015297762857845256,777.89999999999998,0.015468240041368904,777.89999999999998,0.015642277663335116,777.89999999999998,0.016340335528937041,777.89999999999998,0.016170451751820483,777.89999999999998,0.015923891389673032,777.89999999999998,0.016099031052109559,777.89999999999998,0.015522155252070565,777.89999999999998,0.015365411188253943,777.89999999999998,0.015607054754456907,777.89999999999998,0.016039054618821158,777.89999999999998,0.016185880318404927,777.89999999999998,0.016537346456092162,777.89999999999998,0.015883454981646786,777.89999999999998,0.015910963607232778,777.89999999999998,0.016115307342132703,777.89999999999998,0.015985097021947559,777.89999999999998,0.016319693463204561,777.89999999999998,0.016717784390020595,777.89999999999998,0.017109475004874405,777.89999999999998,0.015390376643523818,777.89999999999998,0.016604952400328915,777.89999999999998,0.015681357713859433,777.89999999999998,0.01688067444876783,777.89999999999998,0.015945508337360019,777.89999999999998,0.016044480048828871
778.60000000000002,0.01650509057924943,778.60000000000002,0.016334910098929328,778.60000000000002,0.016225723320024078,778.60000000000002,0.017309919211956289,778.60000000000002,0.016226782974322458,778.60000000000002,0.015534998262166953,778.60000000000002,0.016256961928740366,778.60000000000002,0.01533849596907505,778.60000000000002,0.016350169120826021,778.60000000000002,0.015890787789391587,778.60000000000002,0.016275569458219952,778.60000000000002,0.016246619702788165,778.60000000000002,0.015595271398658902,778.60000000000002,0.016617286776362081,778.60000000000002,0.016255351254206827,778.60000000000002,0.01578418656697439,778.60000000000002,0.016479192628196974,778.60000000000002,0.016503267973856209,778.60000000000002,0.016542475182896331,778.60000000000002,0.015956528742063193,778.60000000000002,0.016337707586277051,778.60000000000002,0.015582809864109932,778.60000000000002,0.01647626798233345,778.60000000000002,0.016070971406288409,778.60000000000002,0.017028686961165791,778.60000000000002,0.016593931995625748,778.60000000000002,0.016547264820325015,778.60000000000002,0.016445156532132958,778.60000000000002,0.017108796826123446,778.60000000000002,0.016116112679399469,778.60000000000002,0.016222120495409578,778.60000000000002,0.016873892661258192,778.60000000000002,0.016018497325432556,778.60000000000002,0.01604770139789595,778.60000000000002,0.015714800403516353,778.60000000000002,0.016044988682892093,778.60000000000002,0.015316285614980968,778.60000000000002,0.015411273026287904,778.60000000000002,0.015738579045972045,778.60000000000002,0.015531819299271806,778.60000000000002,0.016068682553003907,778.60000000000002,0.016123318328628469,778.60000000000002,0.015681315327687493,778.60000000000002,0.015745869467544905,778.60000000000002,0.015905750108084735,778.60000000000002,0.016163881895170519,778.60000000000002,0.016078346600205146,778.60000000000002,0.016169095394318558,778.60000000000002,0.016343387333316379,778.60000000000002,0.016192662105914565,778.60000000000002,0.016535651009214756,778.60000000000002,0.016058086010020088,778.60000000000002,0.015799064113323668,778.60000000000002,0.015795715605740782,778.60000000000002,0.016692946093266537,778.60000000000002,0.016206946245856748,778.60000000000002,0.01696362418724515,778.60000000000002,0.017356162525537667,778.60000000000002,0.015460737688936363,778.60000000000002,0.016855030814746992,778.60000000000002,0.016244246077159789,778.60000000000002,0.017005289794257524,778.60000000000002,0.016301552181616268,778.60000000000002,0.016035155091003114
779.39999999999998,0.016904368318879655,779.39999999999998,0.015516856980578657,779.39999999999998,0.016263023151327112,779.39999999999998,0.016908098302009952,779.39999999999998,0.015965684155201207,779.39999999999998,0.015899519340810256,779.39999999999998,0.016462958724345767,779.39999999999998,0.015423268312945581,779.39999999999998,0.016813873841797847,779.39999999999998,0.015743283911056855,779.39999999999998,0.016075506726685486,779.39999999999998,0.016218644829310885,779.39999999999998,0.015754643405135511,779.39999999999998,0.016624068563871726,779.39999999999998,0.016013750074175798,779.39999999999998,0.015810465993574257,779.39999999999998,0.016499537990725906,779.39999999999998,0.016688919406932682,779.39999999999998,0.016104202165085662,779.39999999999998,0.016269338690945472,779.39999999999998,0.016068979256207455,779.39999999999998,0.016066012224171988,779.39999999999998,0.016492374727668846,779.39999999999998,0.016327831608216135,779.39999999999998,0.017083788984681637,779.39999999999998,0.016548154929935659,779.39999999999998,0.016439603943609438,779.39999999999998,0.016222205267753448,779.39999999999998,0.016977399693124114,779.39999999999998,0.016500131397132998,779.39999999999998,0.01604409857328145,779.39999999999998,0.016778947636123191,779.39999999999998,0.01573450997346626,779.39999999999998,0.015913761094580502,779.39999999999998,0.01587078151623814,779.39999999999998,0.016082288514195124,779.39999999999998,0.015834244636029938,779.39999999999998,0.015123047057128082,779.39999999999998,0.015792833346049185,779.39999999999998,0.015702211710451584,779.39999999999998,0.01607037799988132,779.39999999999998,0.016263192696014853,779.39999999999998,0.01541173927417919,779.39999999999998,0.015783169298847943,779.39999999999998,0.016291464272695677,779.39999999999998,0.015914651204191145,779.39999999999998,0.016403872400668002,779.39999999999998,0.016151293202105746,779.39999999999998,0.015936480082737806,779.39999999999998,0.016615676101828541,779.39999999999998,0.016374583555860737,779.39999999999998,0.015629985673473883,779.39999999999998,0.015849079796207286,779.39999999999998,0.015914396887159534,779.39999999999998,0.016830277290336801,779.39999999999998,0.016303586717869158,779.39999999999998,0.016886481354322962,779.39999999999998,0.017390919186524582,779.39999999999998,0.01562180514229038,779.39999999999998,0.017384857963937843,779.39999999999998,0.016457872383713538,779.39999999999998,0.016466137687240919,779.39999999999998,0.015891254037282875,779.39999999999998,0.016479362172884721
780.10000000000002,0.016750082653035278,780.10000000000002,0.015928002848350758,780.10000000000002,0.016135016912082606,780.10000000000002,0.016359621237167582,780.10000000000002,0.015563015521816164,780.10000000000002,0.015171324906962352,780.10000000000002,0.016668955519951168,780.10000000000002,0.015714037452421521,780.10000000000002,0.01631032611920687,780.10000000000002,0.016167993353848237,780.10000000000002,0.015787280757525661,780.10000000000002,0.015632020209726781,780.10000000000002,0.015740232106677521,780.10000000000002,0.016309563168112037,780.10000000000002,0.016156167611878301,780.10000000000002,0.016136839517475819,780.10000000000002,0.016201987063740327,780.10000000000002,0.016770300857048399,780.10000000000002,0.016530607054754457,780.10000000000002,0.016327831608216135,780.10000000000002,0.015706153624441561,780.10000000000002,0.015843060959792474,780.10000000000002,0.016624619584106881,780.10000000000002,0.015907360782618278,780.10000000000002,0.017062595898714002,780.10000000000002,0.016144638573111911,780.10000000000002,0.016649839356408364,780.10000000000002,0.016279850461585411,780.10000000000002,0.017189330552800454,780.10000000000002,0.016605249103532463,780.10000000000002,0.016177191153158195,780.10000000000002,0.016282181701041849,780.10000000000002,0.015556488051338132,780.10000000000002,0.015742520959962019,780.10000000000002,0.015820765833354521,780.10000000000002,0.015843230504480221,780.10000000000002,0.015638420521689005,780.10000000000002,0.015069640480489645,780.10000000000002,0.015834371794545752,780.10000000000002,0.01580309079965752,780.10000000000002,0.015827929096411585,780.10000000000002,0.015951230470571284,780.10000000000002,0.01612721785644651,780.10000000000002,0.015657706229919546,780.10000000000002,0.016088010647406389,780.10000000000002,0.015771385943049939,780.10000000000002,0.016089367004908321,780.10000000000002,0.016158922713054094,780.10000000000002,0.015671142646423029,780.10000000000002,0.016439349626577827,780.10000000000002,0.016244034146300108,780.10000000000002,0.0160919949475683,780.10000000000002,0.015580351466137688,780.10000000000002,0.015912701440282125,780.10000000000002,0.016258063969210687,780.10000000000002,0.016149301052024785,780.10000000000002,0.016593169044530908,780.10000000000002,0.016755974330934269,780.10000000000002,0.015293736171511408,780.10000000000002,0.016571891186219406,780.10000000000002,0.015803429889033001,780.10000000000002,0.016591600756169306,780.10000000000002,0.015387706314691893,780.10000000000002,0.016079236709815793
780.79999999999995,0.01633469816806965,780.79999999999995,0.015605867941642718,780.79999999999995,0.015275425345235369,780.79999999999995,0.016030704542949907,780.79999999999995,0.015347693768385002,780.79999999999995,0.01504247094427914,780.79999999999995,0.016651153327738359,780.79999999999995,0.015961572696523488,780.79999999999995,0.015879682612344549,780.79999999999995,0.015923001280062393,780.79999999999995,0.015616888346345887,780.79999999999995,0.015282758152980172,780.79999999999995,0.015493544586014258,780.79999999999995,0.016036596220848909,780.79999999999995,0.016218899146342499,780.79999999999995,0.01548833108686622,780.79999999999995,0.016153666827734118,780.79999999999995,0.016405779778405089,780.79999999999995,0.016313589854445885,780.79999999999995,0.016568585064808457,780.79999999999995,0.015135635750192857,780.79999999999995,0.016435619643447523,780.79999999999995,0.015949831726897418,780.79999999999995,0.01561828709001975,780.79999999999995,0.016698074820070699,780.79999999999995,0.01651255054551003,780.79999999999995,0.016445538007680373,780.79999999999995,0.01597551774709019,780.79999999999995,0.016501826844010407,780.79999999999995,0.016043208463670813,780.79999999999995,0.016122089129642345,780.79999999999995,0.015479387604587879,780.79999999999995,0.015918465959665323,780.79999999999995,0.015714546086484742,780.79999999999995,0.016258191127726484,780.79999999999995,0.015637233708874817,780.79999999999995,0.015618922882598781,780.79999999999995,0.015039970160134959,780.79999999999995,0.015479175673728203,780.79999999999995,0.015847172418470199,780.79999999999995,0.015554114425709758,780.79999999999995,0.015800335698481729,780.79999999999995,0.016115349728304636,780.79999999999995,0.015728914998770802,780.79999999999995,0.016094792434916034,780.79999999999995,0.015485703144206234,780.79999999999995,0.016084280664276085,780.79999999999995,0.015301874316522978,780.79999999999995,0.015736417351203347,780.79999999999995,0.015955299543077069,780.79999999999995,0.016073641735120336,780.79999999999995,0.015640158354738344,780.79999999999995,0.015284495986029517,780.79999999999995,0.015670252536812392,780.79999999999995,0.015810465993574257,780.79999999999995,0.01615777828641184,780.79999999999995,0.016253231945610062,780.79999999999995,0.016561845663470746,780.79999999999995,0.01551753515932962,780.79999999999995,0.016853335367869586,780.79999999999995,0.015765282334291263,780.79999999999995,0.016131286928952299,780.79999999999995,0.01498842857506167,780.79999999999995,0.015984291684680789
781.5,0.016257555335147465,781.5,0.015794910268474013,781.5,0.014948204097895101,781.5,0.015457643498385085,781.5,0.015535888371777593,781.5,0.015026364198943735,781.5,0.016627417071454608,781.5,0.015786093944711477,781.5,0.015560938599391335,781.5,0.016028966709900561,781.5,0.015802539779422357,781.5,0.015230199299780442,781.5,0.015361299729576224,781.5,0.016191729610131995,781.5,0.016449479921670354,781.5,0.015298441036596222,781.5,0.01648004035163568,781.5,0.016398997990895448,781.5,0.016697608572179414,781.5,0.016061646448462655,781.5,0.015741758008867186,781.5,0.015576875800038997,781.5,0.015891338809626745,781.5,0.015374142739672608,781.5,0.016556505005806903,781.5,0.016321812771801326,781.5,0.016741393487788542,781.5,0.01657740138857099,781.5,0.016583208294126121,781.5,0.016088985529360902,781.5,0.016492544272356583,781.5,0.015853233641056941,781.5,0.016003238303535859,781.5,0.015857811347625948,781.5,0.016624407653247207,781.5,0.015532116002475352,781.5,0.015721497418682128,781.5,0.015657112823512453,781.5,0.015778422047591195,781.5,0.016132007493875198,781.5,0.015214177326788909,781.5,0.015835092359468648,781.5,0.01625352864881361,781.5,0.015662792570551781,781.5,0.015408136449564694,781.5,0.015996880377745566,781.5,0.016001203767282961,781.5,0.015562973135644226,781.5,0.016054313640717854,781.5,0.016502081161042018,781.5,0.016210972932190603,781.5,0.015974161389588258,781.5,0.015665123810008223,781.5,0.015561743936658106,781.5,0.015637530412078365,781.5,0.016115392114476573,781.5,0.01626425235031323,781.5,0.016818705865398468,781.5,0.015106389291557522,781.5,0.015761467578817086,781.5,0.015638971541924163,781.5,0.016233861465035648,781.5,0.01519103447691225,781.5,0.015755406356230343
782.20000000000005,0.016104117392741795,782.20000000000005,0.015999211617202004,782.20000000000005,0.015081296677771843,782.20000000000005,0.016157863058755707,782.20000000000005,0.015383298152810629,782.20000000000005,0.015358671786916238,782.20000000000005,0.01625526648186296,782.20000000000005,0.015563990403770675,782.20000000000005,0.015922916507718522,782.20000000000005,0.015585607351457661,782.20000000000005,0.015563481769707449,782.20000000000005,0.015569288675262583,782.20000000000005,0.015505412714156133,782.20000000000005,0.016051007519306906,782.20000000000005,0.016292651085509861,782.20000000000005,0.015347608996041132,782.20000000000005,0.01666314861439604,782.20000000000005,0.016779625814874154,782.20000000000005,0.016452616498393562,782.20000000000005,0.016248993328416537,782.20000000000005,0.015886718716885805,782.20000000000005,0.016400015259021895,782.20000000000005,0.015629392267066791,782.20000000000005,0.015385163144375777,782.20000000000005,0.017026143790849674,782.20000000000005,0.016643099955070656,782.20000000000005,0.016932978984935954,782.20000000000005,0.016801200376389207,782.20000000000005,0.016249205259276214,782.20000000000005,0.015557462933292642,782.20000000000005,0.016509498741130692,782.20000000000005,0.01646105134660868,782.20000000000005,0.016141417224044826,782.20000000000005,0.016111280655798855,782.20000000000005,0.016399760941990284,782.20000000000005,0.015882225782660662,782.20000000000005,0.015995312089383956,782.20000000000005,0.015322262065223842,782.20000000000005,0.01574196993972686,782.20000000000005,0.015803938523096223,782.20000000000005,0.015254868051846766,782.20000000000005,0.015954621364326099,782.20000000000005,0.015831362376338344,782.20000000000005,0.015820469130150977,782.20000000000005,0.015264871188423486,782.20000000000005,0.01600535761213262,782.20000000000005,0.016286038842687964,782.20000000000005,0.015428185108890076,782.20000000000005,0.016029729660995397,782.20000000000005,0.01638424760306198,782.20000000000005,0.015888838025482566,782.20000000000005,0.016106406246026293,782.20000000000005,0.015506599526970321,782.20000000000005,0.015502403295948732,782.20000000000005,0.016045285386095641,782.20000000000005,0.015943304256419384,782.20000000000005,0.016828836160490999,782.20000000000005,0.016753431160618157,782.20000000000005,0.015775243084696047,782.20000000000005,0.016141247679357085,782.20000000000005,0.015956867831438671,782.20000000000005,0.016238947805667883,782.20000000000005,0.015809024863728458,782.20000000000005,0.015999550706577485
783,0.016185498842857509,783,0.015883921229538075,783,0.015205064299822825,783,0.016064613480498122,783,0.015350236938701122,783,0.016236913269414986,783,0.015983994981477245,783,0.015394445716029603,783,0.015994973000008478,783,0.015600866373354356,783,0.015789823927841781,783,0.015429414307876197,783,0.015709714062884128,783,0.01566614107813467,783,0.015701787848732229,783,0.016012224171986132,783,0.016361359070216935,783,0.016251494112560716,783,0.017490229987368922,783,0.015598789450929526,783,0.015645965260293482,783,0.016243186422861405,783,0.015697210142163222,783,0.015596246280613414,783,0.017097352559700924,783,0.015955596246280613,783,0.016676966506446934,783,0.016818154845163316,783,0.016306850453108177,783,0.015988954163593666,783,0.016428965014453685,783,0.016718759271975112,783,0.01570314420623416,783,0.015695048447394524,783,0.015695302764426135,783,0.016312021566084283,783,0.015896976170494136,783,0.015018777074167324,783,0.016000525588531999,783,0.015766638691793188,783,0.015688902452463908,783,0.016341183252375744,783,0.015928850571789457,783,0.015610233717352049,783,0.015052092605308444,783,0.015511134847367394,783,0.016396242889719654,783,0.015844417317294406,783,0.015879682612344549,783,0.01649445165009367,783,0.015798979340979801,783,0.016494663580953344,783,0.015709205428820899,783,0.015476123869348863,783,0.016001203767282961,783,0.015791561760891124,783,0.01676864779634292,783,0.016739019862160167,783,0.015538728245297255,783,0.016142943126234495,783,0.01583733882658122,783,0.016512762476369711,783,0.015511473936742874,783,0.015997007536261369
783.70000000000005,0.016426252299449828,783.70000000000005,0.016139085984588387,783.70000000000005,0.015526351483092157,783.70000000000005,0.016294346532387274,783.70000000000005,0.014885684494290584,783.70000000000005,0.015650288649830878,783.70000000000005,0.015699159906072246,783.70000000000005,0.015641980960131564,783.70000000000005,0.015655035901087629,783.70000000000005,0.015908589981604399,783.70000000000005,0.015518552427456065,783.70000000000005,0.015632020209726778,783.70000000000005,0.015677500572213319,783.70000000000005,0.015658511567186322,783.70000000000005,0.015504268287513879,783.70000000000005,0.015680764307452338,783.70000000000005,0.015716241533362152,783.70000000000005,0.016393911650263219,783.70000000000005,0.017021438925764857,783.70000000000005,0.015875995015386182,783.70000000000005,0.015353500673940135,783.70000000000005,0.016674677653162429,783.70000000000005,0.015735357696904963,783.70000000000005,0.015614896196264929,783.70000000000005,0.017327933335028779,783.70000000000005,0.016242126768563021,783.70000000000005,0.016678661953324351,783.70000000000005,0.016801200376389207,783.70000000000005,0.016193255512321661,783.70000000000005,0.015916897671303713,783.70000000000005,0.015994082890397835,783.70000000000005,0.016396624365267079,783.70000000000005,0.0155352949653705,783.70000000000005,0.015578062612853182,783.70000000000005,0.015620703101820059,783.70000000000005,0.016139085984588391,783.70000000000005,0.015437510066715832,783.70000000000005,0.01495943643345795,783.70000000000005,0.015772487983520257,783.70000000000005,0.015382619974059663,783.70000000000005,0.015753329433805519,783.70000000000005,0.016359833168027263,783.70000000000005,0.015725396946500173,783.70000000000005,0.015344896281037274,783.70000000000005,0.015426786365216213,783.70000000000005,0.014837194713596635,783.70000000000005,0.015859633953019165,783.70000000000005,0.015384951213516102,783.70000000000005,0.015677924433932674,783.70000000000005,0.015446665479853851,783.70000000000005,0.015674363995490114,783.70000000000005,0.016776107762603524,783.70000000000005,0.01527856192195858,783.70000000000005,0.01529979739409815,783.70000000000005,0.01619109381755296,783.70000000000005,0.0152812322507905,783.70000000000005,0.016858506480845688,783.70000000000005,0.016183761009808163,783.70000000000005,0.016095682544526674,783.70000000000005,0.016566804845587174,783.70000000000005,0.016055203750328491,783.70000000000005,0.016505132965421363,783.70000000000005,0.015224943414460464,783.70000000000005,0.015861371786068515
784.39999999999998,0.016198214694438086,784.39999999999998,0.015624517857294238,784.39999999999998,0.015600951145698228,784.39999999999998,0.015858616684892721,784.39999999999998,0.015426532048184604,784.39999999999998,0.01581050837974619,784.39999999999998,0.015968735959580548,784.39999999999998,0.015923425141781748,784.39999999999998,0.01554737502437205,784.39999999999998,0.016051855242745605,784.39999999999998,0.015671142646423032,784.39999999999998,0.015294626281122044,784.39999999999998,0.015107830421403321,784.39999999999998,0.016058637030255254,784.39999999999998,0.01552969999067504,784.39999999999998,0.015832506802980595,784.39999999999998,0.015714546086484746,784.39999999999998,0.016400693437772861,784.39999999999998,0.017208785805718739,784.39999999999998,0.016270186414384172,784.39999999999998,0.015363673355204596,784.39999999999998,0.016480548985698906,784.39999999999998,0.015963395301916705,784.39999999999998,0.016029432957791849,784.39999999999998,0.016743004162322085,784.39999999999998,0.016413366903181504,784.39999999999998,0.016433669879538499,784.39999999999998,0.016744402905995943,784.39999999999998,0.01645011571424938,784.39999999999998,0.015887227350949024,784.39999999999998,0.015938133143443282,784.39999999999998,0.015938005984927478,784.39999999999998,0.01605579715673559,784.39999999999998,0.01544327458609903,784.39999999999998,0.016023371735205103,784.39999999999998,0.015943261870247454,784.39999999999998,0.015651136373269581,784.39999999999998,0.01521121029475344,784.39999999999998,0.015979332502564367,784.39999999999998,0.015732729754244976,784.39999999999998,0.015744852199418465,784.39999999999998,0.016662470435645078,784.39999999999998,0.015395632528843788,784.39999999999998,0.015257580766850623,784.39999999999998,0.015328450446326391,784.39999999999998,0.0145777913413528,784.39999999999998,0.015651093987097648,784.39999999999998,0.015124700117833557,784.39999999999998,0.015896637081118659,784.39999999999998,0.015572976272220949,784.39999999999998,0.016002432966269086,784.39999999999998,0.01617422412112272,784.39999999999998,0.015582894636453805,784.39999999999998,0.015403219653620202,784.39999999999998,0.016398786060035777,784.39999999999998,0.01598908132210947,784.39999999999998,0.016526198892873191,784.39999999999998,0.016528784449361237,784.39999999999998,0.015938005984927478,784.39999999999998,0.016866051219450166,784.39999999999998,0.016343429719488312,784.39999999999998,0.016509371582614885,784.39999999999998,0.014706136669972785,784.39999999999998,0.01558586166848927
785.10000000000002,0.016366063935301749,785.10000000000002,0.01568046760424879,785.10000000000002,0.015687418936446176,785.10000000000002,0.015678899315887184,785.10000000000002,0.015285809957359515,785.10000000000002,0.01525948814458771,785.10000000000002,0.016051812856573672,785.10000000000002,0.016193001195290043,785.10000000000002,0.015354094080347226,785.10000000000002,0.015850944787772436,785.10000000000002,0.01553805006654629,785.10000000000002,0.015391266753134457,785.10000000000002,0.015040012546306892,785.10000000000002,0.015929783067572034,785.10000000000002,0.015953561710027715,785.10000000000002,0.015480701575917872,785.10000000000002,0.016069742207302288,785.10000000000002,0.016916109288505721,785.10000000000002,0.016406839432703473,785.10000000000002,0.01661520985393725,785.10000000000002,0.015705305901002858,785.10000000000002,0.016400015259021895,785.10000000000002,0.015938811322194251,785.10000000000002,0.016066732789094887,785.10000000000002,0.016719267906038334,785.10000000000002,0.016876223900714631,785.10000000000002,0.016075930588404837,785.10000000000002,0.016593508133906393,785.10000000000002,0.016350932071920857,785.10000000000002,0.016034731229283755,785.10000000000002,0.016035621338894395,785.10000000000002,0.016017691988165779,785.10000000000002,0.015705687376550276,785.10000000000002,0.015792536642845637,785.10000000000002,0.016127641718165865,785.10000000000002,0.015509227469630307,785.10000000000002,0.015431576002644897,785.10000000000002,0.015295982638623973,785.10000000000002,0.015863194391461732,785.10000000000002,0.01589803582479252,785.10000000000002,0.015522748658477659,785.10000000000002,0.01613433873333164,785.10000000000002,0.015390546188211559,785.10000000000002,0.015296576045031068,785.10000000000002,0.015432720429287148,785.10000000000002,0.014972830463789494,785.10000000000002,0.015666353008994344,785.10000000000002,0.014990759814518114,785.10000000000002,0.016067877215737141,785.10000000000002,0.015619601061349743,785.10000000000002,0.016148241397726405,785.10000000000002,0.015785966786195666,785.10000000000002,0.015615955850563313,785.10000000000002,0.015523596381916364,785.10000000000002,0.016115646431508184,785.10000000000002,0.016188296330205233,785.10000000000002,0.016486355891254037,785.10000000000002,0.016524545832167715,785.10000000000002,0.016079575799191271,785.10000000000002,0.016548154929935659,785.10000000000002,0.016027228876851221,785.10000000000002,0.016573798563956497,785.10000000000002,0.015329213397421224,785.10000000000002,0.015853742275120167
785.89999999999998,0.015656519417105361,785.89999999999998,0.015434627807024237,785.89999999999998,0.01559332163474988,785.89999999999998,0.015923891389673032,785.89999999999998,0.015568101862448398,785.89999999999998,0.015779142612514091,785.89999999999998,0.016484151810313406,785.89999999999998,0.016140442342090312,785.89999999999998,0.015991582106253652,785.89999999999998,0.015880615108127123,785.89999999999998,0.015793214821596603,785.89999999999998,0.015181879063774233,785.89999999999998,0.014996778650932919,785.89999999999998,0.015912828598797932,785.89999999999998,0.016023075032001559,785.89999999999998,0.015778252502903451,785.89999999999998,0.016452913201597114,785.89999999999998,0.016272687198528354,785.89999999999998,0.016500936734399767,785.89999999999998,0.016665225536820864,785.89999999999998,0.015927409441943662,785.89999999999998,0.016728084229800867,785.89999999999998,0.015796393784491748,785.89999999999998,0.015795461288709171,785.89999999999998,0.016620931987148511,785.89999999999998,0.016775344811508695,785.89999999999998,0.015698693658180954,785.89999999999998,0.016206946245856748,785.89999999999998,0.015752439324194872,785.89999999999998,0.015476929206615633,785.89999999999998,0.016378949331570063,785.89999999999998,0.015749811381534889,785.89999999999998,0.015875232064291346,785.89999999999998,0.016042615057263721,785.89999999999998,0.015791095512999835,785.89999999999998,0.015922068784279816,785.89999999999998,0.016017352898790298,785.89999999999998,0.014921288878716207,785.89999999999998,0.015767401642888028,785.89999999999998,0.016007392148385511,785.89999999999998,0.01516670481422141,785.89999999999998,0.016297949357001771,785.89999999999998,0.014939557318820308,785.89999999999998,0.01565601078304214,785.89999999999998,0.015275043869687954,785.89999999999998,0.014821935691699938,785.89999999999998,0.015892695167128674,785.89999999999998,0.01523236099454914,785.89999999999998,0.015904266592067003,785.89999999999998,0.015643337317633496,785.89999999999998,0.016350847299576983,785.89999999999998,0.015440095623203882,785.89999999999998,0.015404872714325678,785.89999999999998,0.015465951188084399,785.89999999999998,0.015901172401515729,785.89999999999998,0.016632503412086837,785.89999999999998,0.016470249145918634,785.89999999999998,0.016605079558844719,785.89999999999998,0.015932071920856539,785.89999999999998,0.016419300967252439,785.89999999999998,0.016137432923882915,785.89999999999998,0.016582275798343551,785.89999999999998,0.015086764493951493,785.89999999999998,0.015858828615752399
786.60000000000002,0.016171087544399516,786.60000000000002,0.01527356035367022,786.60000000000002,0.016066351313547472,786.60000000000002,0.015521222756287988,786.60000000000002,0.015232403380721078,786.60000000000002,0.015328153743122843,786.60000000000002,0.016377338657036531,786.60000000000002,0.015926816035536563,786.60000000000002,0.015804235226299774,786.60000000000002,0.015812797233030699,786.60000000000002,0.016067029492298431,786.60000000000002,0.015453998287598655,786.60000000000002,0.015330781685782831,786.60000000000002,0.015681400100031367,786.60000000000002,0.015731458169086915,786.60000000000002,0.015948644914083227,786.60000000000002,0.01599344709781881,786.60000000000002,0.0154419182285971,786.60000000000002,0.016784076362927357,786.60000000000002,0.016326983884777428,786.60000000000002,0.01620122411264549,786.60000000000002,0.015868492662953641,786.60000000000002,0.015767571187575765,786.60000000000002,0.015597094004052119,786.60000000000002,0.016503098429168469,786.60000000000002,0.016412519179742801,786.60000000000002,0.015655459762806984,786.60000000000002,0.01583225248594898,786.60000000000002,0.015756677941388401,786.60000000000002,0.016116960402838176,786.60000000000002,0.015883031119927435,786.60000000000002,0.015934615091172655,786.60000000000002,0.015285216550952418,786.60000000000002,0.016424938328119837,786.60000000000002,0.015165475615235286,786.60000000000002,0.015868662207641378,786.60000000000002,0.015748624568720698,786.60000000000002,0.015357866449649466,786.60000000000002,0.01528080838907115,786.60000000000002,0.015767486415231895,786.60000000000002,0.015270974797182169,786.60000000000002,0.015793553910972084,786.60000000000002,0.01561688834634589,786.60000000000002,0.01543475496554004,786.60000000000002,0.015517492773157684,786.60000000000002,0.014827022032332172,786.60000000000002,0.016002899214160368,786.60000000000002,0.015380712596322576,786.60000000000002,0.015432932360146825,786.60000000000002,0.016283368513856041,786.60000000000002,0.016044819138204353,786.60000000000002,0.016029263413104105,786.60000000000002,0.015503208633215498,786.60000000000002,0.015792324711985963,786.60000000000002,0.015740952671600417,786.60000000000002,0.016290023142849875,786.60000000000002,0.016299856734738858,786.60000000000002,0.016381280571026509,786.60000000000002,0.015745572764341364,786.60000000000002,0.016059018505802665,786.60000000000002,0.015523681154260236,786.60000000000002,0.016648398226562569,786.60000000000002,0.015329213397421224,786.60000000000002,0.016128404669260701
787.29999999999995,0.015839627679865725,787.29999999999995,0.015397327975721201,787.29999999999995,0.016081610335444165,787.29999999999995,0.016386748387206156,787.29999999999995,0.015997897645872013,787.29999999999995,0.01562485694666972,787.29999999999995,0.016655391944931885,787.29999999999995,0.016165874045251476,787.29999999999995,0.016561252257063657,787.29999999999995,0.016249374803963951,787.29999999999995,0.015913591549892761,787.29999999999995,0.015938896094538118,787.29999999999995,0.015579164653323499,787.29999999999995,0.016055246136500431,787.29999999999995,0.0156178632283004,787.29999999999995,0.01597746751099921,787.29999999999995,0.015940888244619075,787.29999999999995,0.015783550774395361,787.29999999999995,0.016905300814662221,787.29999999999995,0.016362588269203057,787.29999999999995,0.016670015174249549,787.29999999999995,0.016251663657248457,787.29999999999995,0.016018497325432549,787.29999999999995,0.015264786416079618,787.29999999999995,0.01684981731559896,787.29999999999995,0.016913523732017668,787.29999999999995,0.016362461110687249,787.29999999999995,0.015911938489187288,787.29999999999995,0.016369581987572376,787.29999999999995,0.015827038986800941,787.29999999999995,0.016021210040436409,787.29999999999995,0.016305070233886897,787.29999999999995,0.01613972177716742,787.29999999999995,0.017243839169909209,787.29999999999995,0.015183277807448096,787.29999999999995,0.016180624433084947,787.29999999999995,0.015898671617371549,787.29999999999995,0.015362105066842994,787.29999999999995,0.015559709400405212,787.29999999999995,0.016110814407907566,787.29999999999995,0.01537694022702034,787.29999999999995,0.016030068750370875,787.29999999999995,0.015803387502861071,787.29999999999995,0.015543263565694328,787.29999999999995,0.015735357696904963,787.29999999999995,0.015142375151530564,787.29999999999995,0.015807075099819438,787.29999999999995,0.015528216474657309,787.29999999999995,0.015365962208489101,787.29999999999995,0.01620368251061774,787.29999999999995,0.016121961971126537,787.29999999999995,0.016534506582572498,787.29999999999995,0.015613412680247197,787.29999999999995,0.015900833312140247,787.29999999999995,0.016186855200359434,787.29999999999995,0.016433288403991081,787.29999999999995,0.016810186244839483,787.29999999999995,0.016154938412892176,787.29999999999995,0.015953265006824174,787.29999999999995,0.016355721709349538,787.29999999999995,0.016000949450251354,787.29999999999995,0.016533955562337346,787.29999999999995,0.015308868034892295,787.29999999999995,0.015835940082907351
788,0.016027822283258313,788,0.014951425446962183,788,0.016467324500055103,788,0.015749260361299727,788,0.015939404728601343,788,0.015516348346515434,788,0.016569771877622642,788,0.016112467468613039,788,0.016340844163000263,788,0.01597640785670083,788,0.015683010774564906,788,0.015980434543034678,788,0.015719039020709882,788,0.015799233658011416,788,0.015399150581114416,788,0.015620575943304255,788,0.015832379644464791,788,0.016115858362367858,788,0.016906148538100928,788,0.016064189618778771,788,0.016567440638166203,788,0.01569047074082551,788,0.016311809635224606,788,0.015831065673134796,788,0.016462407704110608,788,0.016983037053991505,788,0.016502335478073633,788,0.01604503106906403,788,0.016445877097055854,788,0.016356018412553085,788,0.015878792502733906,788,0.016739104634504041,788,0.016379627510321036,788,0.016904749794427066,788,0.015134957571441893,788,0.015738112798080753,788,0.01547650534489628,788,0.015984334070852726,788,0.01547069843934115,788,0.015694582199503235,788,0.015945762654391633,788,0.015877478531403911,788,0.016330671481735799,788,0.015665335740867897,788,0.015993913345710098,788,0.015507743953612575,788,0.015787577460729212,788,0.015647745479514766,788,0.015504141128998075,788,0.016839475089646755,788,0.016007519306901315,788,0.016411586683960221,788,0.015831277603994474,788,0.015751633986928106,788,0.01595118808439935,788,0.016472283682171528,788,0.016283749989403459,788,0.016371107889762041,788,0.016315242915151365,788,0.016580368420606457,788,0.015428736129125235,788,0.016311852021396542,788,0.015987046785856579,788,0.016133491009892933
788.70000000000005,0.01574892127192425,788.70000000000005,0.01558213168535897,788.70000000000005,0.015945974585251307,788.70000000000005,0.01624178767918754,788.70000000000005,0.015368039130913931,788.70000000000005,0.015448530471419007,788.70000000000005,0.01634003882573349,788.70000000000005,0.015944618227749376,788.70000000000005,0.016489195764773701,788.70000000000005,0.015967082898875069,788.70000000000005,0.015253214991141292,788.70000000000005,0.015892271305409322,788.70000000000005,0.015803811364580419,788.70000000000005,0.015891635512830297,788.70000000000005,0.015077863397845087,788.70000000000005,0.015144155370751845,788.70000000000005,0.015973949458728584,788.70000000000005,0.016616015191204023,788.70000000000005,0.016139806549511287,788.70000000000005,0.016238820647152079,788.70000000000005,0.016305494095606249,788.70000000000005,0.016244034146300112,788.70000000000005,0.015778591592278939,788.70000000000005,0.015219857073828233,788.70000000000005,0.016395437552452891,788.70000000000005,0.016958453074269051,788.70000000000005,0.01600980816018582,788.70000000000005,0.01586277052974238,788.70000000000005,0.016386536456346482,788.70000000000005,0.015813475411781658,788.70000000000005,0.01640946737536346,788.70000000000005,0.016820486084619755,788.70000000000005,0.016453379449488405,788.70000000000005,0.016499537990725902,788.70000000000005,0.015011189949390909,788.70000000000005,0.015518552427456067,788.70000000000005,0.015191670269491281,788.70000000000005,0.01542144570755237,788.70000000000005,0.015272331154684099,788.70000000000005,0.015723404796419219,788.70000000000005,0.015849122182379223,788.70000000000005,0.016018200622229004,788.70000000000005,0.015910200656137942,788.70000000000005,0.015886591558369998,788.70000000000005,0.015935420428439425,788.70000000000005,0.015852767393165657,788.70000000000005,0.015088205623797292,788.70000000000005,0.015590948009121506,788.70000000000005,0.015599933877571781,788.70000000000005,0.015416995159499168,788.70000000000005,0.016375431279299444,788.70000000000005,0.016155574205471205,788.70000000000005,0.015676144214711391,788.70000000000005,0.015540550850690473,788.70000000000005,0.015601926027652743,788.70000000000005,0.016401922636758982,788.70000000000005,0.016265947797190643,788.70000000000005,0.016316005866246194,788.70000000000005,0.016992573942676944,788.70000000000005,0.016721090511431551,788.70000000000005,0.015599976263743716,788.70000000000005,0.016075337181997745,788.70000000000005,0.016026889787475733,788.70000000000005,0.015512109729321906
789.5,0.015691276078092283,789.5,0.015511770639946423,789.5,0.016252002746623941,789.5,0.015546654459449149,789.5,0.015028102031993085,789.5,0.015274747166484408,789.5,0.016054356026889784,789.5,0.015694539813331299,789.5,0.016150954112730258,789.5,0.015528809881064403,789.5,0.015482100319591737,789.5,0.015363291879657182,789.5,0.015508803607910956,789.5,0.01597640785670083,789.5,0.015010893246187361,789.5,0.01484575672032756,789.5,0.015880699880470996,789.5,0.015912404737078573,789.5,0.015800717174029144,789.5,0.016278663648771226,789.5,0.016062197468697813,789.5,0.015974458092791809,789.5,0.015596331052957288,789.5,0.015623373430651984,789.5,0.015835940082907351,789.5,0.016524418673651908,789.5,0.015559667014233279,789.5,0.015842425167213448,789.5,0.016278027856192194,789.5,0.015703271364749964,789.5,0.016045794020158863,789.5,0.015910031111450198,789.5,0.015943049939387773,789.5,0.016205377957495146,789.5,0.014579698719089882,789.5,0.015914439273331468,789.5,0.015273899443045701,789.5,0.015627442503157767,789.5,0.015122284106033248,789.5,0.015399574442833771,789.5,0.015526139552232483,789.5,0.015860524062629808,789.5,0.015336291888134415,789.5,0.015856921238015308,789.5,0.016138874053728713,789.5,0.015556911913057485,789.5,0.015001737833049348,789.5,0.015614684265405255,789.5,0.01569487890270678,789.5,0.015846790942922781,789.5,0.016357629087086628,789.5,0.015841916533150223,789.5,0.015459974737841525,789.5,0.015557505319464579,789.5,0.015238252672448143,789.5,0.015871247764129431,789.5,0.015408051677220822,789.5,0.016533023066554766,789.5,0.016519544263879353,789.5,0.016508311928316508,789.5,0.015737307460813987,789.5,0.016097377991404087,789.5,0.015684409518238768,789.5,0.015443444130786773
790.20000000000005,0.016046472198909832,790.20000000000005,0.016171299475259193,790.20000000000005,0.015762866322490951,790.20000000000005,0.015751803531615847,790.20000000000005,0.014757678255046074,790.20000000000005,0.015345108211896953,790.20000000000005,0.016227291608385676,790.20000000000005,0.015698778430524824,790.20000000000005,0.016025491043801868,790.20000000000005,0.015334681213600876,790.20000000000005,0.015598238430694369,790.20000000000005,0.015275128642031826,790.20000000000005,0.015653764315929571,790.20000000000005,0.016396030958859983,790.20000000000005,0.015101599654128836,790.20000000000005,0.015079728389410239,790.20000000000005,0.016055330908844298,790.20000000000005,0.016047192763832725,790.20000000000005,0.015554029653365886,790.20000000000005,0.016357501928570824,790.20000000000005,0.016046938446801114,790.20000000000005,0.016310156574519126,790.20000000000005,0.015583615201376706,790.20000000000005,0.015251222841060333,790.20000000000005,0.015922407873655297,790.20000000000005,0.016366742114052708,790.20000000000005,0.015796181853632071,790.20000000000005,0.015743241524884922,790.20000000000005,0.016261921110856795,790.20000000000005,0.015430304417486837,790.20000000000005,0.016026296381068637,790.20000000000005,0.015912574281766317,790.20000000000005,0.015798936954807864,790.20000000000005,0.016016335630663851,790.20000000000005,0.014466103778303365,790.20000000000005,0.015877987165467136,790.20000000000005,0.014883098937802533,790.20000000000005,0.015020472521044735,790.20000000000005,0.015608029636411417,790.20000000000005,0.016069275959411003,790.20000000000005,0.015523596381916367,790.20000000000005,0.016017352898790301,790.20000000000005,0.015258301331773524,790.20000000000005,0.015645838101777675,790.20000000000005,0.015716707781253444,790.20000000000005,0.01553826199740597,790.20000000000005,0.015156871222332427,790.20000000000005,0.015413773810432086,790.20000000000005,0.015541440960301111,790.20000000000005,0.015327136474996398,790.20000000000005,0.016653484567194794,790.20000000000005,0.016212371675864468,790.20000000000005,0.015710053152259609,790.20000000000005,0.016326390478370336,790.20000000000005,0.015832506802980595,790.20000000000005,0.015569458219950321,790.20000000000005,0.015610657579071402,790.20000000000005,0.015835346676500259,790.20000000000005,0.016137220993023234,790.20000000000005,0.01649983469392945,790.20000000000005,0.016201859905224523,790.20000000000005,0.016400015259021898,790.20000000000005,0.015754770563651314,790.20000000000005,0.015256097250832887
790.89999999999998,0.015824368657969028,790.89999999999998,0.01643578918813526,790.89999999999998,0.015749302747471668,790.89999999999998,0.015709417359680577,790.89999999999998,0.015641006078177058,790.89999999999998,0.015667243118604988,790.89999999999998,0.016627417071454608,790.89999999999998,0.015808982477556521,790.89999999999998,0.016399337080270932,790.89999999999998,0.015454210218458329,790.89999999999998,0.015562634046268746,790.89999999999998,0.015658299636326645,790.89999999999998,0.0158004204708256,790.89999999999998,0.016389249171350342,790.89999999999998,0.015657706229919549,790.89999999999998,0.015403558742995682,790.89999999999998,0.016065503590108766,790.89999999999998,0.015980222612175004,790.89999999999998,0.015470105032934056,790.89999999999998,0.016162525537668591,790.89999999999998,0.01613171079067165,790.89999999999998,0.016044819138204349,790.89999999999998,0.015851495808007598,790.89999999999998,0.015782745437128591,790.89999999999998,0.016087713944202844,790.89999999999998,0.016415062350058914,790.89999999999998,0.016248018446462027,790.89999999999998,0.015741546078007512,790.89999999999998,0.016041513016793397,790.89999999999998,0.015665123810008223,790.89999999999998,0.015871162991785558,790.89999999999998,0.016159261802429575,790.89999999999998,0.015605656010783042,790.89999999999998,0.01606211269635394,790.89999999999998,0.015050185227571357,790.89999999999998,0.015521095597772181,790.89999999999998,0.015257792697710298,790.89999999999998,0.014917897984961388,790.89999999999998,0.015932707713435568,790.89999999999998,0.016104032620397921,790.89999999999998,0.015569373447606456,790.89999999999998,0.016186897586531371,790.89999999999998,0.015445648211727406,790.89999999999998,0.015916261878724684,790.89999999999998,0.015655671693666658,790.89999999999998,0.015482312250451416,790.89999999999998,0.015865568017090104,790.89999999999998,0.015496002983986507,790.89999999999998,0.016153497283046381,790.89999999999998,0.016075676271373227,790.89999999999998,0.0163211769792223,790.89999999999998,0.016194569483651649,790.89999999999998,0.015749048430440053,790.89999999999998,0.016221272771970874,790.89999999999998,0.015942710850012292,790.89999999999998,0.01591872027669693,790.89999999999998,0.015317345269279348,790.89999999999998,0.015983698278273693,790.89999999999998,0.015379356238820649,790.89999999999998,0.01626077668421454,790.89999999999998,0.016655391944931885,790.89999999999998,0.016544128243601807,790.89999999999998,0.015590312216542475,790.89999999999998,0.01585458999855887
791.60000000000002,0.015753159889117775,791.60000000000002,0.016511236574180039,791.60000000000002,0.015436492798589387,791.60000000000002,0.015665335740867901,791.60000000000002,0.015199342166611566,791.60000000000002,0.015745233674965879,791.60000000000002,0.016174732755185949,791.60000000000002,0.016107381127980804,791.60000000000002,0.016032272831311513,791.60000000000002,0.015532200774819222,791.60000000000002,0.015467689021133742,791.60000000000002,0.015821062536558073,791.60000000000002,0.016353983876300195,791.60000000000002,0.016410442257317973,791.60000000000002,0.015717046870628925,791.60000000000002,0.015755363970058407,791.60000000000002,0.016477497181319568,791.60000000000002,0.016398997990895448,791.60000000000002,0.015758331002093881,791.60000000000002,0.015640327899426092,791.60000000000002,0.016028288531149598,791.60000000000002,0.015947330942753236,791.60000000000002,0.016147351288115768,791.60000000000002,0.015438569721014215,791.60000000000002,0.01626149724913744,791.60000000000002,0.016101404677737935,791.60000000000002,0.016490467349931759,791.60000000000002,0.015916177106380814,791.60000000000002,0.015723616727278889,791.60000000000002,0.01588807507438773,791.60000000000002,0.015953392165339978,791.60000000000002,0.016580580351466138,791.60000000000002,0.015476802048099828,791.60000000000002,0.015194891618558359,791.60000000000002,0.015763120639522558,791.60000000000002,0.015165051753515933,791.60000000000002,0.015028907369259851,791.60000000000002,0.015427379771623305,791.60000000000002,0.015590227444198607,791.60000000000002,0.016059103278146539,791.60000000000002,0.015876249332417793,791.60000000000002,0.016442062341581687,791.60000000000002,0.016203512965929992,791.60000000000002,0.016398616515348029,791.60000000000002,0.015486127005925587,791.60000000000002,0.015587429956850878,791.60000000000002,0.016115646431508184,791.60000000000002,0.015706238396785435,791.60000000000002,0.015990734382814949,791.60000000000002,0.015915456541457915,791.60000000000002,0.016216059272822839,791.60000000000002,0.016688792248416875,791.60000000000002,0.015877902393123269,791.60000000000002,0.016226359112603103,791.60000000000002,0.01613260090028229,791.60000000000002,0.016178123648940768,791.60000000000002,0.016141332451700956,791.60000000000002,0.01579974229207463,791.60000000000002,0.015764222679992883,791.60000000000002,0.015859803497706906,791.60000000000002,0.01635360240075278,791.60000000000002,0.016761145443910382,791.60000000000002,0.016302399905054974,791.60000000000002,0.016068216305112619
792.39999999999998,0.015132626331985453,792.39999999999998,0.016524800149199326,792.39999999999998,0.015194891618558363,792.39999999999998,0.015952713986589012,792.39999999999998,0.015327348405856077,792.39999999999998,0.015486678026160744,792.39999999999998,0.016137432923882911,792.39999999999998,0.016185371684341698,792.39999999999998,0.016906275696616735,792.39999999999998,0.015690725057857124,792.39999999999998,0.01547531853208209,792.39999999999998,0.016085552249434146,792.39999999999998,0.016381958749777475,792.39999999999998,0.016179861481990118,792.39999999999998,0.015756889872248075,792.39999999999998,0.015590905622949567,792.39999999999998,0.016037528716631489,792.39999999999998,0.016354916372082775,792.39999999999998,0.015770199130235751,792.39999999999998,0.016009087595262924,792.39999999999998,0.015757864754202593,792.39999999999998,0.016175368547764978,792.39999999999998,0.015953222620652241,792.39999999999998,0.015531819299271806,792.39999999999998,0.016497164365097527,792.39999999999998,0.016311640090536865,792.39999999999998,0.015941990285089393,792.39999999999998,0.015688139501369072,792.39999999999998,0.0164365521392301,792.39999999999998,0.015957588396361567,792.39999999999998,0.016542559955240201,792.39999999999998,0.016208429761874487,792.39999999999998,0.015887100192433223,792.39999999999998,0.015588235294117646,792.39999999999998,0.01559696684553631,792.39999999999998,0.015590608919746021,792.39999999999998,0.014625391012436102,792.39999999999998,0.015304459873011029,792.39999999999998,0.015446114459618696,792.39999999999998,0.015623373430651986,792.39999999999998,0.015582937022625738,792.39999999999998,0.016158922713054094,792.39999999999998,0.016373057653671065,792.39999999999998,0.016276544340174458,792.39999999999998,0.015691276078092283,792.39999999999998,0.01599179403711333,792.39999999999998,0.015721455032510191,792.39999999999998,0.015656222713901817,792.39999999999998,0.015734721904325934,792.39999999999998,0.015843400049167958,792.39999999999998,0.016282181701041853,792.39999999999998,0.016631994778023611,792.39999999999998,0.015508294973847732,792.39999999999998,0.01594406720751422,792.39999999999998,0.016225850478539881,792.39999999999998,0.015934827022032329,792.39999999999998,0.016647423344608055,792.39999999999998,0.016331264888142887,792.39999999999998,0.015381051685698059,792.39999999999998,0.01540796690487695,792.39999999999998,0.016512974407229389,792.39999999999998,0.016651789120317388,792.39999999999998,0.016022651170282207,792.39999999999998,0.015685893034256503
793.10000000000002,0.01570314420623416,793.10000000000002,0.015469384468011155,793.10000000000002,0.01538308622195095,793.10000000000002,0.016136669972788079,793.10000000000002,0.014966218220967593,793.10000000000002,0.015399362511974093,793.10000000000002,0.015939065639225859,793.10000000000002,0.015914100183955983,793.10000000000002,0.016470545849122182,793.10000000000002,0.016048464348990786,793.10000000000002,0.015630451921365175,793.10000000000002,0.015860905538177223,793.10000000000002,0.016677814229885644,793.10000000000002,0.016273111060247706,793.10000000000002,0.015530547714113746,793.10000000000002,0.015522240024414435,793.10000000000002,0.01657922399396421,793.10000000000002,0.016100599340471165,793.10000000000002,0.016146588337020932,793.10000000000002,0.015957376465501893,793.10000000000002,0.015685808261912636,793.10000000000002,0.015922746963030782,793.10000000000002,0.016843332231292859,793.10000000000002,0.01587090867475395,793.10000000000002,0.016555657282368196,793.10000000000002,0.01624806083263396,793.10000000000002,0.01610814407907564,793.10000000000002,0.016006035790883583,793.10000000000002,0.016423836287649516,793.10000000000002,0.016113569509083357,793.10000000000002,0.016445919483227791,793.10000000000002,0.01601430109441096,793.10000000000002,0.016541542687113758,793.10000000000002,0.015271186728041845,793.10000000000002,0.015246857065350998,793.10000000000002,0.0165053025101091,793.10000000000002,0.01489581478938311,793.10000000000002,0.015314632554275493,793.10000000000002,0.015686867916211017,793.10000000000002,0.015631850665039037,793.10000000000002,0.015881335673050029,793.10000000000002,0.016102972966099541,793.10000000000002,0.01674605596670142,793.10000000000002,0.0159188050490408,793.10000000000002,0.016060883497367819,793.10000000000002,0.016144384256080294,793.10000000000002,0.015646007646465416,793.10000000000002,0.015637572798250295,793.10000000000002,0.015471079914888566,793.10000000000002,0.016153666827734121,793.10000000000002,0.016374583555860737,793.10000000000002,0.016617583479565622,793.10000000000002,0.015695641853801619,793.10000000000002,0.016075464340513552,793.10000000000002,0.016344531759958633,793.10000000000002,0.015688139501369072,793.10000000000002,0.017090782703050957,793.10000000000002,0.016015911768944496,793.10000000000002,0.015813390639437791,793.10000000000002,0.015664827106804672,793.10000000000002,0.016434983850868494,793.10000000000002,0.016745886422013686,793.10000000000002,0.015739511541754618,793.10000000000002,0.015713020184295073
793.79999999999995,0.015806566465756212,793.79999999999995,0.015407500656985665,793.79999999999995,0.015360197689105905,793.79999999999995,0.016460500326373521,793.79999999999995,0.014834821087968264,793.79999999999995,0.015441748683909361,793.79999999999995,0.016319693463204565,793.79999999999995,0.01558857438349313,793.79999999999995,0.016270483117587716,793.79999999999995,0.01603320532709409,793.79999999999995,0.015466841297695039,793.79999999999995,0.015749006044268116,793.79999999999995,0.016450624348312608,793.79999999999995,0.016185795546061057,793.79999999999995,0.015559370311029729,793.79999999999995,0.015341674931970193,793.79999999999995,0.016243525512236887,793.79999999999995,0.015964963590278308,793.79999999999995,0.016284767257529902,793.79999999999995,0.01659910310860185,793.79999999999995,0.015760407924518705,793.79999999999995,0.015813390639437791,793.79999999999995,0.016495765621423665,793.79999999999995,0.015962462806134128,793.79999999999995,0.016789628951450877,793.79999999999995,0.016337919517136729,793.79999999999995,0.016068301077456493,793.79999999999995,0.015720352992039877,793.79999999999995,0.01606864016683197,793.79999999999995,0.016011842696438711,793.79999999999995,0.016304349668963995,793.79999999999995,0.016285572594796672,793.79999999999995,0.017087476581640004,793.79999999999995,0.015894263455490283,793.79999999999995,0.014855208836669123,793.79999999999995,0.015994973000008478,793.79999999999995,0.014773742614209539,793.79999999999995,0.014628824292362858,793.79999999999995,0.015944575841577442,793.79999999999995,0.015720013902664393,793.79999999999995,0.01556683027729034,793.79999999999995,0.016297101633563071,793.79999999999995,0.016390859845883878,793.79999999999995,0.01554834990632656,793.79999999999995,0.015952374897213534,793.79999999999995,0.015835812924391547,793.79999999999995,0.015399320125802156,793.79999999999995,0.015176411247594584,793.79999999999995,0.015523638768088297,793.79999999999995,0.015975644905606001,793.79999999999995,0.016143155057094176,793.79999999999995,0.016183549078948482,793.79999999999995,0.015701575917872555,793.79999999999995,0.016119545959326229,793.79999999999995,0.016517467341454525,793.79999999999995,0.015909395318871169,793.79999999999995,0.016629621152395239,793.79999999999995,0.015933682595390079,793.79999999999995,0.015536185074981139,793.79999999999995,0.015794528792926598,793.79999999999995,0.016586726346396751,793.79999999999995,0.016079575799191274,793.79999999999995,0.015348711036511448,793.79999999999995,0.015591795732560211
794.5,0.015948136280020009,794.5,0.015190483456677093,794.5,0.015447513203292558,794.5,0.016290107915193745,794.5,0.015262921424514471,794.5,0.015533302815289538,794.5,0.015939913362664565,794.5,0.015582640319422192,794.5,0.015390546188211557,794.5,0.0161145867772098,794.5,0.015297296609953968,794.5,0.015404830328153745,794.5,0.015862304281851092,794.5,0.016066266541203598,794.5,0.015487313818739775,794.5,0.016071564812695505,794.5,0.016385095326500686,794.5,0.015830175563524153,794.5,0.016319523918516824,794.5,0.016412603952086675,794.5,0.015843484821511829,794.5,0.01514538456973797,794.5,0.016629705924739113,794.5,0.016101489450081805,794.5,0.016247085950679446,794.5,0.015990352907267531,794.5,0.016170027890101135,794.5,0.016021294812780276,794.5,0.01608559463560608,794.5,0.015795673219568849,794.5,0.015772827072895738,794.5,0.016255054551003279,794.5,0.016366063935301749,794.5,0.015339004603138272,794.5,0.015354517942066579,794.5,0.015771174012190265,794.5,0.015399362511974091,794.5,0.01530785076676585,794.5,0.015600400125463069,794.5,0.015839542907521851,794.5,0.015959326229410924,794.5,0.016372549019607847,794.5,0.016167060858065664,794.5,0.01562634046268745,794.5,0.016026126836380897,794.5,0.015790883582140165,794.5,0.015733323160652068,794.5,0.015228122377355612,794.5,0.015692335732390664,794.5,0.016541076439222466,794.5,0.01585916770512788,794.5,0.016186939972703304,794.5,0.015898247755652194,794.5,0.015716877325941188,794.5,0.01626145486296551,794.5,0.016226443884946973,794.5,0.016351567864499889,794.5,0.016075252409653872,794.5,0.015904097047379263,794.5,0.016115815976195925,794.5,0.01631121622881751,794.5,0.015907487941134085,794.5,0.015118130261183589,794.5,0.015746081398404586
795.20000000000005,0.015008858709934474,795.20000000000005,0.016076354450124192,795.20000000000005,0.015283054856183717,795.20000000000005,0.016266371658909994,795.20000000000005,0.0157427328908217,795.20000000000005,0.015331544636877666,795.20000000000005,0.016274764120953179,795.20000000000005,0.015934445546484911,795.20000000000005,0.014821723760840264,795.20000000000005,0.015928087620694621,795.20000000000005,0.015408348380424371,795.20000000000005,0.015014029822910575,795.20000000000005,0.015578316929884798,795.20000000000005,0.016235811228944668,795.20000000000005,0.015544111289133029,795.20000000000005,0.016237718606681755,795.20000000000005,0.016246068682553003,795.20000000000005,0.016236235090664023,795.20000000000005,0.016258487830930039,795.20000000000005,0.016480421827183102,795.20000000000005,0.015774819222976695,795.20000000000005,0.015605698396954977,795.20000000000005,0.016200757864754205,795.20000000000005,0.01558946449310377,795.20000000000005,0.016302187974195297,795.20000000000005,0.016172613446589181,795.20000000000005,0.01595131524291515,795.20000000000005,0.016038249281554385,795.20000000000005,0.016367886540694963,795.20000000000005,0.015975390588574383,795.20000000000005,0.016157693514067969,795.20000000000005,0.016337283724557703,795.20000000000005,0.01570653509998898,795.20000000000005,0.015749302747471664,795.20000000000005,0.015723277637903411,795.20000000000005,0.015420216508566245,795.20000000000005,0.014899205683137932,795.20000000000005,0.01505014284139942,795.20000000000005,0.015388469265786728,795.20000000000005,0.015697973093258055,795.20000000000005,0.015618541407051366,795.20000000000005,0.016377635360240075,795.20000000000005,0.015992429829692362,795.20000000000005,0.01600442511635004,795.20000000000005,0.015458999855887019,795.20000000000005,0.015255122368878379,795.20000000000005,0.015516305960343495,795.20000000000005,0.015017886964556686,795.20000000000005,0.015477013978959503,795.20000000000005,0.016191814382475862,795.20000000000005,0.016010910200656137,795.20000000000005,0.016371743682341074,795.20000000000005,0.015828734433678354,795.20000000000005,0.015517662317845429,795.20000000000005,0.016327577291184527,795.20000000000005,0.016045878792502733,795.20000000000005,0.016486355891254037,795.20000000000005,0.016452489339877755,795.20000000000005,0.015561616778142299,795.20000000000005,0.01610988191212499,795.20000000000005,0.01594839059705162,795.20000000000005,0.015982087603740158,795.20000000000005,0.015781049990251178,795.20000000000005,0.015684197587379097
796,0.015152971694514385,796,0.016107720217356292,796,0.015363588582860728,796,0.016131583632155843,796,0.016187787696142014,796,0.015560429965328111,796,0.016506192619719744,796,0.015930206929291389,796,0.015257453608334817,796,0.016023032645829622,796,0.015453277722675754,796,0.015198833532548342,796,0.01549693547976908,796,0.016024728092707035,796,0.015540720395378212,796,0.016153793986249925,796,0.015489899375227824,796,0.016284555326670225,796,0.015937200647660705,796,0.016232886583081137,796,0.015590015513338929,796,0.015938853708366181,796,0.016183803395980096,796,0.015649652857251853,796,0.016149597755228333,796,0.016318421878046503,796,0.015689368700355196,796,0.016063680984715546,796,0.016653569339538668,796,0.016044056187109516,796,0.016213643261022519,796,0.016147393674287702,796,0.015035138136534341,796,0.015376304434441308,796,0.015978442392953721,796,0.01558382713223638,796,0.015060273136491949,796,0.015605401693751427,796,0.015382535201715793,796,0.015906513059179575,796,0.015744004475979758,796,0.015777447165636685,796,0.015894941634241246,796,0.015807753278570397,796,0.015859125318955943,796,0.015611166213134629,796,0.015622271390181667,796,0.015168781736646238,796,0.015647406390139281,796,0.016485126692267916,796,0.016388147130880017,796,0.016193721760212946,796,0.015399786373693445,796,0.015352356247297883,796,0.016017310512618364,796,0.01605944236752202,796,0.016382085908293282,796,0.016739867585598874,796,0.015733704636199487,796,0.01605393216517044,796,0.015956867831438674,796,0.016321176979222304,796,0.01542839703974975,796,0.015872392190771679
796.70000000000005,0.014978340666141081,796.70000000000005,0.016328976034858389,796.70000000000005,0.016167230402753405,796.70000000000005,0.016249417190135888,796.70000000000005,0.015783423615879557,796.70000000000005,0.015989378025313021,796.70000000000005,0.016625721624577199,796.70000000000005,0.015941227333994556,796.70000000000005,0.014695412968473164,796.70000000000005,0.015722090825089224,796.70000000000005,0.015640624602629639,796.70000000000005,0.015178488170019414,796.70000000000005,0.016160702932275377,796.70000000000005,0.015975560133262127,796.70000000000005,0.015683137933080713,796.70000000000005,0.015738409501284301,796.70000000000005,0.016142646423030947,796.70000000000005,0.016499877080101387,796.70000000000005,0.016163542805795034,796.70000000000005,0.016132007493875205,796.70000000000005,0.015680721921280401,796.70000000000005,0.016442401430957165,796.70000000000005,0.015852343531446302,796.70000000000005,0.015373295016233905,796.70000000000005,0.016464950874426725,796.70000000000005,0.016413366903181504,796.70000000000005,0.01620563227452676,796.70000000000005,0.016026381153412508,796.70000000000005,0.01641874994701728,796.70000000000005,0.016207666810779651,796.70000000000005,0.016031382721700873,796.70000000000005,0.016376279002738151,796.70000000000005,0.015472563430906302,796.70000000000005,0.015677246255181711,796.70000000000005,0.015989462797656895,796.70000000000005,0.015699117519900309,796.70000000000005,0.015072988988072531,796.70000000000005,0.014877207259903529,796.70000000000005,0.015166365724845927,796.70000000000005,0.015813263480921984,796.70000000000005,0.015830472266727704,796.70000000000005,0.015755406356230347,796.70000000000005,0.016075506726685489,796.70000000000005,0.016196858336936158,796.70000000000005,0.015802327848562687,796.70000000000005,0.015578952722463825,796.70000000000005,0.015664657562116935,796.70000000000005,0.014829692361164095,796.70000000000005,0.015807626120054593,796.70000000000005,0.016133321465205193,796.70000000000005,0.016368649491789795,796.70000000000005,0.016197960377406471,796.70000000000005,0.015198875918720278,796.70000000000005,0.015716029602502481,796.70000000000005,0.015963903935979927,796.70000000000005,0.016009426684638402,796.70000000000005,0.016443121995880067,796.70000000000005,0.016399082763239318,796.70000000000005,0.015767613573747698,796.70000000000005,0.016381153412510705,796.70000000000005,0.015719505268601174,796.70000000000005,0.016665352695336675,796.70000000000005,0.015371599569356492,796.70000000000005,0.016041936878512755
797.39999999999998,0.015352186702610142,797.39999999999998,0.015789823927841781,797.39999999999998,0.016217246085637023,797.39999999999998,0.016076481608639996,797.39999999999998,0.015533345201461475,797.39999999999998,0.016353051380517618,797.39999999999998,0.016254418758424254,797.39999999999998,0.015644524130447684,797.39999999999998,0.015149792731619236,797.39999999999998,0.015300772276052659,797.39999999999998,0.015493968447733611,797.39999999999998,0.015438739265701959,797.39999999999998,0.016147139357256087,797.39999999999998,0.01541436721683918,797.39999999999998,0.015675508422132365,797.39999999999998,0.0152162118630418,797.39999999999998,0.015761170875613538,797.39999999999998,0.01638797758619228,797.39999999999998,0.015863448708493339,797.39999999999998,0.015877690462263592,797.39999999999998,0.015798555479260446,797.39999999999998,0.016556844095182387,797.39999999999998,0.015637021778015139,797.39999999999998,0.015253766011376449,797.39999999999998,0.016275908547595433,797.39999999999998,0.016253994896704899,797.39999999999998,0.016694768698659747,797.39999999999998,0.016035706111238269,797.39999999999998,0.016110178615328534,797.39999999999998,0.015976238312013089,797.39999999999998,0.015604130108593373,797.39999999999998,0.016127048311758773,797.39999999999998,0.015742987207853314,797.39999999999998,0.015718784703678275,797.39999999999998,0.015613921314310417,797.39999999999998,0.015209981095767317,797.39999999999998,0.014818671956460923,797.39999999999998,0.014750896467536429,797.39999999999998,0.015210447343658605,797.39999999999998,0.015868365504437831,797.39999999999998,0.016131414087468109,797.39999999999998,0.015329849190000258,797.39999999999998,0.015656731347965039,797.39999999999998,0.016147690377491246,797.39999999999998,0.015904902384646032,797.39999999999998,0.015957885099565122,797.39999999999998,0.015551910344769123,797.39999999999998,0.014996693878589051,797.39999999999998,0.015894093910802539,797.39999999999998,0.016229961937217603,797.39999999999998,0.016331349660486761,797.39999999999998,0.016182701355509775,797.39999999999998,0.014719064452413045,797.39999999999998,0.015660927578986631,797.39999999999998,0.015658723498045996,797.39999999999998,0.016258657375617776,797.39999999999998,0.015947203784237429,797.39999999999998,0.016075252409653875,797.39999999999998,0.016075337181997749,797.39999999999998,0.016042064037028562,797.39999999999998,0.016172189584869837,797.39999999999998,0.016077880352313861,797.39999999999998,0.014928240210913589,797.39999999999998,0.015390885277587038
798.10000000000002,0.015427634088654919,798.10000000000002,0.015770326288751559,798.10000000000002,0.016140950976153541,798.10000000000002,0.015932368624060087,798.10000000000002,0.015096767630528219,798.10000000000002,0.016220806524079583,798.10000000000002,0.015730525673304338,798.10000000000002,0.015453786356738976,798.10000000000002,0.014732712799776199,798.10000000000002,0.015242279358781991,798.10000000000002,0.015377830336630977,798.10000000000002,0.014776667260073076,798.10000000000002,0.016353136152861492,798.10000000000002,0.015875528767494894,798.10000000000002,0.015945932199079371,798.10000000000002,0.015261141205293184,798.10000000000002,0.016460542712545462,798.10000000000002,0.016164178598374063,798.10000000000002,0.015924484796080128,798.10000000000002,0.015342776972440514,798.10000000000002,0.015875698312182634,798.10000000000002,0.016367801768351096,798.10000000000002,0.015799784678246567,798.10000000000002,0.01526054779888609,798.10000000000002,0.016629409221535565,798.10000000000002,0.015915753244661462,798.10000000000002,0.016426888092028857,798.10000000000002,0.016436679297745907,798.10000000000002,0.016002517738612956,798.10000000000002,0.015871120605613624,798.10000000000002,0.01521756822054373,798.10000000000002,0.016119418800810425,798.10000000000002,0.015771809804769294,798.10000000000002,0.015645032764510906,798.10000000000002,0.015289243237286266,798.10000000000002,0.015338835058450529,798.10000000000002,0.0150204301348728,798.10000000000002,0.014271085001229198,798.10000000000002,0.015157888490458873,798.10000000000002,0.015265634139518322,798.10000000000002,0.015977976145062436,798.10000000000002,0.015740147334333651,798.10000000000002,0.016000059340640711,798.10000000000002,0.015901850580266691,798.10000000000002,0.015723489568763085,798.10000000000002,0.015285640412671771,798.10000000000002,0.015261141205293184,798.10000000000002,0.014735595059467799,798.10000000000002,0.015757610437170978,798.10000000000002,0.016268957215398047,798.10000000000002,0.016058382713223639,798.10000000000002,0.016022481625594467,798.10000000000002,0.014963208802760189,798.10000000000002,0.015385417461407388,798.10000000000002,0.016197875605062601,798.10000000000002,0.016050117409696259,798.10000000000002,0.016203216262726448,798.10000000000002,0.015791265057687579,798.10000000000002,0.015730313742444667,798.10000000000002,0.016239583598246909,798.10000000000002,0.015934827022032333,798.10000000000002,0.016142307333655469,798.10000000000002,0.015359731441214615,798.10000000000002,0.015112831989691681
798.89999999999998,0.016204996481947731,798.89999999999998,0.015948348210879683,798.89999999999998,0.015946822308690014,798.89999999999998,0.016021379585124142,798.89999999999998,0.015026406585115672,798.89999999999998,0.0160648254113578,798.89999999999998,0.015845816060968271,798.89999999999998,0.015363927672236209,798.89999999999998,0.015419368785127539,798.89999999999998,0.015770411061095429,798.89999999999998,0.015156574519128878,798.89999999999998,0.015018268440104102,798.89999999999998,0.016084407822791892,798.89999999999998,0.01614425709756449,798.89999999999998,0.015780626128531827,798.89999999999998,0.015562083026033584,798.89999999999998,0.016212159745004787,798.89999999999998,0.016422734247179199,798.89999999999998,0.015828692047506421,798.89999999999998,0.015791222671515646,798.89999999999998,0.016063045192136517,798.89999999999998,0.016228775124403412,798.89999999999998,0.016500004238617194,798.89999999999998,0.015113043920551359,798.89999999999998,0.017216881564558376,798.89999999999998,0.016454905351678067,798.89999999999998,0.016143748463501268,798.89999999999998,0.017026694811084833,798.89999999999998,0.016334825326585454,798.89999999999998,0.016276332409314781,798.89999999999998,0.015559200766341987,798.89999999999998,0.016113484736739486,798.89999999999998,0.015750616718801663,798.89999999999998,0.016032442375999253,798.89999999999998,0.015539321651704343,798.89999999999998,0.014423293744648746,798.89999999999998,0.015137415969414139,798.89999999999998,0.014624585675169334,798.89999999999998,0.015742817663165567,798.89999999999998,0.015715775285470867,798.89999999999998,0.015643125386773819,798.89999999999998,0.015677415799869455,798.89999999999998,0.016070420386053254,798.89999999999998,0.015634817697074505,798.89999999999998,0.015788764273543397,798.89999999999998,0.015539957444283378,798.89999999999998,0.015026321812771802,798.89999999999998,0.014929723726931328,798.89999999999998,0.01569318345582937,798.89999999999998,0.016167230402753408,798.89999999999998,0.016315242915151362,798.89999999999998,0.016124208438239109,798.89999999999998,0.01495557929181184,798.89999999999998,0.015137882217305425,798.89999999999998,0.016183464306604611,798.89999999999998,0.016284936802217646,798.89999999999998,0.016170155048616939,798.89999999999998,0.015932834871951376,798.89999999999998,0.015663343590786943,798.89999999999998,0.015956443969719319,798.89999999999998,0.016768139162279701,798.89999999999998,0.015989717114688506,798.89999999999998,0.015997219467121047,798.89999999999998,0.014880555767486413
799.60000000000002,0.016594949263752195,799.60000000000002,0.016096699812653117,799.60000000000002,0.016209616574688675,799.60000000000002,0.016062070310182003,799.60000000000002,0.014673753634614244,799.60000000000002,0.01637339674304655,799.60000000000002,0.016303586717869162,799.60000000000002,0.015889516204233529,799.60000000000002,0.015187940286360979,799.60000000000002,0.015757695209514845,799.60000000000002,0.014922602850046198,799.60000000000002,0.015239524257606198,799.60000000000002,0.015799572747386893,799.60000000000002,0.016424005832337257,799.60000000000002,0.015552588523520084,799.60000000000002,0.015685850648084573,799.60000000000002,0.016476649457880865,799.60000000000002,0.016073472190432588,799.60000000000002,0.016271203682510615,799.60000000000002,0.016147266515771894,799.60000000000002,0.015562888363300357,799.60000000000002,0.015943940048998417,799.60000000000002,0.016217712333528311,799.60000000000002,0.015539448810220154,799.60000000000002,0.017231292863016369,799.60000000000002,0.016632079550367489,799.60000000000002,0.01544776752032417,799.60000000000002,0.01669099632935751,799.60000000000002,0.016361104753185318,799.60000000000002,0.015815170858659067,799.60000000000002,0.015638886769580293,799.60000000000002,0.015767613573747698,799.60000000000002,0.015670082992124652,799.60000000000002,0.015730652831820145,799.60000000000002,0.015485915075065909,799.60000000000002,0.015162508583199815,799.60000000000002,0.01582491967820418,799.60000000000002,0.015228164763527546,799.60000000000002,0.015551232166018161,799.60000000000002,0.015507235319549348,799.60000000000002,0.015760958944753864,799.60000000000002,0.016382721700872308,799.60000000000002,0.016513779744496155,799.60000000000002,0.015924739113111739,799.60000000000002,0.016158371692818935,799.60000000000002,0.015561150530251013,799.60000000000002,0.015328959080389615,799.60000000000002,0.014942439578511907,799.60000000000002,0.015818646524757764,799.60000000000002,0.016387638496816802,799.60000000000002,0.015941396878682297,799.60000000000002,0.015961445538007681,799.60000000000002,0.01555237659266041,799.60000000000002,0.015359138034807525,799.60000000000002,0.016737875435517916,799.60000000000002,0.016045878792502733,799.60000000000002,0.016703373091562609,799.60000000000002,0.015796351398319811,799.60000000000002,0.015815086086315201,799.60000000000002,0.016771106194315162,799.60000000000002,0.016474826852487644,799.60000000000002,0.016468680857557028,799.60000000000002,0.016075210023481938,799.60000000000002,0.015522282410586371
800.29999999999995,0.016697523799835547,800.29999999999995,0.016227249222213747,800.29999999999995,0.016445283690648765,800.29999999999995,0.016107847375872092,800.29999999999995,0.014931461559980673,800.29999999999995,0.015823224231326771,800.29999999999995,0.016401922636758982,800.29999999999995,0.016610928850571784,800.29999999999995,0.015694031179268077,800.29999999999995,0.015755999762637436,800.29999999999995,0.014877673507794818,800.29999999999995,0.01591431211481566,800.29999999999995,0.015845349813076982,800.29999999999995,0.016298542763408867,800.29999999999995,0.015240626298076513,800.29999999999995,0.016128362283088764,800.29999999999995,0.016561421801751398,800.29999999999995,0.016183676237464292,800.29999999999995,0.016449225604638743,800.29999999999995,0.01672541390096895,800.29999999999995,0.015650203877487008,800.29999999999995,0.01573285691276078,800.29999999999995,0.015793850614175636,800.29999999999995,0.015427549316311046,800.29999999999995,0.017082941261242927,800.29999999999995,0.01689487381636615,800.29999999999995,0.01588180192094131,800.29999999999995,0.016273916397514472,800.29999999999995,0.016049990251180452,800.29999999999995,0.016038122123038581,800.29999999999995,0.016043250849842743,800.29999999999995,0.015814238362876498,800.29999999999995,0.016039690411400191,800.29999999999995,0.015606885209769166,800.29999999999995,0.015746166170748456,800.29999999999995,0.015280342141179862,800.29999999999995,0.015352737722845297,800.29999999999995,0.015485872688893976,800.29999999999995,0.015585988827005079,800.29999999999995,0.016009935318701624,800.29999999999995,0.015781304307282792,800.29999999999995,0.016268279036647085,800.29999999999995,0.016902884802861916,800.29999999999995,0.016624958673482359,800.29999999999995,0.015985436111323043,800.29999999999995,0.015723913430482444,800.29999999999995,0.015350999889795955,800.29999999999995,0.014866144469028425,800.29999999999995,0.015624517857294238,800.29999999999995,0.015890024838296754,800.29999999999995,0.016097377991404083,800.29999999999995,0.016198808100845178,800.29999999999995,0.01577532785703992,800.29999999999995,0.015437976314607122,800.29999999999995,0.016469994828887023,800.29999999999995,0.016018751642464163,800.29999999999995,0.016104032620397921,800.29999999999995,0.015743792545120081,800.29999999999995,0.015932071920856539,800.29999999999995,0.016797385620915033,800.29999999999995,0.016760509651331346,800.29999999999995,0.016421208344989533,800.29999999999995,0.01613709383450743,800.29999999999995,0.015428185108890076
801,0.01647372481201733,801,0.015876291718589727,801,0.016545315056415995,801,0.016129888185278433,801,0.015098463077405627,801,0.015444291854225479,801,0.016217118927121219,801,0.016581258530217101,801,0.015872053101396201,801,0.01559069369208989,801,0.014927689190678434,801,0.015676101828539457,801,0.015577469206446089,801,0.016301933657163689,801,0.01559921331264888,801,0.015601926027652738,801,0.016080762612005462,801,0.015657239982028261,801,0.016706933530005172,801,0.016098098556326986,801,0.015448445699075134,801,0.015629434653238725,801,0.015392877427667997,801,0.015748836499580379,801,0.016294558463246948,801,0.016663445317599588,801,0.016051346608682383,801,0.015421954341615592,801,0.015426913523732017,801,0.015603239998982731,801,0.015939828590320691,801,0.015798979340979801,801,0.016171935267838229,801,0.014913447436908183,801,0.0153579088358214,801,0.015752524096538746,801,0.01531967650873579,801,0.015339216533997948,801,0.015122284106033248,801,0.015994676296804927,801,0.015535464510058241,801,0.016074998092622261,801,0.016645176877495491,801,0.016849605384739282,801,0.015865907106465585,801,0.015146613768724091,801,0.015357781677305596,801,0.014959394047286015,801,0.015878834888905846,801,0.016057026355721708,801,0.015448869560794486,801,0.016056390563142679,801,0.015510838144163848,801,0.015636343599264177,801,0.016537812703983454,801,0.015727982502988225,801,0.016042996532811136,801,0.015960809745428649,801,0.016006671583462612,801,0.016745674491154008,801,0.016043335622186624,801,0.015998194349075557,801,0.015775963649618949,801,0.015357824063477531
801.70000000000005,0.01646270440731416,801.70000000000005,0.01640696659121928,801.70000000000005,0.016591092122106084,801.70000000000005,0.015596670142332767,801.70000000000005,0.015380754982494511,801.70000000000005,0.01512639556471097,801.70000000000005,0.015830557039071574,801.70000000000005,0.016365936776785939,801.70000000000005,0.015867814484202672,801.70000000000005,0.016006925900494219,801.70000000000005,0.014963293575104059,801.70000000000005,0.015515882098624147,801.70000000000005,0.015866542899044614,801.70000000000005,0.016395183235421273,801.70000000000005,0.015900155133389281,801.70000000000005,0.016070717089256798,801.70000000000005,0.015937497350864256,801.70000000000005,0.016305748412637863,801.70000000000005,0.016607749887676642,801.70000000000005,0.015668302772903368,801.70000000000005,0.016002009104549731,801.70000000000005,0.015619261971974266,801.70000000000005,0.015610742351415277,801.70000000000005,0.015664064155709843,801.70000000000005,0.016155531819299272,801.70000000000005,0.016579520697167758,801.70000000000005,0.016357374770055017,801.70000000000005,0.015640666988801573,801.70000000000005,0.015438781651873892,801.70000000000005,0.016095767316870544,801.70000000000005,0.015782152030721495,801.70000000000005,0.016328806490170648,801.70000000000005,0.016711087374854831,801.70000000000005,0.015097403423107244,801.70000000000005,0.015551189779846224,801.70000000000005,0.01532272831311513,801.70000000000005,0.01498567347388588,801.70000000000005,0.015161194611869823,801.70000000000005,0.015196883768639322,801.70000000000005,0.016133702940752611,801.70000000000005,0.015364224375439757,801.70000000000005,0.016152140925544452,801.70000000000005,0.016555318192992725,801.70000000000005,0.016240092232310127,801.70000000000005,0.015581072031060586,801.70000000000005,0.014711731644668243,801.70000000000005,0.014936463128269035,801.70000000000005,0.014911073811279808,801.70000000000005,0.015831362376338344,801.70000000000005,0.015953604096199656,801.70000000000005,0.015536185074981137,801.70000000000005,0.016214914846180581,801.70000000000005,0.015497274569144565,801.70000000000005,0.015406610547375027,801.70000000000005,0.016492883361732068,801.70000000000005,0.015716962098285058,801.70000000000005,0.015790374948076936,801.70000000000005,0.016069318345582933,801.70000000000005,0.015529403287471497,801.70000000000005,0.016198892873189052,801.70000000000005,0.016139976094199027,801.70000000000005,0.016294049829183727,801.70000000000005,0.01615150513296542,801.70000000000005,0.015490916643354271
802.5,0.016370302552495275,802.5,0.016596008918050575,802.5,0.016118062443308497,802.5,0.015716199147190218,802.5,0.015075574544560582,802.5,0.015774056271881866,802.5,0.015993319939303002,802.5,0.01575981451811161,802.5,0.015972084467163434,802.5,0.016394335511982567,802.5,0.015043827301781066,802.5,0.015585395420597985,802.5,0.015614769037749124,802.5,0.016246831633647842,802.5,0.016299432873019506,802.5,0.015733323160652068,802.5,0.015828988750709969,802.5,0.016476988547256342,802.5,0.016169476869865973,802.5,0.016031128404669262,802.5,0.015768037435467053,802.5,0.015593830268813101,802.5,0.015993913345710091,802.5,0.015586073599348948,802.5,0.015846112764171819,802.5,0.01668039978637369,802.5,0.016671032442376003,802.5,0.015465188236989565,802.5,0.016117808126276879,802.5,0.016172062426354026,802.5,0.015792324711985963,802.5,0.016304222510448191,802.5,0.01640675466035961,802.5,0.01515165772318439,802.5,0.015402838178072783,802.5,0.015523638768088299,802.5,0.015244229122691013,802.5,0.015275637276095046,802.5,0.01521722913116825,802.5,0.015899731271669933,802.5,0.015258258945601589,802.5,0.016349660486762802,802.5,0.015874596271712321,802.5,0.015761128489441601,802.5,0.015810805082949742,802.5,0.015529784763018913,802.5,0.014849147614082384,802.5,0.015379864872883869,802.5,0.016083136237633838,802.5,0.016244373235675593,802.5,0.015752354551851002,802.5,0.016386154980799063,802.5,0.015211591770300858,802.5,0.015821147308901946,802.5,0.016256368522333278,802.5,0.015492315387028135,802.5,0.01653128523350542,802.5,0.016288030992768918,802.5,0.015826106491018371,802.5,0.016176004340344011,802.5,0.015981451811161125,802.5,0.015942244602121007,802.5,0.015806481693412342,802.5,0.01575455863279164
803.20000000000005,0.016192280630367151,803.20000000000005,0.016328976034858389,803.20000000000005,0.015621296508227156,803.20000000000005,0.015305901002856828,803.20000000000005,0.015026406585115672,803.20000000000005,0.01621995880064088,803.20000000000005,0.016120478455108805,803.20000000000005,0.015803048413485583,803.20000000000005,0.015962759509337676,803.20000000000005,0.016065418817764892,803.20000000000005,0.015493968447733611,803.20000000000005,0.015633715656604187,803.20000000000005,0.015861456558412385,803.20000000000005,0.016282436018073467,803.20000000000005,0.016009511456982276,803.20000000000005,0.015837593143612827,803.20000000000005,0.016139255529276128,803.20000000000005,0.016786407602383802,803.20000000000005,0.016150826954214454,803.20000000000005,0.016003153531191985,803.20000000000005,0.015590863236777634,803.20000000000005,0.015464976306129889,803.20000000000005,0.015413222790196926,803.20000000000005,0.015520798894568637,803.20000000000005,0.016285233505421187,803.20000000000005,0.016490509736103692,803.20000000000005,0.016180200571365596,803.20000000000005,0.015716114374846348,803.20000000000005,0.016428074904843042,803.20000000000005,0.016523019929978042,803.20000000000005,0.015319295033188372,803.20000000000005,0.016088900757017032,803.20000000000005,0.016244839483566885,803.20000000000005,0.015187262107610015,803.20000000000005,0.015100200910454971,803.20000000000005,0.015966150403092495,803.20000000000005,0.015179802141349405,803.20000000000005,0.015531649754584065,803.20000000000005,0.015468155269025034,803.20000000000005,0.015580139535278009,803.20000000000005,0.015588023363257972,803.20000000000005,0.016965107703262889,803.20000000000005,0.016200122072175176,803.20000000000005,0.015514440968778343,803.20000000000005,0.01619397607724456,803.20000000000005,0.015779863177436994,803.20000000000005,0.015118723667590686,803.20000000000005,0.015519739240270254,803.20000000000005,0.01583390554665446,803.20000000000005,0.016112976102676268,803.20000000000005,0.016248272763493637,803.20000000000005,0.016155574205471205,803.20000000000005,0.015643930724040592,803.20000000000005,0.015879640226172612,803.20000000000005,0.015797750141993677,803.20000000000005,0.015305816230512956,803.20000000000005,0.016536371574137652,803.20000000000005,0.016582191025999674,803.20000000000005,0.015432762815459087,803.20000000000005,0.016141247679357085,803.20000000000005,0.015726287056110816,803.20000000000005,0.016542432796724401,803.20000000000005,0.015681018624483949,803.20000000000005,0.015958859981519632
803.89999999999998,0.01590235921432992,803.89999999999998,0.015996668446885885,803.89999999999998,0.014827827369598942,803.89999999999998,0.015667878911184017,803.89999999999998,0.015096767630528219,803.89999999999998,0.01588086942515874,803.89999999999998,0.016151844222340905,803.89999999999998,0.015970897654349243,803.89999999999998,0.016399337080270932,803.89999999999998,0.015429626238735875,803.89999999999998,0.015535506896230173,803.89999999999998,0.015710858489526375,803.89999999999998,0.015812288598967474,803.89999999999998,0.016050159795868199,803.89999999999998,0.016406246026296381,803.89999999999998,0.015541737663504657,803.89999999999998,0.016217246085637023,803.89999999999998,0.016510049761365851,803.89999999999998,0.01559895899561727,803.89999999999998,0.016439731102125241,803.89999999999998,0.015656137941557943,803.89999999999998,0.015831192831650603,803.89999999999998,0.015127539991353219,803.89999999999998,0.015425853869433636,803.89999999999998,0.016625170604342036,803.89999999999998,0.016599866059696686,803.89999999999998,0.016719352678382204,803.89999999999998,0.015540635623034338,803.89999999999998,0.016784966472538,803.89999999999998,0.016765468833447778,803.89999999999998,0.015821995032340649,803.89999999999998,0.016145698227410289,803.89999999999998,0.015954070344090947,803.89999999999998,0.015347481837525325,803.89999999999998,0.014877249646075463,803.89999999999998,0.016156040453362497,803.89999999999998,0.015008562006730924,803.89999999999998,0.01579698719089884,803.89999999999998,0.015684324745894901,803.89999999999998,0.015580139535278009,803.89999999999998,0.015267583903427348,803.89999999999998,0.016769283588921952,803.89999999999998,0.01588900757017031,803.89999999999998,0.0157924942566737,803.89999999999998,0.016085467477090276,803.89999999999998,0.016287649517221503,803.89999999999998,0.015305222824105862,803.89999999999998,0.015802878868797842,803.89999999999998,0.01580508294973848,803.89999999999998,0.015783211685019879,803.89999999999998,0.016564473606130736,803.89999999999998,0.016015699838084822,803.89999999999998,0.015424370353415904,803.89999999999998,0.015354051694175292,803.89999999999998,0.01532811135695091,803.89999999999998,0.015443147427583225,803.89999999999998,0.016495680849079798,803.89999999999998,0.016379585124149096,803.89999999999998,0.015584505310987345,803.89999999999998,0.01582843773047481,803.89999999999998,0.015449929215092867,803.89999999999998,0.016062621330417165,803.89999999999998,0.015436026550698098,803.89999999999998,0.015757949526546456
804.60000000000002,0.015590396988886347,804.60000000000002,0.015657579071403745,804.60000000000002,0.014790527538295904,804.60000000000002,0.015675508422132365,804.60000000000002,0.015280723616727282,804.60000000000002,0.015710477013978961,804.60000000000002,0.016198469011469697,804.60000000000002,0.016304052965760447,804.60000000000002,0.016219619711265398,804.60000000000002,0.014948967048989938,804.60000000000002,0.015571959004094508,804.60000000000002,0.015438739265701959,804.60000000000002,0.015764816086399971,804.60000000000002,0.016391792341666458,804.60000000000002,0.016324864576180671,804.60000000000002,0.015475615235285638,804.60000000000002,0.01649699482040979,804.60000000000002,0.01637356628773429,804.60000000000002,0.015621847528462313,804.60000000000002,0.015910751676373097,804.60000000000002,0.01595114569822741,804.60000000000002,0.015986326220933683,804.60000000000002,0.014955452133296033,804.60000000000002,0.01537583818655002,804.60000000000002,0.016811669760857215,804.60000000000002,0.016516789162703563,804.60000000000002,0.016424344921712741,804.60000000000002,0.015641514712240279,804.60000000000002,0.016662046573925719,804.60000000000002,0.01661796495511304,804.60000000000002,0.016047489467036272,804.60000000000002,0.016129591482074889,804.60000000000002,0.0164059069369209,804.60000000000002,0.015494137992421353,804.60000000000002,0.014878097369514169,804.60000000000002,0.016421377889677274,804.60000000000002,0.015636725074811592,804.60000000000002,0.015648635589125402,804.60000000000002,0.015491891525308787,804.60000000000002,0.015687800411993594,804.60000000000002,0.01579317243542467,804.60000000000002,0.016976975831404766,804.60000000000002,0.015611802005713656,804.60000000000002,0.015951018539711606,804.60000000000002,0.015987131558200456,804.60000000000002,0.015707806685147038,804.60000000000002,0.01509583513474564,804.60000000000002,0.015800335698481729,804.60000000000002,0.01577880352313861,804.60000000000002,0.015868831752329126,804.60000000000002,0.016260140891635515,804.60000000000002,0.016075040478794198,804.60000000000002,0.01590163864940702,804.60000000000002,0.015268431626866053,804.60000000000002,0.015583276112001221,804.60000000000002,0.015694921288878717,804.60000000000002,0.01622101845493926,804.60000000000002,0.016785644651288963,804.60000000000002,0.01541750379356239,804.60000000000002,0.016098013783983112,804.60000000000002,0.015273602739842155,804.60000000000002,0.016386451684002611,804.60000000000002,0.015051160109525868,804.60000000000002,0.016013114281596772
805.39999999999998,0.015725185015640502,805.39999999999998,0.016230640115968566,805.39999999999998,0.014948204097895101,805.39999999999998,0.016068004374252945,805.39999999999998,0.014931461559980673,805.39999999999998,0.015214558802336327,805.39999999999998,0.015802582165594298,805.39999999999998,0.016170112662445002,805.39999999999998,0.015847469121673743,805.39999999999998,0.015048150691318464,805.39999999999998,0.015126904198774192,805.39999999999998,0.015248849215431961,805.39999999999998,0.01628786144808118,805.39999999999998,0.016059484753693957,805.39999999999998,0.016260437594839059,805.39999999999998,0.015620575943304255,805.39999999999998,0.016710621126963539,805.39999999999998,0.015989547570000758,805.39999999999998,0.015518425268940261,805.39999999999998,0.015826827055941267,805.39999999999998,0.016254630689283924,805.39999999999998,0.0157040343158448,805.39999999999998,0.015509015538770635,805.39999999999998,0.015332604291176046,805.39999999999998,0.01669214075599976,805.39999999999998,0.016417605520375037,805.39999999999998,0.016786322830039925,805.39999999999998,0.015602519434059832,805.39999999999998,0.016731559895899556,805.39999999999998,0.016500979120571704,805.39999999999998,0.016505260123937167,805.39999999999998,0.016015996541288369,805.39999999999998,0.015804871018878803,805.39999999999998,0.015920542882090147,805.39999999999998,0.014898442732043098,805.39999999999998,0.016223858328458924,805.39999999999998,0.015465484940193109,805.39999999999998,0.015507913498300314,805.39999999999998,0.015563100294160035,805.39999999999998,0.015699668540135464,805.39999999999998,0.015428651356781365,805.39999999999998,0.016265735866330969,805.39999999999998,0.015560938599391335,805.39999999999998,0.016429982282580129,805.39999999999998,0.015518340496596391,805.39999999999998,0.015536566550528555,805.39999999999998,0.014938158575146443,805.39999999999998,0.015874087637649095,805.39999999999998,0.015901723421750891,805.39999999999998,0.015385629392267069,805.39999999999998,0.016126200588320067,805.39999999999998,0.015746123784576519,805.39999999999998,0.015643083000601885,805.39999999999998,0.015070912065647705,805.39999999999998,0.016030026364198948,805.39999999999998,0.015673728202911082,805.39999999999998,0.016254927392487472,805.39999999999998,0.0159845460017124,805.39999999999998,0.015544662309368193,805.39999999999998,0.015851326263319858,805.39999999999998,0.015503335791731309,805.39999999999998,0.01622284106033248,805.39999999999998,0.015247831947305508,805.39999999999998,0.015689283928011326
806.10000000000002,0.016189737460051035,806.10000000000002,0.015671142646423032,806.10000000000002,0.015477183523647244,806.10000000000002,0.016630045014114591,806.10000000000002,0.015029797478870493,806.10000000000002,0.015826615125081593,806.10000000000002,0.015868704593813315,806.10000000000002,0.015972593101226652,806.10000000000002,0.015797453438790132,806.10000000000002,0.015206674974356365,806.10000000000002,0.015349855463153702,806.10000000000002,0.015092868102710173,806.10000000000002,0.016164941549468903,806.10000000000002,0.016246831633647839,806.10000000000002,0.015834032705170267,806.10000000000002,0.015375583869518407,806.10000000000002,0.016339318260810594,806.10000000000002,0.015858998160440136,806.10000000000002,0.016032145672795709,806.10000000000002,0.015544535150852388,806.10000000000002,0.016430109441095932,806.10000000000002,0.015683688953315868,806.10000000000002,0.015938811322194248,806.10000000000002,0.015324974780227698,806.10000000000002,0.017205861159855208,806.10000000000002,0.016419300967252446,806.10000000000002,0.016089494163424124,806.10000000000002,0.015954324661122558,806.10000000000002,0.016118655849715589,806.10000000000002,0.015865186541542689,806.10000000000002,0.016271288454854486,806.10000000000002,0.015844756406669887,806.10000000000002,0.015742139484414608,806.10000000000002,0.015683180319252647,806.10000000000002,0.015033230758797249,806.10000000000002,0.016055161364156557,806.10000000000002,0.015775751718759272,806.10000000000002,0.015580817714028975,806.10000000000002,0.015308783262548425,806.10000000000002,0.015780202266812478,806.10000000000002,0.01563549587582547,806.10000000000002,0.016009723387841953,806.10000000000002,0.015396480252282496,806.10000000000002,0.015870484813034592,806.10000000000002,0.015793850614175632,806.10000000000002,0.015607775319379805,806.10000000000002,0.015310309164738094,806.10000000000002,0.015668090842043694,806.10000000000002,0.01619757890185906,806.10000000000002,0.015595017081627291,806.10000000000002,0.015848147300424709,806.10000000000002,0.015585904054661204,806.10000000000002,0.015702423641311265,806.10000000000002,0.016114459618693996,806.10000000000002,0.016102930579927607,806.10000000000002,0.01549824945109907,806.10000000000002,0.015992980849927518,806.10000000000002,0.016193933691072623,806.10000000000002,0.015189466188550648,806.10000000000002,0.016132770444970031,806.10000000000002,0.015616083009079119,806.10000000000002,0.016087205310139623,806.10000000000002,0.01523511609572493,806.10000000000002,0.015689283928011326
806.79999999999995,0.016227885014792776,806.79999999999995,0.015699117519900312,806.79999999999995,0.015414451989183049,806.79999999999995,0.016418961877876958,806.79999999999995,0.015180692250960049,806.79999999999995,0.015454464535489943,806.79999999999995,0.015819536634368404,806.79999999999995,0.015975136271542768,806.79999999999995,0.015505836575875488,806.79999999999995,0.015717004484456992,806.79999999999995,0.015849164568551156,806.79999999999995,0.014787687664776245,806.79999999999995,0.01626242974492002,806.79999999999995,0.015980646473894359,806.79999999999995,0.015461034392139906,806.79999999999995,0.015351847613234659,806.79999999999995,0.015840856878851846,806.79999999999995,0.015964963590278308,806.79999999999995,0.016083856802556733,806.79999999999995,0.01512236887837712,806.79999999999995,0.016235133050193702,806.79999999999995,0.01550312386087163,806.79999999999995,0.01609479243491603,806.79999999999995,0.015571662300890958,806.79999999999995,0.017177886286377928,806.79999999999995,0.016199740596627755,806.79999999999995,0.016175114230733367,806.79999999999995,0.01636547052889465,806.79999999999995,0.016276332409314784,806.79999999999995,0.016053381144935278,806.79999999999995,0.016159388960945379,806.79999999999995,0.015929528750540423,806.79999999999995,0.015251307613404205,806.79999999999995,0.016002772055644567,806.79999999999995,0.015170561955867516,806.79999999999995,0.015412586997617897,806.79999999999995,0.014885642108118647,806.79999999999995,0.015891084492595135,806.79999999999995,0.015704670108423826,806.79999999999995,0.015894644931037694,806.79999999999995,0.015081084746912169,806.79999999999995,0.015629095563863247,806.79999999999995,0.016084831684511244,806.79999999999995,0.015780626128531827,806.79999999999995,0.015570899349796124,806.79999999999995,0.015800208539965922,806.79999999999995,0.015501046938446799,806.79999999999995,0.015751167739036814,806.79999999999995,0.016106024770478879,806.79999999999995,0.015678941702059121,806.79999999999995,0.015862558598882699,806.79999999999995,0.015479938624823034,806.79999999999995,0.015432847587802957,806.79999999999995,0.016107677831184355,806.79999999999995,0.015929147274993009,806.79999999999995,0.015646601052872508,806.79999999999995,0.016036214745301491,806.79999999999995,0.015767528801403828,806.79999999999995,0.014923281028797168,806.79999999999995,0.015648720361469273,806.79999999999995,0.015729677949865638,806.79999999999995,0.016710282037588058,806.79999999999995,0.015615743919703636,806.79999999999995,0.015822376507888068
807.5,0.016256707611708759,807.5,0.015413434721056603,807.5,0.015483117587718183,807.5,0.016341819044954773,807.5,0.015668980951654331,807.5,0.015715563354611193,807.5,0.016150148775463492,807.5,0.015826784669769334,807.5,0.015726244669938876,807.5,0.016140018480370964,807.5,0.015415977891372718,807.5,0.015122538423064861,807.5,0.015755491128574214,807.5,0.015733958953231101,807.5,0.015906089197460217,807.5,0.015267922992802826,807.5,0.015483117587718184,807.5,0.015998872527826523,807.5,0.016178801827691731,807.5,0.015542839703974975,807.5,0.015729889880725312,807.5,0.016203343421242251,807.5,0.01584471402049795,807.5,0.015816654374676806,807.5,0.017004102981443333,807.5,0.016606647847206328,807.5,0.015978442392953724,807.5,0.016460415554029655,807.5,0.016336520773462863,807.5,0.015931308969761703,807.5,0.015892356077753193,807.5,0.016195713910293907,807.5,0.016035451794206658,807.5,0.016062960419792646,807.5,0.015481676457872382,807.5,0.015341378228766647,807.5,0.014729660995396861,807.5,0.015941947898917456,807.5,0.015474089333095971,807.5,0.016046387426565955,807.5,0.015465103464645698,807.5,0.01609449573171249,807.5,0.015905114315505706,807.5,0.01554241584225562,807.5,0.015845561743936656,807.5,0.016055373295016235,807.5,0.015661266668362112,807.5,0.015347651382213067,807.5,0.016279808075413481,807.5,0.015873918092961351,807.5,0.016026169222552834,807.5,0.015883454981646786,807.5,0.015654951128743759,807.5,0.015861838033959803,807.5,0.015601078304214033,807.5,0.015928892957961394,807.5,0.016020107999966091,807.5,0.016410103167942489,807.5,0.015357315429414313,807.5,0.015762315302255792,807.5,0.016117087561353983,807.5,0.016389842577757434,807.5,0.015482651339826896,807.5,0.015681654417062974
808.20000000000005,0.015711621440621215,808.20000000000005,0.015795757991912719,808.20000000000005,0.015662834956723715,808.20000000000005,0.015577172503242542,808.20000000000005,0.015567254139009692,808.20000000000005,0.015334935530632487,808.20000000000005,0.016484999533752105,808.20000000000005,0.016063299509168127,808.20000000000005,0.015258301331773524,808.20000000000005,0.016432483066724308,808.20000000000005,0.015710137924603476,808.20000000000005,0.015320057984283207,808.20000000000005,0.016036935310224393,808.20000000000005,0.015706831803192531,808.20000000000005,0.015606842823597228,808.20000000000005,0.015611250985478498,808.20000000000005,0.015639946423878674,808.20000000000005,0.016020913337232861,808.20000000000005,0.016222035723065707,808.20000000000005,0.015613200749387521,808.20000000000005,0.015285682798843705,808.20000000000005,0.015611632461025914,808.20000000000005,0.01584301857362054,808.20000000000005,0.015905665335740872,808.20000000000005,0.016520900621381278,808.20000000000005,0.01682196960063749,808.20000000000005,0.016129337165043278,808.20000000000005,0.016654544221493178,808.20000000000005,0.016601010486338934,808.20000000000005,0.016621355848867866,808.20000000000005,0.015655841238354399,808.20000000000005,0.015926137856785601,808.20000000000005,0.016102421945864386,808.20000000000005,0.015814577452251979,808.20000000000005,0.015659698380000506,808.20000000000005,0.015487186660223971,808.20000000000005,0.01481019472207387,808.20000000000005,0.015935166111407814,808.20000000000005,0.015414748692386597,808.20000000000005,0.0156733891135356,808.20000000000005,0.015561743936658108,808.20000000000005,0.01614705458491222,808.20000000000005,0.016401880250587048,808.20000000000005,0.016112085993065618,808.20000000000005,0.015380161576087417,808.20000000000005,0.015960428269881231,808.20000000000005,0.015377279316395818,808.20000000000005,0.015182345311665523,808.20000000000005,0.016301001161381112,808.20000000000005,0.016039224163508895,808.20000000000005,0.016004128413146496,808.20000000000005,0.015987724964607545,808.20000000000005,0.01583382077431059,808.20000000000005,0.015172638878292347,808.20000000000005,0.015632444071446129,808.20000000000005,0.016080635453489655,808.20000000000005,0.015788679501199526,808.20000000000005,0.016681374668328201,808.20000000000005,0.015576875800038997,808.20000000000005,0.015958139416596729,808.20000000000005,0.01568050999042073,808.20000000000005,0.016758602273594263,808.20000000000005,0.015455524189788322,808.20000000000005,0.015366301297864584
809,0.015887100192433223,809,0.015939023253053922,809,0.016049396844773359,809,0.016027313649195088,809,0.015446029687274824,809,0.015172172630401059,809,0.016913947593737017,809,0.015517365614641879,809,0.015338835058450533,809,0.016272263336808996,809,0.015312555631850664,809,0.015737985639564949,809,0.015897060942838007,809,0.016147647991319316,809,0.015877266600544237,809,0.015541737663504659,809,0.015842552325729252,809,0.016063299509168127,809,0.015973652755525036,809,0.016314268033196855,809,0.015459466103778303,809,0.016032951010062475,809,0.015598874223273397,809,0.015597941727490825,809,0.01645477819316226,809,0.01764849995337521,809,0.016193764146384886,809,0.016487542704068221,809,0.016450963437688086,809,0.016456897501759025,809,0.01614073904529386,809,0.015595525715690513,809,0.01661614234971983,809,0.015650966828581844,809,0.015378254198350328,809,0.015786433034086958,809,0.015226426930478197,809,0.015740189720505584,809,0.015229944982748829,809,0.015511473936742876,809,0.016100048320236007,809,0.015841026423539583,809,0.015851707738867276,809,0.016272305722980933,809,0.015626001373311969,809,0.015960428269881234,809,0.015777404779464748,809,0.014961089494163424,809,0.016301848884819819,809,0.016022269694734789,809,0.016074489458559039,809,0.016342921085425087,809,0.015660037469375991,809,0.014886108356009937,809,0.016268236650475148,809,0.015599976263743716,809,0.015945508337360019,809,0.016928909912430165,809,0.016100768885158906,809,0.01615226808406026,809,0.015469426854183092,809,0.015909183388011495,809,0.015755618287090021,809,0.014770351720454718
809.70000000000005,0.015667539821808536,809.70000000000005,0.015692335732390664,809.70000000000005,0.015692505277078408,809.70000000000005,0.016025618202317675,809.70000000000005,0.015595229012486967,809.70000000000005,0.015385798936954808,809.70000000000005,0.016476522299365054,809.70000000000005,0.015657239982028261,809.70000000000005,0.015234565075489773,809.70000000000005,0.015740740740740743,809.70000000000005,0.015952586828073208,809.70000000000005,0.015281910429541468,809.70000000000005,0.016180200571365599,809.70000000000005,0.016539296220001189,809.70000000000005,0.015288098810644014,809.70000000000005,0.015367954358570062,809.70000000000005,0.016104498868289206,809.70000000000005,0.015999720251265229,809.70000000000005,0.015729508405177894,809.70000000000005,0.016322745267583903,809.70000000000005,0.015519654467926384,809.70000000000005,0.015705729762722206,809.70000000000005,0.015480192941854648,809.70000000000005,0.015486889957020423,809.70000000000005,0.01665399320125802,809.70000000000005,0.017254308554377221,809.70000000000005,0.016244627552707204,809.70000000000005,0.016623178454261079,809.70000000000005,0.015971999694819557,809.70000000000005,0.016658655680170897,809.70000000000005,0.016495935166111406,809.70000000000005,0.015941396878682301,809.70000000000005,0.016144808117799652,809.70000000000005,0.01525762315302256,809.70000000000005,0.015345192984240818,809.70000000000005,0.01631032611920687,809.70000000000005,0.015782533506268917,809.70000000000005,0.015655417376635047,809.70000000000005,0.015214685960852133,809.70000000000005,0.015355492824021089,809.70000000000005,0.015849969905817926,809.70000000000005,0.015551105007502354,809.70000000000005,0.015866966760763965,809.70000000000005,0.015610233717352049,809.70000000000005,0.015631935437382907,809.70000000000005,0.015595059467799228,809.70000000000005,0.015554453515085236,809.70000000000005,0.015521434687147664,809.70000000000005,0.015968693573408611,809.70000000000005,0.016625001059654299,809.70000000000005,0.015771852190941228,809.70000000000005,0.016342921085425094,809.70000000000005,0.015400634097132151,809.70000000000005,0.014661461644753017,809.70000000000005,0.01638522248501649,809.70000000000005,0.015534701558963403,809.70000000000005,0.015786136330883414,809.70000000000005,0.01644570755236811,809.70000000000005,0.015414960623246274,809.70000000000005,0.01650237786424557,809.70000000000005,0.015193069013165148,809.70000000000005,0.016671286759407614,809.70000000000005,0.015254613734815153,809.70000000000005,0.015117918330323915
810.39999999999998,0.016164305756889874,810.39999999999998,0.015761001330925797,810.39999999999998,0.01573743461932979,810.39999999999998,0.016239244508871424,810.39999999999998,0.015477395454506921,810.39999999999998,0.014969566728550477,810.39999999999998,0.015781389079626663,810.39999999999998,0.015458872697371211,810.39999999999998,0.01539393708196638,810.39999999999998,0.015668684248450786,810.39999999999998,0.015588913472868612,810.39999999999998,0.014908912116511111,810.39999999999998,0.015753795681696804,810.39999999999998,0.016433330790163021,810.39999999999998,0.015237235404321692,810.39999999999998,0.015217907309919211,810.39999999999998,0.015661987233285008,810.39999999999998,0.015788637115027593,810.39999999999998,0.015414155285979501,810.39999999999998,0.016232038859642431,810.39999999999998,0.015384866441172233,810.39999999999998,0.015922746963030782,810.39999999999998,0.014978340666141078,810.39999999999998,0.015238506989479752,810.39999999999998,0.016375939913362662,810.39999999999998,0.016795690174037623,810.39999999999998,0.016103905461882114,810.39999999999998,0.016077244559734829,810.39999999999998,0.015999126844858134,810.39999999999998,0.016094919593431834,810.39999999999998,0.01640692420504734,810.39999999999998,0.015875274450463283,810.39999999999998,0.015903206937768626,810.39999999999998,0.015053321804294568,810.39999999999998,0.015173952849622337,810.39999999999998,0.016059399981350083,810.39999999999998,0.015594338902876325,810.39999999999998,0.014876359536464823,810.39999999999998,0.01487390113849258,810.39999999999998,0.015653891474445378,810.39999999999998,0.015687207005586498,810.39999999999998,0.01527220399616829,810.39999999999998,0.01570759475428736,810.39999999999998,0.015349982621669506,810.39999999999998,0.015427634088654919,810.39999999999998,0.015216974814136638,810.39999999999998,0.015540889940065953,810.39999999999998,0.015549409560624942,810.39999999999998,0.015606715665081422,810.39999999999998,0.015868831752329123,810.39999999999998,0.016032951010062475,810.39999999999998,0.016369200512024954,810.39999999999998,0.014997965463747109,810.39999999999998,0.014753015776133195,810.39999999999998,0.016266541203597738,810.39999999999998,0.015109992116172019,810.39999999999998,0.016042996532811136,810.39999999999998,0.016155786136330879,810.39999999999998,0.015765070403431586,810.39999999999998,0.016181938404414942,810.39999999999998,0.015537244729279523,810.39999999999998,0.016593296203046719,810.39999999999998,0.015457219636665732,810.39999999999998,0.015440900960470655
811.10000000000002,0.016177869331909161,811.10000000000002,0.015600781601010487,811.10000000000002,0.015837465985097016,811.10000000000002,0.015726371828454683,811.10000000000002,0.015380754982494511,811.10000000000002,0.015540084602799181,811.10000000000002,0.015164246416249163,811.10000000000002,0.015696235260208708,811.10000000000002,0.015897484804557358,811.10000000000002,0.015376219662097439,811.10000000000002,0.015416825614811424,811.10000000000002,0.015045395590142672,811.10000000000002,0.015862304281851092,811.10000000000002,0.016023032645829625,811.10000000000002,0.015342353110721157,811.10000000000002,0.015067012537829657,811.10000000000002,0.015634012359807738,811.10000000000002,0.01563435144918322,811.10000000000002,0.01611183167603401,811.10000000000002,0.015937031102972968,811.10000000000002,0.014821978077871877,811.10000000000002,0.015785415765960514,811.10000000000002,0.014988513347405542,811.10000000000002,0.015591159939981182,811.10000000000002,0.01659550028398735,811.10000000000002,0.016062409399557488,811.10000000000002,0.015930969880386225,811.10000000000002,0.016112848944160457,811.10000000000002,0.01584823207276858,811.10000000000002,0.016007604079245188,811.10000000000002,0.01577791341352797,811.10000000000002,0.01561417563134203,811.10000000000002,0.015852343531446302,811.10000000000002,0.015001610674533539,811.10000000000002,0.015383340538982559,811.10000000000002,0.015969541296847318,811.10000000000002,0.015720649695243422,811.10000000000002,0.014789891745716877,811.10000000000002,0.014516161847358919,811.10000000000002,0.01531225892864712,811.10000000000002,0.015505794189703555,811.10000000000002,0.01574099505777235,811.10000000000002,0.015835600993531873,811.10000000000002,0.015148224443257629,811.10000000000002,0.01598628383476175,811.10000000000002,0.015224604325084986,811.10000000000002,0.015156023498893721,811.10000000000002,0.015408687469799853,811.10000000000002,0.015843230504480221,811.10000000000002,0.015586539847240236,811.10000000000002,0.015994803455320731,811.10000000000002,0.015962293261446384,811.10000000000002,0.015419284012783668,811.10000000000002,0.014629248154082211,811.10000000000002,0.016030874087637648,811.10000000000002,0.015431279299441349,811.10000000000002,0.015905665335740869,811.10000000000002,0.015993870959538158,811.10000000000002,0.015694709358019043,811.10000000000002,0.015905580563396995,811.10000000000002,0.01528716631486144,811.10000000000002,0.016948492323864264,811.10000000000002,0.01498842857506167,811.10000000000002,0.015401057958851504
811.89999999999998,0.016111746903690143,811.89999999999998,0.015833057823215754,811.89999999999998,0.01666230089095733,811.89999999999998,0.016134126802471956,811.89999999999998,0.01490094351618728,811.89999999999998,0.01536375812754847,811.89999999999998,0.015951781490806439,811.89999999999998,0.015808134754117815,811.89999999999998,0.016020404703169636,811.89999999999998,0.015732263506353688,811.89999999999998,0.015425302849198477,811.89999999999998,0.015432805201631018,811.89999999999998,0.01600811271330841,811.89999999999998,0.016211227249222214,811.89999999999998,0.015488161542178478,811.89999999999998,0.015542585386943364,811.89999999999998,0.015666225850478541,811.89999999999998,0.01572844875087951,811.89999999999998,0.016394123581122896,811.89999999999998,0.015477564999194662,811.89999999999998,0.015252621584734198,811.89999999999998,0.015755745445605828,811.89999999999998,0.015380161576087419,811.89999999999998,0.015641175622864798,811.89999999999998,0.016881183082831059,811.89999999999998,0.016197197426311639,811.89999999999998,0.016317531768435863,811.89999999999998,0.016156930562973133,811.89999999999998,0.016343302560972505,811.89999999999998,0.016151717063825097,811.89999999999998,0.015846579012063104,811.89999999999998,0.015569246289090649,811.89999999999998,0.016140569500606126,811.89999999999998,0.015176241702906842,811.89999999999998,0.015425726710917827,811.89999999999998,0.015627908751049056,811.89999999999998,0.015790163017217265,811.89999999999998,0.015263769147953172,811.89999999999998,0.014705204174190214,811.89999999999998,0.015324127056788995,811.89999999999998,0.015872010715224268,811.89999999999998,0.015693522545204855,811.89999999999998,0.01609924298296924,811.89999999999998,0.015520375032849282,811.89999999999998,0.015503929198138401,811.89999999999998,0.015462814611361193,811.89999999999998,0.015234014055254612,811.89999999999998,0.015190822546052578,811.89999999999998,0.016035663725066332,811.89999999999998,0.015428015564202334,811.89999999999998,0.016457660452853861,811.89999999999998,0.016264930529064192,811.89999999999998,0.015508294973847732,811.89999999999998,0.015075998406279933,811.89999999999998,0.016134296347159703,811.89999999999998,0.015273602739842152,811.89999999999998,0.016227800242448902,811.89999999999998,0.016001500470486506,811.89999999999998,0.016193170739977794,811.89999999999998,0.015507998270644184,811.89999999999998,0.015051499198901351,811.89999999999998,0.016358476810525338,811.89999999999998,0.016048930596882071,811.89999999999998,0.015430728279206192
812.60000000000002,0.015904902384646032,812.60000000000002,0.015660969965158564,812.60000000000002,0.016141798699592244,812.60000000000002,0.016226528657290844,812.60000000000002,0.01527139865890152,812.60000000000002,0.015910539745513427,812.60000000000002,0.01600434034400617,812.60000000000002,0.015382577587887726,812.60000000000002,0.016430702847503031,812.60000000000002,0.015939108025397792,812.60000000000002,0.015192178903554506,812.60000000000002,0.015944830158609053,812.60000000000002,0.016546417096886312,812.60000000000002,0.015771258784534135,812.60000000000002,0.015376262048269371,812.60000000000002,0.015508676449395147,812.60000000000002,0.016041767333825015,812.60000000000002,0.016178589896832057,812.60000000000002,0.016419555284284057,812.60000000000002,0.015820892991870332,812.60000000000002,0.01552389308511991,812.60000000000002,0.015980392156862745,812.60000000000002,0.016029517730135723,812.60000000000002,0.016466010528725112,812.60000000000002,0.017187211244203689,812.60000000000002,0.016220085959156683,812.60000000000002,0.016899070047387742,812.60000000000002,0.016023837983096395,812.60000000000002,0.016741732577164024,812.60000000000002,0.016012690419877421,812.60000000000002,0.015983910209133367,812.60000000000002,0.015616718801658148,812.60000000000002,0.015993065622271391,812.60000000000002,0.015601798869136934,812.60000000000002,0.015128175783932248,812.60000000000002,0.015782194416893436,812.60000000000002,0.015724888312436951,812.60000000000002,0.015741037443944287,812.60000000000002,0.014845926265015304,812.60000000000002,0.015280045437976314,812.60000000000002,0.015947458101269043,812.60000000000002,0.015889346659545795,812.60000000000002,0.016026338767240578,812.60000000000002,0.015470359349965664,812.60000000000002,0.015886252468994517,812.60000000000002,0.015769690496172533,812.60000000000002,0.015431533616472962,812.60000000000002,0.015472266727702754,812.60000000000002,0.016368819036477539,812.60000000000002,0.015839161431974433,812.60000000000002,0.016050753202275291,812.60000000000002,0.016036892924052453,812.60000000000002,0.015635453489653537,812.60000000000002,0.015122623195408731,812.60000000000002,0.016157184880004748,812.60000000000002,0.015649991946627331,812.60000000000002,0.016496528572518505,812.60000000000002,0.016016759492383202,812.60000000000002,0.015646389122012834,812.60000000000002,0.015462221204954095,812.60000000000002,0.015248171036680993,812.60000000000002,0.016204191144680958,812.60000000000002,0.015810720310605864,812.60000000000002,0.015402753405728914
813.29999999999995,0.016069360731754873,813.29999999999995,0.015579588515042852,813.29999999999995,0.015989208480625284,813.29999999999995,0.01626891482922611,813.29999999999995,0.015299373532378797,813.29999999999995,0.015464637216754406,813.29999999999995,0.016515517577545501,813.29999999999995,0.015051117723353933,813.29999999999995,0.016079745343879015,813.29999999999995,0.016014555411442567,813.29999999999995,0.015237955969244595,813.29999999999995,0.016033841119673115,813.29999999999995,0.016532853521867025,813.29999999999995,0.015526266710748284,813.29999999999995,0.015351678068546915,813.29999999999995,0.015626510007375194,813.29999999999995,0.015962929054025417,813.29999999999995,0.015851368649491788,813.29999999999995,0.016521282096928699,813.29999999999995,0.015675932283851716,813.29999999999995,0.015461161550655715,813.29999999999995,0.015640455057941895,813.29999999999995,0.016088858370845099,813.29999999999995,0.016229495689326315,813.29999999999995,0.016860837720302127,813.29999999999995,0.016108186465247577,813.29999999999995,0.017038096691335415,813.29999999999995,0.016036553834676975,813.29999999999995,0.01646367928926867,813.29999999999995,0.015817714028975187,813.29999999999995,0.015931351355933637,813.29999999999995,0.015829497384773194,813.29999999999995,0.015581919754499296,813.29999999999995,0.015423776947008812,813.29999999999995,0.014745004789637427,813.29999999999995,0.015766935394996739,813.29999999999995,0.015693522545204855,813.29999999999995,0.015765621423666745,813.29999999999995,0.015458830311199274,813.29999999999995,0.015794613565270468,813.29999999999995,0.015832167713605114,813.29999999999995,0.015443444130786774,813.29999999999995,0.015977170807795663,813.29999999999995,0.015408475538940175,813.29999999999995,0.015093631053805005,813.29999999999995,0.015303442604884584,813.29999999999995,0.015417122318014972,813.29999999999995,0.015559582241889405,813.29999999999995,0.016307782948890754,813.29999999999995,0.015813729728813272,813.29999999999995,0.015866797216076228,813.29999999999995,0.015954663750498033,813.29999999999995,0.015080194637301527,813.29999999999995,0.015263345286233819,813.29999999999995,0.015463747107143764,813.29999999999995,0.015753414206149383,813.29999999999995,0.0164015835473835,813.29999999999995,0.01622106084111119,813.29999999999995,0.015730313742444667,813.29999999999995,0.015710604172494765,813.29999999999995,0.015835643379703807,813.29999999999995,0.015910031111450201,813.29999999999995,0.015742054712070731,813.29999999999995,0.015852046828242754
814,0.016458465790120634,814,0.015516009257139951,814,0.015109271551249122,814,0.015944236752201957,814,0.015648635589125406,814,0.015476505344896281,814,0.01615777828641184,814,0.01515030136568246,814,0.016179776709646241,814,0.015731415782914981,814,0.015016700151742496,814,0.015921093902325305,814,0.016985537838135684,814,0.015355874299568509,814,0.015391521070166067,814,0.015175521137983945,814,0.0156119715504014,814,0.01618028534370947,814,0.016553495587599502,814,0.016121834812610734,814,0.015886718716885805,814,0.01646105134660868,814,0.015854038978323715,814,0.015652196027567965,814,0.016688749862244938,814,0.015997982418215879,814,0.016799886405059215,814,0.01622729160838568,814,0.016303459559353358,814,0.015618499020879428,814,0.015872010715224264,814,0.015704882039283503,814,0.015754855335995185,814,0.015773886727194122,814,0.014449149309529256,814,0.015582979408797673,814,0.015573993540347395,814,0.015009452116341566,814,0.01547069843934115,814,0.015959919635818009,814,0.015686359282147795,814,0.015654527267024411,814,0.015823732865389992,814,0.01558480201419089,814,0.01548188838873206,814,0.015279706348600831,814,0.015365411188253944,814,0.015585013945050569,814,0.016053465917279148,814,0.015382238498512245,814,0.015370879004433595,814,0.015755448742402273,814,0.015259064282868358,814,0.015234522689317838,814,0.015412035977382738,814,0.016089960411315413,814,0.015890406313844172,814,0.016438925764858468,814,0.015737095529954306,814,0.016140399955918379,814,0.01638242499766876,814,0.01591342200520502,814,0.015227486584776581,814,0.015841026423539583
814.70000000000005,0.016733128184261172,814.70000000000005,0.015911896103015355,814.70000000000005,0.01556195586751778,814.70000000000005,0.016155319888439594,814.70000000000005,0.015440095623203887,814.70000000000005,0.015768122207810927,814.70000000000005,0.01635360240075278,814.70000000000005,0.016026847401303796,814.70000000000005,0.01640696659121928,814.70000000000005,0.016160363842899889,814.70000000000005,0.015757610437170978,814.70000000000005,0.015933809753905886,814.70000000000005,0.016973669709993811,814.70000000000005,0.015910285428481812,814.70000000000005,0.015925586836550442,814.70000000000005,0.015473072064969525,814.70000000000005,0.016274891279468986,814.70000000000005,0.015959029526207369,814.70000000000005,0.017066368268016243,814.70000000000005,0.016194739028339396,814.70000000000005,0.01586722107779558,814.70000000000005,0.01667382992972373,814.70000000000005,0.016150742181870587,814.70000000000005,0.015467392317930199,814.70000000000005,0.016441214618142973,814.70000000000005,0.016435407712587842,814.70000000000005,0.016833795342607427,814.70000000000005,0.0169266634453176,814.70000000000005,0.016117808126276882,814.70000000000005,0.016347541178166034,814.70000000000005,0.016141586768732567,814.70000000000005,0.016179607164958504,814.70000000000005,0.015909141001839561,814.70000000000005,0.015740825513084613,814.70000000000005,0.015054423844764882,814.70000000000005,0.015672838093300442,814.70000000000005,0.015900367064248955,814.70000000000005,0.015463831879487635,814.70000000000005,0.016040368590151149,814.70000000000005,0.016071819129727119,814.70000000000005,0.015697379686850962,814.70000000000005,0.015850351381365348,814.70000000000005,0.016062790875104909,814.70000000000005,0.016159558505633123,814.70000000000005,0.016117680967761075,814.70000000000005,0.015720522536727618,814.70000000000005,0.015588362452633453,814.70000000000005,0.016243695056924634,814.70000000000005,0.015770326288751555,814.70000000000005,0.015993447097818806,814.70000000000005,0.01570572976272221,814.70000000000005,0.01630053491348982,814.70000000000005,0.01574989615387876,814.70000000000005,0.015427803633342658,814.70000000000005,0.015739257224723007,814.70000000000005,0.016449395149326484,814.70000000000005,0.015764943244915775,814.70000000000005,0.016945864381204274,814.70000000000005,0.016562778159253326,814.70000000000005,0.016741435873960476,814.70000000000005,0.015894136296974476,814.70000000000005,0.016517001093563237,814.70000000000005,0.015524189788323458,814.70000000000005,0.01613349100989293
815.5,0.016099031052109563,815.5,0.016039902342259861,815.5,0.015608580656646574,815.5,0.016082415672710928,815.5,0.015040817883573662,815.5,0.015632486457618066,815.5,0.016258657375617776,815.5,0.016487161228520807,815.5,0.016672304027534054,815.5,0.016065418817764892,815.5,0.015830514652899638,815.5,0.015438739265701959,815.5,0.01667950967676305,815.5,0.015728872612598865,815.5,0.015733153615964324,815.5,0.015318786399125149,815.5,0.01650886294855166,815.5,0.016411713842476031,815.5,0.016531454778193164,815.5,0.016086230428185109,815.5,0.016390266439476785,815.5,0.016517848817001943,815.5,0.015965938472232818,815.5,0.015344472419317922,815.5,0.016644668243432262,815.5,0.016827055941269719,815.5,0.016421801751396625,815.5,0.016480760916558583,815.5,0.016263616557734204,815.5,0.016276332409314784,815.5,0.01637979705500877,815.5,0.016262684061951627,815.5,0.015935420428439425,815.5,0.016223180149707958,815.5,0.015284156896654036,815.5,0.015299839780270085,815.5,0.015462094046438286,815.5,0.015145935589973127,815.5,0.015645329467714457,815.5,0.016138789281384836,815.5,0.015698227410289665,815.5,0.015880021701720034,815.5,0.01621199020031705,815.5,0.016409636920051204,815.5,0.016087162923967682,815.5,0.016138450192009362,815.5,0.01584098403736765,815.5,0.016130947839576817,815.5,0.015345616845960175,815.5,0.016143494146469654,815.5,0.015693861634580336,815.5,0.016398023108940937,815.5,0.015760068835143221,815.5,0.015587175639819264,815.5,0.016356399888100507,815.5,0.015789866314013717,815.5,0.015518255724252517,815.5,0.016447402999245526,815.5,0.01602701694599154,815.5,0.016686333850444626,815.5,0.015441451980705815,815.5,0.016512762476369711,815.5,0.016001458084314572,815.5,0.015790163017217262
816.20000000000005,0.016240600866373356,816.20000000000005,0.015927155124912051,816.20000000000005,0.015803557047548808,816.20000000000005,0.015995100158524282,816.20000000000005,0.015236641997914602,816.20000000000005,0.015569754923153871,816.20000000000005,0.016168798691115011,816.20000000000005,0.016298118901689512,816.20000000000005,0.016905427973178028,816.20000000000005,0.016485889643362745,816.20000000000005,0.016174690369014012,816.20000000000005,0.016079618185363204,816.20000000000005,0.016340420301280911,816.20000000000005,0.015637318481218687,816.20000000000005,0.015780626128531827,816.20000000000005,0.015575646601052873,816.20000000000005,0.016545315056415995,816.20000000000005,0.016219280621889917,816.20000000000005,0.016705238083127766,816.20000000000005,0.016336308842603193,816.20000000000005,0.01600794316862067,816.20000000000005,0.015954960453701584,816.20000000000005,0.016242296313250765,816.20000000000005,0.015864126887244302,816.20000000000005,0.016330162847672577,816.20000000000005,0.016597322889380567,816.20000000000005,0.016341268024719614,816.20000000000005,0.015854293295355325,816.20000000000005,0.016084746912167373,816.20000000000005,0.016168671532599203,816.20000000000005,0.016189059281300065,816.20000000000005,0.016498351177911721,816.20000000000005,0.015383552469842243,816.20000000000005,0.015756932258420016,816.20000000000005,0.015731754872290466,816.20000000000005,0.01560417249476531,816.20000000000005,0.016070759475428735,816.20000000000005,0.015813093936234243,816.20000000000005,0.015578359316056731,816.20000000000005,0.016114205301662386,816.20000000000005,0.015592261980451499,816.20000000000005,0.015982596237803379,816.20000000000005,0.016022100150047049,816.20000000000005,0.016229919551045666,816.20000000000005,0.01630502784771496,816.20000000000005,0.016424980714291767,816.20000000000005,0.015646855369904122,816.20000000000005,0.016280994888227665,816.20000000000005,0.015234565075489773,816.20000000000005,0.016957308647626797,816.20000000000005,0.015953265006824174,816.20000000000005,0.016453125132456788,816.20000000000005,0.015706662258504787,816.20000000000005,0.0157507862634894,816.20000000000005,0.016400481506913187,816.20000000000005,0.015658469181014385,816.20000000000005,0.015738663818315912,816.20000000000005,0.016844137568559632,816.20000000000005,0.01599988979595297,816.20000000000005,0.01659817061281927,816.20000000000005,0.015382959063435146,816.20000000000005,0.016739952357942747,816.20000000000005,0.015334299738053456,816.20000000000005,0.015769817654688337
816.89999999999998,0.015893034256504162,816.89999999999998,0.015727092393377589,816.89999999999998,0.015747607300594255,816.89999999999998,0.015696701508099997,816.89999999999998,0.0149357001771742,816.89999999999998,0.01493820096131838,816.89999999999998,0.015944999703296797,816.89999999999998,0.015749641836847145,816.89999999999998,0.016640938260301958,816.89999999999998,0.016021337198952212,816.89999999999998,0.015758458160609685,816.89999999999998,0.015317514813967092,816.89999999999998,0.015948772072599034,816.89999999999998,0.015824665361172573,816.89999999999998,0.015370327984198434,816.89999999999998,0.015885913379619032,816.89999999999998,0.015995142544696219,816.89999999999998,0.016137899171774203,816.89999999999998,0.015660842806642764,816.89999999999998,0.016005696701508101,816.89999999999998,0.015668853793138527,816.89999999999998,0.015373422174749711,816.89999999999998,0.015538685859125316,816.89999999999998,0.015425006145994929,816.89999999999998,0.016132643286454227,816.89999999999998,0.015680086128701368,816.89999999999998,0.015954706136669973,816.89999999999998,0.015291404932054968,816.89999999999998,0.015556615209853937,816.89999999999998,0.016006756355806482,816.89999999999998,0.016263658943906138,816.89999999999998,0.015999889795952967,816.89999999999998,0.015345404915100502,816.89999999999998,0.016083305782321578,816.89999999999998,0.015195993659028679,816.89999999999998,0.015509227469630307,816.89999999999998,0.015748624568720698,816.89999999999998,0.015378211812178395,816.89999999999998,0.015473241609657266,816.89999999999998,0.016189652687707161,816.89999999999998,0.015818604138585827,816.89999999999998,0.016021591515983827,816.89999999999998,0.016195883454981644,816.89999999999998,0.015934064070937497,816.89999999999998,0.016138026330290007,816.89999999999998,0.016030789315293777,816.89999999999998,0.015525630918169258,816.89999999999998,0.015475657621457578,816.89999999999998,0.01563723370887482,816.89999999999998,0.016262175427888409,816.89999999999998,0.016170282207132743,816.89999999999998,0.016181005908632369,816.89999999999998,0.01564986478811153,816.89999999999998,0.015899137865262838,816.89999999999998,0.01621737324415283,816.89999999999998,0.015503335791731306,816.89999999999998,0.015920076634198858,816.89999999999998,0.016224451734866016,816.89999999999998,0.015838822342598952,816.89999999999998,0.016325203665556145,816.89999999999998,0.01558471724184702,816.89999999999998,0.01636271542771886,816.89999999999998,0.015481803616388188,816.89999999999998,0.015330696913438959
817.60000000000002,0.016197366970999383,817.60000000000002,0.015485491213346558,817.60000000000002,0.015590778464433764,817.60000000000002,0.015783169298847943,817.60000000000002,0.015586751778099912,817.60000000000002,0.015191670269491281,817.60000000000002,0.015606758051253359,817.60000000000002,0.015524995125590229,817.60000000000002,0.016721471986978965,817.60000000000002,0.016160363842899889,817.60000000000002,0.015636385985436114,817.60000000000002,0.015697294914507096,817.60000000000002,0.016351440705984082,817.60000000000002,0.016181556928867531,817.60000000000002,0.015717894594067628,817.60000000000002,0.016016462789179658,817.60000000000002,0.015733196002136265,817.60000000000002,0.015803896136924289,817.60000000000002,0.015951611946118698,817.60000000000002,0.016295618117545332,817.60000000000002,0.015696828666615807,817.60000000000002,0.015673516272051408,817.60000000000002,0.015337775404152147,817.60000000000002,0.015502996702355824,817.60000000000002,0.016166552224002442,817.60000000000002,0.015738579045972041,817.60000000000002,0.01651166043589939,817.60000000000002,0.015710180310775413,817.60000000000002,0.015584590083331214,817.60000000000002,0.016617117231674337,817.60000000000002,0.016385731119079709,817.60000000000002,0.016250815933809754,817.60000000000002,0.015638717224892552,817.60000000000002,0.015802709324110105,817.60000000000002,0.015326543068589301,817.60000000000002,0.015829666929460934,817.60000000000002,0.015952078194009987,817.60000000000002,0.016012308944330002,817.60000000000002,0.01555462305977298,817.60000000000002,0.016075210023481938,817.60000000000002,0.0160992005967973,817.60000000000002,0.016030068750370881,817.60000000000002,0.015540593236862408,817.60000000000002,0.016176512974407229,817.60000000000002,0.016339784508701882,817.60000000000002,0.015884133160397749,817.60000000000002,0.015815552334206492,817.60000000000002,0.015717258801488606,817.60000000000002,0.015855098632622092,817.60000000000002,0.016082458058882872,817.60000000000002,0.016077032628875155,817.60000000000002,0.015892779939472548,817.60000000000002,0.01601438586675483,817.60000000000002,0.01559565287420632,817.60000000000002,0.015889304273373851,817.60000000000002,0.016387511338300992,817.60000000000002,0.015543687427413681,817.60000000000002,0.017173054262777307,817.60000000000002,0.016114332460178193,817.60000000000002,0.016363351220297886,817.60000000000002,0.016051812856573672,817.60000000000002,0.016324567872977119,817.60000000000002,0.01483329518577859,817.60000000000002,0.015560429965328111
818.39999999999998,0.016021888219187375,818.39999999999998,0.015574502174410622,818.39999999999998,0.015657748616091486,818.39999999999998,0.015539024948500799,818.39999999999998,0.015173910463450405,818.39999999999998,0.015332392360316371,818.39999999999998,0.015674575926349788,818.39999999999998,0.015168951281333977,818.39999999999998,0.015723701499622763,818.39999999999998,0.015797538211134003,818.39999999999998,0.015417673338250129,818.39999999999998,0.014889414477420888,818.39999999999998,0.015516433118859302,818.39999999999998,0.016125607181912974,818.39999999999998,0.015410170985817585,818.39999999999998,0.01579520697167756,818.39999999999998,0.015867136305451709,818.39999999999998,0.015798809796292057,818.39999999999998,0.01517170638250977,818.39999999999998,0.015679323177606539,818.39999999999998,0.015194128667463528,818.39999999999998,0.015399701601349576,818.39999999999998,0.014897806939464067,818.39999999999998,0.015558946449310379,818.39999999999998,0.015897823893932843,818.39999999999998,0.015759772131939676,818.39999999999998,0.016254800233971672,818.39999999999998,0.015916177106380814,818.39999999999998,0.015094605935759517,818.39999999999998,0.016225469002992463,818.39999999999998,0.016096657426481184,818.39999999999998,0.015783720319083105,818.39999999999998,0.015754855335995188,818.39999999999998,0.01580864338818104,818.39999999999998,0.01527398421538957,818.39999999999998,0.01528966709900562,818.39999999999998,0.015056034519298421,818.39999999999998,0.01600891805057518,818.39999999999998,0.015382535201715793,818.39999999999998,0.015838695184083144,818.39999999999998,0.016468808016072839,818.39999999999998,0.016009723387841953,818.39999999999998,0.015685553944881022,818.39999999999998,0.016060374863304597,818.39999999999998,0.01581843459389809,818.39999999999998,0.015651856938192484,818.39999999999998,0.015850308995193411,818.39999999999998,0.015725736035875654,818.39999999999998,0.016065334045421025,818.39999999999998,0.015533133270601799,818.39999999999998,0.015837126895721539,818.39999999999998,0.015558776904622634,818.39999999999998,0.015980476929206615,818.39999999999998,0.015629561811754535,818.39999999999998,0.01596729482973475,818.39999999999998,0.016709646245009029,818.39999999999998,0.015686104965116181,818.39999999999998,0.016342285292846061,818.39999999999998,0.01587188355670846,818.39999999999998,0.016278578876427353,818.39999999999998,0.015582174071530903,818.39999999999998,0.016553453201427565,818.39999999999998,0.015519103447691224,818.39999999999998,0.015527368751218603
819.10000000000002,0.016122767308393314,819.10000000000002,0.015555852258759105,819.10000000000002,0.015622991955104566,819.10000000000002,0.01587896204742165,819.10000000000002,0.01552571569051313,819.10000000000002,0.015374778532251639,819.10000000000002,0.015482142705763672,819.10000000000002,0.015249485008010986,819.10000000000002,0.015486338936785263,819.10000000000002,0.015969626069191185,819.10000000000002,0.015459211786746691,819.10000000000002,0.015616761187830086,819.10000000000002,0.015242618448157474,819.10000000000002,0.015325356255775115,819.10000000000002,0.01558225884387477,819.10000000000002,0.015157718945771132,819.10000000000002,0.015968863118096359,819.10000000000002,0.0159954816340717,819.10000000000002,0.015935505200783295,819.10000000000002,0.016262556903435824,819.10000000000002,0.015609513152429153,819.10000000000002,0.015574332629722878,819.10000000000002,0.014826598170612821,819.10000000000002,0.015159668709680154,819.10000000000002,0.016297101633563064,819.10000000000002,0.016284512940498288,819.10000000000002,0.016345506641913143,819.10000000000002,0.015954324661122558,819.10000000000002,0.015460822461280232,819.10000000000002,0.015718530386646661,819.10000000000002,0.016155998067190556,819.10000000000002,0.016201647974364842,819.10000000000002,0.015831150445478673,819.10000000000002,0.015636555530123854,819.10000000000002,0.015668175614387558,819.10000000000002,0.015463450403940218,819.10000000000002,0.015040775497401725,819.10000000000002,0.015984334070852729,819.10000000000002,0.015185863363936151,819.10000000000002,0.015595398557174706,819.10000000000002,0.016272983901731899,819.10000000000002,0.015465484940193112,819.10000000000002,0.015446495935166112,819.10000000000002,0.015815382789518745,819.10000000000002,0.015640412671769962,819.10000000000002,0.015314463009587751,819.10000000000002,0.015605316921407561,819.10000000000002,0.015921560150216594,819.10000000000002,0.01526084450208964,819.10000000000002,0.015644185041072199,819.10000000000002,0.015663343590786943,819.10000000000002,0.015550299670235582,819.10000000000002,0.015222612175004027,819.10000000000002,0.0154345854208523,819.10000000000002,0.015656180327729884,819.10000000000002,0.01689868857184032,819.10000000000002,0.015208836669125064,819.10000000000002,0.016138831667556773,819.10000000000002,0.015537032798419845,819.10000000000002,0.015751294897552622,819.10000000000002,0.016112001220721751,819.10000000000002,0.016064316777294578,819.10000000000002,0.015302933970821359,819.10000000000002,0.015913930639268246
819.79999999999995,0.016216016886650902,819.79999999999995,0.01576269677780321,819.79999999999995,0.01582135923976162,819.79999999999995,0.015603451929842407,819.79999999999995,0.015156955994676298,819.79999999999995,0.015353585446284004,819.79999999999995,0.015896679467290592,819.79999999999995,0.015235073709552996,819.79999999999995,0.01477679441858888,819.79999999999995,0.015817883573662924,819.79999999999995,0.015943261870247447,819.79999999999995,0.015523511609572493,819.79999999999995,0.014988301416545866,819.79999999999995,0.015162593355543687,819.79999999999995,0.015362698473250086,819.79999999999995,0.015111941880081043,819.79999999999995,0.016450370031280994,819.79999999999995,0.015728448750879514,819.79999999999995,0.015846494239719233,819.79999999999995,0.015859888270050783,819.79999999999995,0.015366216525520716,819.79999999999995,0.01554296686249078,819.79999999999995,0.015258937124352553,819.79999999999995,0.015461458253859263,819.79999999999995,0.015989378025313021,819.79999999999995,0.015514780058153826,819.79999999999995,0.015785161448928903,819.79999999999995,0.01558810813560184,819.79999999999995,0.015607478616176259,819.79999999999995,0.01548116782380916,819.79999999999995,0.015623627747683593,819.79999999999995,0.01533527462000797,819.79999999999995,0.015455608962132198,819.79999999999995,0.015411908818866936,819.79999999999995,0.015784313725490197,819.79999999999995,0.015732178734009818,819.79999999999995,0.01453807549824945,819.79999999999995,0.016063172350652324,819.79999999999995,0.014990886973033917,819.79999999999995,0.015124064325254528,819.79999999999995,0.016194993345371011,819.79999999999995,0.015724888312436954,819.79999999999995,0.016135695090833565,819.79999999999995,0.01573993540347397,819.79999999999995,0.015497147410628756,819.79999999999995,0.015560302806812306,819.79999999999995,0.015338284038215372,819.79999999999995,0.015901214787687662,819.79999999999995,0.015280342141179862,819.79999999999995,0.015917151988335324,819.79999999999995,0.016245729593177525,819.79999999999995,0.015839373362834103,819.79999999999995,0.014736018921187153,819.79999999999995,0.015766893008824803,819.79999999999995,0.015807922823258141,819.79999999999995,0.016459567830590948,819.79999999999995,0.015592855386858591,819.79999999999995,0.015538643472953381,819.79999999999995,0.015448021837355783,819.79999999999995,0.01588523520086807,819.79999999999995,0.015879724998516486,819.79999999999995,0.016221145613455067,819.79999999999995,0.015594550833735999,819.79999999999995,0.01602074379254512
820.5,0.016315200528979428,820.5,0.016288285309800532,820.5,0.015689962106762288,820.5,0.015686528826835532,820.5,0.015229012486966254,820.5,0.015093334350601461,820.5,0.015722048438917283,820.5,0.01577168264625349,820.5,0.015311707908411958,820.5,0.015800929104888822,820.5,0.015982257148427895,820.5,0.015726117511423072,820.5,0.015450310690640286,820.5,0.014893865025474087,820.5,0.01571026508311928,820.5,0.015128896348855149,820.5,0.016316429727965549,820.5,0.016031086018497329,820.5,0.016188974508956198,820.5,0.016407517611454439,820.5,0.015752778413570357,820.5,0.015741334147147835,820.5,0.015194510143010946,820.5,0.014926544764036181,820.5,0.016457321363478376,820.5,0.016041216313589853,820.5,0.016151377974449616,820.5,0.015344811508693403,820.5,0.016753600705305897,820.5,0.015931308969761707,820.5,0.01588726973712096,820.5,0.01577693853157346,820.5,0.01580232784856269,820.5,0.016018031077541264,820.5,0.016264972915236132,820.5,0.015942414146808748,820.5,0.014155752227393334,820.5,0.015858023278485626,820.5,0.015385078372031907,820.5,0.015797156735586581,820.5,0.015636343599264177,820.5,0.015546018666870122,820.5,0.015952586828073208,820.5,0.016207031018200622,820.5,0.015288607444707241,820.5,0.015756126921153243,820.5,0.015688393818400686,820.5,0.015796944804726907,820.5,0.015546527300933345,820.5,0.015857811347625948,820.5,0.016174520824326268,820.5,0.015925841153582056,820.5,0.014518153997439874,820.5,0.015522748658477659,820.5,0.015423056382085909,820.5,0.016114544391037867,820.5,0.01538092452718225,820.5,0.015866712443732355,820.5,0.015687927570509397,820.5,0.015782660664784721,820.5,0.016542644727584075,820.5,0.015605698396954977,820.5,0.01555470783211685,820.5,0.016041089155074052
821.29999999999995,0.015769266634453175,821.29999999999995,0.016023795596924462,821.29999999999995,0.015414451989183049,821.29999999999995,0.015167722082347856,821.29999999999995,0.014928918389664557,821.29999999999995,0.015297635699329451,821.29999999999995,0.015722048438917287,821.29999999999995,0.015607224299144646,821.29999999999995,0.015516856980578652,821.29999999999995,0.015748370251689087,821.29999999999995,0.01574913320278392,821.29999999999995,0.015833778388138656,821.29999999999995,0.015669871061264971,821.29999999999995,0.015062561989776456,821.29999999999995,0.015779778405093123,821.29999999999995,0.015032255876842737,821.29999999999995,0.016014640183786441,821.29999999999995,0.015573315361596432,821.29999999999995,0.01573629019268754,821.29999999999995,0.015740359265193325,821.29999999999995,0.015985054635775625,821.29999999999995,0.015787111212837924,821.29999999999995,0.015318277765061927,821.29999999999995,0.015244441053550693,821.29999999999995,0.016140272797402575,821.29999999999995,0.016030195908886685,821.29999999999995,0.015821613556793228,821.29999999999995,0.015599128540305011,821.29999999999995,0.016507760908081346,821.29999999999995,0.01619664640607648,821.29999999999995,0.015176029772047166,821.29999999999995,0.015370879004433595,821.29999999999995,0.015525122284106034,821.29999999999995,0.015481422140840775,821.29999999999995,0.016154768868204432,821.29999999999995,0.01607126810949196,821.29999999999995,0.014074370777277618,821.29999999999995,0.015978400006781787,821.29999999999995,0.015084984274730212,821.29999999999995,0.015626764324406805,821.29999999999995,0.01559056653357409,821.29999999999995,0.015690979374888739,821.29999999999995,0.015441409594533882,821.29999999999995,0.016357078066851469,821.29999999999995,0.015118215033527463,821.29999999999995,0.016058764188771054,821.29999999999995,0.015913040529657609,821.29999999999995,0.015808812932868777,821.29999999999995,0.016011079745343881,821.29999999999995,0.016084153505760281,821.29999999999995,0.016272856743216092,821.29999999999995,0.015713910293905717,821.29999999999995,0.014289268668989429,821.29999999999995,0.015366767545755873,821.29999999999995,0.015614641879233318,821.29999999999995,0.015789866314013717,821.29999999999995,0.015488585403897831,821.29999999999995,0.015925205361003024,821.29999999999995,0.015827801937895777,821.29999999999995,0.015937794054067801,821.29999999999995,0.016162016903605369,821.29999999999995,0.015622652865729086,821.29999999999995,0.014814645270127073,821.29999999999995,0.015725736035875654
822,0.015904902384646032,822,0.016367971313038836,822,0.015478878970524653,822,0.015390673346727363,822,0.014928070666225852,822,0.01520099522731704,822,0.015516051643311884,822,0.015753032730601968,822,0.015888159846731604,822,0.016166297906970824,822,0.015202351584818969,822,0.015440434712579366,822,0.015739384383238814,822,0.015662750184379848,822,0.015818773683273567,822,0.015291659249086575,822,0.01607313310105711,822,0.016191305748412634,822,0.015688817680120037,822,0.01591329484668922,822,0.016363987012876922,822,0.015927833303663014,822,0.015501386027822282,822,0.014790909013843324,822,0.016145359138034807,822,0.016526961843968027,822,0.015926731263192693,822,0.015607605774692064,822,0.016709519086493221,822,0.016008451802683892,822,0.01569229334621873,822,0.015837126895721542,822,0.015823520934530318,822,0.015337309156260862,822,0.016071691971211312,822,0.015560090875952629,822,0.014309190169799004,822,0.015472309113874689,822,0.015145172638878292,822,0.016001458084314569,822,0.015693141069657437,822,0.015769817654688337,822,0.01528797165212821,822,0.016513906903011959,822,0.015071590244398667,822,0.016190161321770383,822,0.016181768859727205,822,0.016145359138034807,822,0.015876291718589727,822,0.015784059408458583,822,0.016073641735120332,822,0.015474004560752101,822,0.014899629544857289,822,0.014909844612293685,822,0.015327263633512203,822,0.016019599365902869,822,0.015691191305748409,822,0.015659867924688247,822,0.01595580817714029,822,0.015578359316056729,822,0.016280698185024117,822,0.015913422005205024,822,0.015173232284699439,822,0.015178954417910701
822.70000000000005,0.015739596314098488,822.70000000000005,0.015624517857294235,822.70000000000005,0.015580605783169296,822.70000000000005,0.015528852267236333,822.70000000000005,0.014794130362910406,822.70000000000005,0.015608750201334315,822.70000000000005,0.01548977221671202,822.70000000000005,0.015424963759822996,822.70000000000005,0.016164517687749545,822.70000000000005,0.015956062494171898,822.70000000000005,0.014892084806252809,822.70000000000005,0.015938048371099411,822.70000000000005,0.015438442562498411,822.70000000000005,0.01627056788993159,822.70000000000005,0.015640751761145443,822.70000000000005,0.015309461441299388,822.70000000000005,0.015773886727194118,822.70000000000005,0.015677585344557189,822.70000000000005,0.015054720547968428,822.70000000000005,0.015417376635046583,822.70000000000005,0.016169010621974688,822.70000000000005,0.015553987267193951,822.70000000000005,0.015852343531446302,822.70000000000005,0.015174080008138146,822.70000000000005,0.015832549189152528,822.70000000000005,0.016194654255995523,822.70000000000005,0.01598013783983113,822.70000000000005,0.015614387562201707,822.70000000000005,0.015925374905690765,822.70000000000005,0.016155107957579917,822.70000000000005,0.015322685926943191,822.70000000000005,0.015381899409136765,822.70000000000005,0.015604808287344341,822.70000000000005,0.014677780320948096,822.70000000000005,0.01538673143273738,822.70000000000005,0.015927155124912048,822.70000000000005,0.014714401973500164,822.70000000000005,0.0149518069225096,822.70000000000005,0.015088375168485033,822.70000000000005,0.015384315420937074,822.70000000000005,0.015781304307282792,822.70000000000005,0.015626552393547131,822.70000000000005,0.014731865076337494,822.70000000000005,0.016308757830845264,822.70000000000005,0.015464933919957954,822.70000000000005,0.01628425862346668,822.70000000000005,0.016046133109534344,822.70000000000005,0.016537855090155387,822.70000000000005,0.015465993574256336,822.70000000000005,0.015594169358188586,822.70000000000005,0.016049057755397882,822.70000000000005,0.015493502199842326,822.70000000000005,0.014920822630824922,822.70000000000005,0.014131634495562168,822.70000000000005,0.015304375100667159,822.70000000000005,0.015931436128277514,822.70000000000005,0.015608114408755286,822.70000000000005,0.01559035460271441,822.70000000000005,0.015814238362876498,822.70000000000005,0.015330824071954763,822.70000000000005,0.015909395318871172,822.70000000000005,0.016412731110602482,822.70000000000005,0.014883310868662207,822.70000000000005,0.015093334350601461
823.39999999999998,0.016116833244322375,823.39999999999998,0.015702508413655128,823.39999999999998,0.015840856878851842,823.39999999999998,0.015812839619202625,823.39999999999998,0.014755982808168665,823.39999999999998,0.015562973135644226,823.39999999999998,0.015879724998516483,823.39999999999998,0.01559196527724795,823.39999999999998,0.015968693573408608,823.39999999999998,0.015443189813755158,823.39999999999998,0.015120122411264552,823.39999999999998,0.015523511609572495,823.39999999999998,0.015939447114773273,823.39999999999998,0.016893644617380028,823.39999999999998,0.015435602688978745,823.39999999999998,0.015605316921407559,823.39999999999998,0.016258784534133579,823.39999999999998,0.015764053135305139,823.39999999999998,0.015566745504946466,823.39999999999998,0.015460610530420558,823.39999999999998,0.015584929172706695,823.39999999999998,0.015736247806515599,823.39999999999998,0.015784525656349871,823.39999999999998,0.015457219636665735,823.39999999999998,0.016249629120995566,823.39999999999998,0.015931012266558159,823.39999999999998,0.016068301077456493,823.39999999999998,0.015844968337529561,823.39999999999998,0.016171214702915316,823.39999999999998,0.016052533421496571,823.39999999999998,0.015970346634114084,823.39999999999998,0.015468367199884711,823.39999999999998,0.016001542856658446,823.39999999999998,0.014693887066283497,823.39999999999998,0.015443528903130641,823.39999999999998,0.015660969965158564,823.39999999999998,0.014701686121919584,823.39999999999998,0.015033188372625314,823.39999999999998,0.015418987309580124,823.39999999999998,0.01563354611191645,823.39999999999998,0.015982214762255965,823.39999999999998,0.0162063952256216,823.39999999999998,0.01518370166916745,823.39999999999998,0.0161722743572137,823.39999999999998,0.01556411756228648,823.39999999999998,0.01595025558861677,823.39999999999998,0.016141078134669345,823.39999999999998,0.016274213100718027,823.39999999999998,0.015450734552359638,823.39999999999998,0.015332222815628627,823.39999999999998,0.015680298059561049,823.39999999999998,0.01575714418927969,823.39999999999998,0.015837211668065409,823.39999999999998,0.014519891830489221,823.39999999999998,0.015573951154175463,823.39999999999998,0.015884811339148715,823.39999999999998,0.015530123852394391,823.39999999999998,0.016344828463162174,823.39999999999998,0.015726075125251138,823.39999999999998,0.015686867916211017,823.39999999999998,0.015768673228046079,823.39999999999998,0.016886608512838772,823.39999999999998,0.015480108169510776,823.39999999999998,0.014960241770724718
824.10000000000002,0.015823520934530318,824.10000000000002,0.015321880589676425,824.10000000000002,0.015540762781550149,824.10000000000002,0.015778930681654414,824.10000000000002,0.014982324966302996,824.10000000000002,0.015653679543585701,824.10000000000002,0.015952629214245145,824.10000000000002,0.015480065783338841,824.10000000000002,0.016105177047040169,824.10000000000002,0.01514733433364699,824.10000000000002,0.015429541466392005,824.10000000000002,0.016010104863389371,824.10000000000002,0.015707170892568009,824.10000000000002,0.016152734331951545,824.10000000000002,0.015616167781422987,824.10000000000002,0.015647703093342825,824.10000000000002,0.015485660758034297,824.10000000000002,0.01587001856514331,824.10000000000002,0.015536227461153072,824.10000000000002,0.015754770563651318,824.10000000000002,0.015222103540940805,824.10000000000002,0.015637064164187073,824.10000000000002,0.015303018743165229,824.10000000000002,0.015949746954553545,824.10000000000002,0.016544636877665029,824.10000000000002,0.015819112772649052,824.10000000000002,0.016264972915236132,824.10000000000002,0.016053508303451081,824.10000000000002,0.016003365462051656,824.10000000000002,0.015799064113323668,824.10000000000002,0.015675338877444617,824.10000000000002,0.015741334147147835,824.10000000000002,0.015791307443859516,824.10000000000002,0.015029585548010819,824.10000000000002,0.015616464484626533,824.10000000000002,0.015755914990293565,824.10000000000002,0.014916160151912038,824.10000000000002,0.014842450598916609,824.10000000000002,0.015196036045200614,824.10000000000002,0.01524274560667328,824.10000000000002,0.016011885082610651,824.10000000000002,0.016090257114518964,824.10000000000002,0.015092995261225976,824.10000000000002,0.015813687342641332,824.10000000000002,0.015709078270305096,824.10000000000002,0.015261056432949314,824.10000000000002,0.015675677966820102,824.10000000000002,0.016074150369183558,824.10000000000002,0.015157422242567586,824.10000000000002,0.01530679111246747,824.10000000000002,0.015388681196646407,824.10000000000002,0.016026720242787992,824.10000000000002,0.015170901045243001,824.10000000000002,0.014645354899417616,824.10000000000002,0.015532412705678901,824.10000000000002,0.015995015386180412,824.10000000000002,0.015559794172749082,824.10000000000002,0.016847528462314451,824.10000000000002,0.015694709358019043,824.10000000000002,0.015751294897552625,824.10000000000002,0.016163712350482782,824.10000000000002,0.016406797046531543,824.10000000000002,0.015242745606673278,824.10000000000002,0.015071293541195119
824.89999999999998,0.015933724981562019,824.89999999999998,0.015533811449352763,824.89999999999998,0.015686571213007469,824.89999999999998,0.015758585319125488,824.89999999999998,0.01519510354941804,824.89999999999998,0.015468028110509227,824.89999999999998,0.016272220950637063,824.89999999999998,0.015878495799530361,824.89999999999998,0.015606715665081422,824.89999999999998,0.015331290319846052,824.89999999999998,0.015635538261997404,824.89999999999998,0.015267499131083474,824.89999999999998,0.015783466002051487,824.89999999999998,0.015978103303578239,824.89999999999998,0.015823012300467093,824.89999999999998,0.016053762620482692,824.89999999999998,0.015856115900748539,824.89999999999998,0.01574370777277621,824.89999999999998,0.015926180242957538,824.89999999999998,0.015608114408755289,824.89999999999998,0.015337393928604731,824.89999999999998,0.016317786085467474,824.89999999999998,0.015672626162440768,824.89999999999998,0.016303247628493681,824.89999999999998,0.016364071785220789,824.89999999999998,0.015374057967328736,824.89999999999998,0.015485915075065909,824.89999999999998,0.016315454846011039,824.89999999999998,0.016395013690733533,824.89999999999998,0.016044903910548223,824.89999999999998,0.015563439383535512,824.89999999999998,0.015628586929800022,824.89999999999998,0.015931181811245903,824.89999999999998,0.015093164805913717,824.89999999999998,0.015665632444071445,824.89999999999998,0.015410891550740484,824.89999999999998,0.015292549358697217,824.89999999999998,0.015035731542941431,824.89999999999998,0.014735722217983607,824.89999999999998,0.015495367191407473,824.89999999999998,0.016233140900112752,824.89999999999998,0.016436976000949451,824.89999999999998,0.015681315327687493,824.89999999999998,0.015682290209642007,824.89999999999998,0.015595483329518581,824.89999999999998,0.015160177343743378,824.89999999999998,0.015359477124183007,824.89999999999998,0.015921560150216594,824.89999999999998,0.015098929325296915,824.89999999999998,0.015874765816400058,824.89999999999998,0.015584505310987345,824.89999999999998,0.015887693598840315,824.89999999999998,0.015866881988420095,824.89999999999998,0.015520205488161545,824.89999999999998,0.015969838000050862,824.89999999999998,0.015762739163975144,824.89999999999998,0.015675932283851713,824.89999999999998,0.016984859659384725,824.89999999999998,0.016054991819468817,824.89999999999998,0.016229410916982445,824.89999999999998,0.015869552317252022,824.89999999999998,0.016268618126022569,824.89999999999998,0.015721709349541802,824.89999999999998,0.015061968583369362
825.60000000000002,0.015825216381407731,825.60000000000002,0.015766087671558033,825.60000000000002,0.015506006120563225,825.60000000000002,0.015529699990675043,825.60000000000002,0.01544687741071353,825.60000000000002,0.01523236099454914,825.60000000000002,0.016512126683790682,825.60000000000002,0.016055669998219779,825.60000000000002,0.01570759475428736,825.60000000000002,0.015530505327941809,825.60000000000002,0.015268474013037986,825.60000000000002,0.015436196095385843,825.60000000000002,0.014956087925875062,825.60000000000002,0.015527114434186992,825.60000000000002,0.015917957325602094,825.60000000000002,0.015835897696735417,825.60000000000002,0.01543225418139586,825.60000000000002,0.016222671515644733,825.60000000000002,0.016167781422988567,825.60000000000002,0.015422462975678817,825.60000000000002,0.015105965429838169,825.60000000000002,0.016017691988165775,825.60000000000002,0.015603112840466929,825.60000000000002,0.016057407831269129,825.60000000000002,0.016036850537880523,825.60000000000002,0.015692801980281952,825.60000000000002,0.015763968362961268,825.60000000000002,0.015917872553258224,825.60000000000002,0.016747666641234962,825.60000000000002,0.016367886540694963,825.60000000000002,0.015648211727406051,825.60000000000002,0.015768461297186405,825.60000000000002,0.015812500529827155,825.60000000000002,0.015762018599052244,825.60000000000002,0.015890279155328365,825.60000000000002,0.015259996778650933,825.60000000000002,0.015214558802336322,825.60000000000002,0.015240880615108128,825.60000000000002,0.014948500801098651,825.60000000000002,0.015790374948076936,825.60000000000002,0.015628714088315829,825.60000000000002,0.015785076676585033,825.60000000000002,0.015490577553978788,825.60000000000002,0.016273153446419639,825.60000000000002,0.015258937124352553,825.60000000000002,0.015786644964946635,825.60000000000002,0.015027169536210508,825.60000000000002,0.016236065545976279,825.60000000000002,0.015030263726761781,825.60000000000002,0.01563909870043997,825.60000000000002,0.01543700143265261,825.60000000000002,0.015821571170621294,825.60000000000002,0.015532878953570186,825.60000000000002,0.015443062655239355,825.60000000000002,0.015939319956257469,825.60000000000002,0.015822927528123226,825.60000000000002,0.015895492654476401,825.60000000000002,0.016783101480972847,825.60000000000002,0.016332197383925467,825.60000000000002,0.015836067241423158,825.60000000000002,0.016735077948170193,825.60000000000002,0.016236404635351764,825.60000000000002,0.015908208506056985,825.60000000000002,0.015329001466561548
826.29999999999995,0.01583030272203996,826.29999999999995,0.015572806727533209,826.29999999999995,0.016051940015089475,826.29999999999995,0.015383043835779016,826.29999999999995,0.015571492756203219,826.29999999999995,0.015631638734179363,826.29999999999995,0.016713884862202551,826.29999999999995,0.015931902376168799,826.29999999999995,0.015326119206869951,826.29999999999995,0.015309249510439712,826.29999999999995,0.015215067436399551,826.29999999999995,0.015414155285979501,826.29999999999995,0.015044251163500421,826.29999999999995,0.01573904529386333,826.29999999999995,0.015455948051507674,826.29999999999995,0.015573103430736757,826.29999999999995,0.015739977789645906,826.29999999999995,0.015984461229368533,826.29999999999995,0.016676415486211779,826.29999999999995,0.015069810025177386,826.29999999999995,0.015091554131380179,826.29999999999995,0.015752354551851002,826.29999999999995,0.016146503564677062,826.29999999999995,0.016229495689326315,826.29999999999995,0.015573145816908692,826.29999999999995,0.015668218000559498,826.29999999999995,0.01552406262980765,826.29999999999995,0.015699159906072242,826.29999999999995,0.016473004247094428,826.29999999999995,0.016580665123810009,826.29999999999995,0.015879640226172612,826.29999999999995,0.015239481871434262,826.29999999999995,0.016138874053728713,826.29999999999995,0.015650119105143141,826.29999999999995,0.015591032781465373,826.29999999999995,0.015404957486669547,826.29999999999995,0.015689283928011322,826.29999999999995,0.015389232216881564,826.29999999999995,0.015343539923535345,826.29999999999995,0.015966701423327651,826.29999999999995,0.015301492840975562,826.29999999999995,0.015928341937726236,826.29999999999995,0.015326966930308654,826.29999999999995,0.016197706060374864,826.29999999999995,0.015202139653959295,826.29999999999995,0.016036723379364716,826.29999999999995,0.015221298203674034,826.29999999999995,0.015798640251604316,826.29999999999995,0.015416825614811423,826.29999999999995,0.01603583326975408,826.29999999999995,0.015808304298805555,826.29999999999995,0.015534192924900179,826.29999999999995,0.015910963607232778,826.29999999999995,0.015639734493019,826.29999999999995,0.01630299331146207,826.29999999999995,0.015328704763358,826.29999999999995,0.01550130125547841,826.29999999999995,0.016599145494773784,826.29999999999995,0.016327111043293235,826.29999999999995,0.016262472131091953,826.29999999999995,0.016330713867907735,826.29999999999995,0.016444096877834578,826.29999999999995,0.015489433127336538,826.29999999999995,0.015897823893932843
827,0.015581919754499293,827,0.015689792562074551,827,0.016027356035367025,827,0.015349982621669507,827,0.01514763103685054,827,0.015287463018064986,827,0.016587574069835458,827,0.015545340488119154,827,0.01551770470401736,827,0.015731415782914981,827,0.015261692225528341,827,0.015770199130235751,827,0.015215491298118902,827,0.015707679526631234,827,0.015085492908793434,827,0.015135678136364792,827,0.015565346761272601,827,0.016355764095521478,827,0.017007875350745574,827,0.015374990463111315,827,0.01507714283292219,827,0.015643845951696721,827,0.015409831896442103,827,0.015631850665039037,827,0.015965641769029273,827,0.015661436213049853,827,0.016225977637055689,827,0.015605910327814653,827,0.016205123640463531,827,0.01619495095919907,827,0.016303501945525288,827,0.01534205640751761,827,0.016089706094283805,827,0.015932411010232021,827,0.015776684214541849,827,0.015173528987902984,827,0.015079770775582172,827,0.015691021761060669,827,0.015837762688300568,827,0.016075210023481938,827,0.014664004815069132,827,0.015177258971033291,827,0.015170138094148163,827,0.015749260361299727,827,0.015079219755347015,827,0.015695938557005164,827,0.015171282520790417,827,0.015351889999406593,827,0.015535506896230174,827,0.015632316912930322,827,0.015507362478065155,827,0.01531717572459161,827,0.015613412680247197,827,0.015743156752541052,827,0.015650246263658945,827,0.015838186550019923,827,0.015455524189788322,827,0.016664420199554091,827,0.015605698396954977,827,0.015637699956766105,827,0.01667488958402211,827,0.015949874113069355,827,0.015218161626950824,827,0.015935123725235881
827.79999999999995,0.015787916550104697,827.79999999999995,0.015449886828920933,827.79999999999995,0.016333384196739659,827.79999999999995,0.015609385993913346,827.79999999999995,0.015106940311792681,827.79999999999995,0.015422251044819141,827.79999999999995,0.016390902232055814,827.79999999999995,0.014976518060747859,827.79999999999995,0.015432084636708119,827.79999999999995,0.015876376490933597,827.79999999999995,0.015355789527224637,827.79999999999995,0.015611674847197851,827.79999999999995,0.015579164653323499,827.79999999999995,0.015903503640972174,827.79999999999995,0.015284707916889189,827.79999999999995,0.015015301408068633,827.79999999999995,0.015778973067826354,827.79999999999995,0.016055669998219779,827.79999999999995,0.016834092045810975,827.79999999999995,0.015619982536897165,827.79999999999995,0.015869764248111692,827.79999999999995,0.015588743928180873,827.79999999999995,0.015442893110551614,827.79999999999995,0.015456371913227029,827.79999999999995,0.015666395395166278,827.79999999999995,0.015661436213049853,827.79999999999995,0.015944533455405512,827.79999999999995,0.015777150462433134,827.79999999999995,0.015933852140077816,827.79999999999995,0.015882141010316791,827.79999999999995,0.015998321507591361,827.79999999999995,0.015151318633808905,827.79999999999995,0.015709925993743802,827.79999999999995,0.015878156710154877,827.79999999999995,0.01544183345625323,827.79999999999995,0.015714376541797002,827.79999999999995,0.015435814619838424,827.79999999999995,0.015574035926519333,827.79999999999995,0.015347778540728871,827.79999999999995,0.015749684223019082,827.79999999999995,0.015137882217305427,827.79999999999995,0.015142502310046371,827.79999999999995,0.014735255970092315,827.79999999999995,0.015522918203165398,827.79999999999995,0.015380161576087417,827.79999999999995,0.01535515373464561,827.79999999999995,0.015674830243381399,827.79999999999995,0.01506451175368548,827.79999999999995,0.015768630841874146,827.79999999999995,0.015696743894271933,827.79999999999995,0.015620957418851673,827.79999999999995,0.015492654476403618,827.79999999999995,0.015922831735374652,827.79999999999995,0.015359985758246231,827.79999999999995,0.015454422149318008,827.79999999999995,0.016051812856573672,827.79999999999995,0.015591159939981178,827.79999999999995,0.016382976017903915,827.79999999999995,0.01521659333858922,827.79999999999995,0.016101404677737935,827.79999999999995,0.015594042199672782,827.79999999999995,0.015938005984927481,827.79999999999995,0.014712070734043724,827.79999999999995,0.015880021701720034
828.5,0.016146503564677062,828.5,0.01619927434873647,828.5,0.015896806625806396,828.5,0.015439841306172274,828.5,0.015045056500767193,828.5,0.014692361164093826,828.5,0.0162145757568051,828.5,0.014951086357586699,828.5,0.015171833541025574,828.5,0.01600099183642328,828.5,0.015394784805405085,828.5,0.014867373668014548,828.5,0.015853827047464037,828.5,0.015987428261404004,828.5,0.015355916685740443,828.5,0.015380670210150641,828.5,0.015807795664742337,828.5,0.016070929020116476,828.5,0.016616227122063697,828.5,0.015597941727490823,828.5,0.015900282291905085,828.5,0.015584505310987345,828.5,0.015112280969456523,828.5,0.014943499232810287,828.5,0.01551634834651543,828.5,0.01545798258776057,828.5,0.015981833286708547,828.5,0.016105219433212109,828.5,0.015809236794588136,828.5,0.01642214084077211,828.5,0.01587455388554038,828.5,0.015609089290709798,828.5,0.015121605927282287,828.5,0.016018878800979967,828.5,0.015530844417317292,828.5,0.015984800318744014,828.5,0.014929723726931325,828.5,0.015492654476403618,828.5,0.015597856955146955,828.5,0.016131159770436495,828.5,0.014794554224629757,828.5,0.014474496240346552,828.5,0.014661504030924949,828.5,0.015720437764383748,828.5,0.015019879114637643,828.5,0.015180522706272305,828.5,0.015479006129040461,828.5,0.015537541432483067,828.5,0.015630451921365175,828.5,0.015500919779930995,828.5,0.015104693844680115,828.5,0.0159809431770979,828.5,0.015723616727278893,828.5,0.015394742419233151,828.5,0.015362020294499122,828.5,0.016485847257190812,828.5,0.015962462806134121,828.5,0.016437230317981059,828.5,0.01489361070844248,828.5,0.015532582250366637,828.5,0.015304968507074255,828.5,0.015988021667811096,828.5,0.015137627900273813,828.5,0.015675720352992042
829.20000000000005,0.015939659045632958,829.20000000000005,0.01635440773801955,829.20000000000005,0.015762018599052244,829.20000000000005,0.015846748556750841,829.20000000000005,0.015758839636157103,829.20000000000005,0.015217101972652441,829.20000000000005,0.016802048099827913,829.20000000000005,0.015037554148334645,829.20000000000005,0.015438866424217764,829.20000000000005,0.016096784584996988,829.20000000000005,0.015343073675644059,829.20000000000005,0.015222569788832093,829.20000000000005,0.015761425192645152,829.20000000000005,0.016153582055390251,829.20000000000005,0.015972211625679238,829.20000000000005,0.01538406110390546,829.20000000000005,0.015921390605528853,829.20000000000005,0.01627862126259929,829.20000000000005,0.016237294744962404,829.20000000000005,0.016014173935895153,829.20000000000005,0.016219026304858299,829.20000000000005,0.015604850673516272,829.20000000000005,0.015677712503072996,829.20000000000005,0.015147800581538279,829.20000000000005,0.015785076676585033,829.20000000000005,0.016320965048362623,829.20000000000005,0.015817374939599709,829.20000000000005,0.016517213024422911,829.20000000000005,0.015854166136839518,829.20000000000005,0.01610000593406407,829.20000000000005,0.016117850512448816,829.20000000000005,0.015622652865729086,829.20000000000005,0.014903741003535009,829.20000000000005,0.015970558564973762,829.20000000000005,0.015207014063731848,829.20000000000005,0.016626526961843968,829.20000000000005,0.015414621533870788,829.20000000000005,0.015650331036002815,829.20000000000005,0.015155345320142758,829.20000000000005,0.01608283953443029,829.20000000000005,0.015446453548994177,829.20000000000005,0.01488733755499606,829.20000000000005,0.015086213473716333,829.20000000000005,0.016157015335317007,829.20000000000005,0.015753159889117775,829.20000000000005,0.015478073633257886,829.20000000000005,0.015958817595347695,829.20000000000005,0.015364605850987173,829.20000000000005,0.015659274518281158,829.20000000000005,0.015982426693115642,829.20000000000005,0.015429371921704264,829.20000000000005,0.016613344862372099,829.20000000000005,0.015265846070378003,829.20000000000005,0.015402371930181499,829.20000000000005,0.015928299551554306,829.20000000000005,0.016062833261276839,829.20000000000005,0.016371913227028814,829.20000000000005,0.016342285292846061,829.20000000000005,0.015339513237201499,829.20000000000005,0.015897103329009944,829.20000000000005,0.015611844391885591,829.20000000000005,0.016497503454473015,829.20000000000005,0.015533514746149214,829.20000000000005,0.016039393708196639
829.89999999999998,0.015772657528208001,829.89999999999998,0.016345082780193788,829.89999999999998,0.015446665479853851,829.89999999999998,0.015729762722209505,829.89999999999998,0.015597772182803085,829.89999999999998,0.015651984096708288,829.89999999999998,0.016640132923035188,829.89999999999998,0.015025686020192769,829.89999999999998,0.015333748717818299,829.89999999999998,0.016073896052151943,829.89999999999998,0.015763544501241913,829.89999999999998,0.015196290362232225,829.89999999999998,0.015949619796037741,829.89999999999998,0.016037443944287615,829.89999999999998,0.015620406398616511,829.89999999999998,0.015456965319634123,829.89999999999998,0.015750150470910371,829.89999999999998,0.016019217890355448,829.89999999999998,0.016189822232394905,829.89999999999998,0.015762400074599663,829.89999999999998,0.015674787857209462,829.89999999999998,0.015752354551851002,829.89999999999998,0.015737053143782372,829.89999999999998,0.015341081525563099,829.89999999999998,0.016113993370802708,829.89999999999998,0.015911514627467937,829.89999999999998,0.015469808329730508,829.89999999999998,0.016402770360197688,829.89999999999998,0.015878750116561972,829.89999999999998,0.016579817400371299,829.89999999999998,0.016121241406203638,829.89999999999998,0.015818476980070023,829.89999999999998,0.01552257911378992,829.89999999999998,0.015300857048396531,829.89999999999998,0.015201927723099614,829.89999999999998,0.016283198969168296,829.89999999999998,0.015198452057000923,829.89999999999998,0.0158537846612921,829.89999999999998,0.015213838237413426,829.89999999999998,0.016165068707984707,829.89999999999998,0.015282842925324043,829.89999999999998,0.015309503827471326,829.89999999999998,0.01591783016708629,829.89999999999998,0.015886591558369998,829.89999999999998,0.015617524138924917,829.89999999999998,0.015259360986071904,829.89999999999998,0.015516305960343495,829.89999999999998,0.015583318498173156,829.89999999999998,0.01523286962861236,829.89999999999998,0.016157905444927647,829.89999999999998,0.01536748811067877,829.89999999999998,0.016420911641785978,829.89999999999998,0.015031874401295324,829.89999999999998,0.015543094021006587,829.89999999999998,0.015771470715393809,829.89999999999998,0.015666098691962733,829.89999999999998,0.016143875622017072,829.89999999999998,0.016352457974110522,829.89999999999998,0.014994489797648416,829.89999999999998,0.015647024914591863,829.89999999999998,0.015915329382942111,829.89999999999998,0.016455117282537745,829.89999999999998,0.015987046785856579,829.89999999999998,0.01588171714859744
830.60000000000002,0.015172469333604607,830.60000000000002,0.016040750065698568,830.60000000000002,0.015717089256800862,830.60000000000002,0.015636513143951918,830.60000000000002,0.015152717377482772,830.60000000000002,0.016003789323771014,830.60000000000002,0.016611310326119209,830.60000000000002,0.014667946729059111,830.60000000000002,0.015460059510185397,830.60000000000002,0.016004382730178107,830.60000000000002,0.015281189864618565,830.60000000000002,0.015588786314352803,830.60000000000002,0.015561362461110688,830.60000000000002,0.015792451870501767,830.60000000000002,0.015778930681654414,830.60000000000002,0.015256902588099657,830.60000000000002,0.01548735620491171,830.60000000000002,0.015956486355891253,830.60000000000002,0.01583038749438383,830.60000000000002,0.015953985571747074,830.60000000000002,0.015557802022668125,830.60000000000002,0.015794740723786272,830.60000000000002,0.015795546061053045,830.60000000000002,0.015329213397421224,830.60000000000002,0.016397132999330297,830.60000000000002,0.016458296245432887,830.60000000000002,0.015341802090486001,830.60000000000002,0.016292566313165995,830.60000000000002,0.016606944550409872,830.60000000000002,0.015899095479090901,830.60000000000002,0.01557361206479998,830.60000000000002,0.015637064164187076,830.60000000000002,0.015805718742317506,830.60000000000002,0.015255079982706444,830.60000000000002,0.015097657740138855,830.60000000000002,0.015953434551511912,830.60000000000002,0.015026364198943733,830.60000000000002,0.015893627662911251,830.60000000000002,0.014747590346125482,830.60000000000002,0.015642871069742208,830.60000000000002,0.016050032637352392,830.60000000000002,0.015345108211896953,830.60000000000002,0.01583560099353187,830.60000000000002,0.015247408085586158,830.60000000000002,0.015657367140544071,830.60000000000002,0.015281401795478244,830.60000000000002,0.015749429905987468,830.60000000000002,0.015462941769876998,830.60000000000002,0.015406652933546957,830.60000000000002,0.015703525681781579,830.60000000000002,0.015545510032806896,830.60000000000002,0.016422607088663391,830.60000000000002,0.014775861922806305,830.60000000000002,0.015393894695794445,830.60000000000002,0.015602773751091445,830.60000000000002,0.015581326348092197,830.60000000000002,0.015795461288709168,830.60000000000002,0.0160955977721828,830.60000000000002,0.015343751854395024,830.60000000000002,0.01603782541983503,830.60000000000002,0.016085721794121887,830.60000000000002,0.016209277485313194,830.60000000000002,0.016502462636589436,830.60000000000002,0.015679958970185565
831.39999999999998,0.015326754999448982,831.39999999999998,0.015353246356908523,831.39999999999998,0.015854420453871129,831.39999999999998,0.015210108254283126,831.39999999999998,0.014995040817883576,831.39999999999998,0.01596818493934539,831.39999999999998,0.015410933936912423,831.39999999999998,0.014589108449259513,831.39999999999998,0.015528725108720533,831.39999999999998,0.015419453557471409,831.39999999999998,0.015191331180115798,831.39999999999998,0.015271737748277003,831.39999999999998,0.015586794164271847,831.39999999999998,0.01566783652501208,831.39999999999998,0.015228758169934638,831.39999999999998,0.015407797360189213,831.39999999999998,0.015491594822105239,831.39999999999998,0.015653849088273442,831.39999999999998,0.016177106380814325,831.39999999999998,0.015007078490713191,831.39999999999998,0.015553563405474598,831.39999999999998,0.015619261971974262,831.39999999999998,0.015568356179480007,831.39999999999998,0.015406356230343412,831.39999999999998,0.015937666895551997,831.39999999999998,0.015866585285216551,831.39999999999998,0.015394360943685733,831.39999999999998,0.015718657545162468,831.39999999999998,0.016848545730440902,831.39999999999998,0.016154260234141214,831.39999999999998,0.015396437866110559,831.39999999999998,0.015752354551851002,831.39999999999998,0.015779439315717642,831.39999999999998,0.01514402821223604,831.39999999999998,0.015439290285937114,831.39999999999998,0.015687249391758432,831.39999999999998,0.014851733170570432,831.39999999999998,0.015802921254969779,831.39999999999998,0.014468689334791418,831.39999999999998,0.01549451946796877,831.39999999999998,0.016155998067190563,831.39999999999998,0.015820681061010661,831.39999999999998,0.015281189864618565,831.39999999999998,0.015282164746573077,831.39999999999998,0.015429329535532329,831.39999999999998,0.01515254783279503,831.39999999999998,0.015531564982240191,831.39999999999998,0.01567063401235981,831.39999999999998,0.015569415833778388,831.39999999999998,0.015456838161118317,831.39999999999998,0.015301365682459754,831.39999999999998,0.016252214677483615,831.39999999999998,0.015160728363978537,831.39999999999998,0.014986987445215875,831.39999999999998,0.015562930749472292,831.39999999999998,0.015828861592194158,831.39999999999998,0.015688648135432293,831.39999999999998,0.016249883438027177,831.39999999999998,0.01534799047158855,831.39999999999998,0.016027652738570566,831.39999999999998,0.015527919771453763,831.39999999999998,0.016344065512067345,831.39999999999998,0.016090469045378634,831.39999999999998,0.015154370438188243
832.10000000000002,0.015445436280867732,832.10000000000002,0.015804235226299774,832.10000000000002,0.015969710841535058,832.10000000000002,0.015286403363766604,832.10000000000002,0.015046751947644602,832.10000000000002,0.01527220399616829,832.10000000000002,0.015506726685486125,832.10000000000002,0.014660317218110763,832.10000000000002,0.01550329340555937,832.10000000000002,0.015778040572043777,832.10000000000002,0.015306621567779727,832.10000000000002,0.015493841289217807,832.10000000000002,0.015518128565736714,832.10000000000002,0.015551698413909448,832.10000000000002,0.015629731356442276,832.10000000000002,0.01570026194654256,832.10000000000002,0.016023117418173496,832.10000000000002,0.016167569492128889,832.10000000000002,0.016028754779040883,832.10000000000002,0.015444503785085153,832.10000000000002,0.015993531870162676,832.10000000000002,0.015486169392097522,832.10000000000002,0.015655671693666658,832.10000000000002,0.015361426888092031,832.10000000000002,0.015796097081288197,832.10000000000002,0.016355721709349541,832.10000000000002,0.015685977806600377,832.10000000000002,0.015761043717097731,832.10000000000002,0.016978247416562817,832.10000000000002,0.01580584590083331,832.10000000000002,0.01521502505022761,832.10000000000002,0.015683688953315868,832.10000000000002,0.015542076752880144,832.10000000000002,0.016078219441689343,832.10000000000002,0.015792790959877252,832.10000000000002,0.015415130167934013,832.10000000000002,0.014458389495011145,832.10000000000002,0.015409577579410492,832.10000000000002,0.014683163364783872,832.10000000000002,0.015474174105439839,832.10000000000002,0.016302654222086585,832.10000000000002,0.015650288649830878,832.10000000000002,0.01520404703169638,832.10000000000002,0.015336419046650219,832.10000000000002,0.015450522621499962,832.10000000000002,0.01514322287496927,832.10000000000002,0.015689241541839389,832.10000000000002,0.015753710909352934,832.10000000000002,0.015921221060841109,832.10000000000002,0.015361893135983318,832.10000000000002,0.015795588447224979,832.10000000000002,0.015901257173859599,832.10000000000002,0.015046285699753314,832.10000000000002,0.015422717292710426,832.10000000000002,0.015853699888948233,832.10000000000002,0.015877181828200367,832.10000000000002,0.015544535150852386,832.10000000000002,0.01651606859778066,832.10000000000002,0.015511601095258684,832.10000000000002,0.015850478539881148,832.10000000000002,0.015828013868755458,832.10000000000002,0.016171129930571449,832.10000000000002,0.016224409348694083,832.10000000000002,0.015133177352220611
832.79999999999995,0.015351338979171437,832.79999999999995,0.01541936878512754,832.79999999999995,0.015371218093809076,832.79999999999995,0.015939998135008435,832.79999999999995,0.015420597984113663,832.79999999999995,0.015622313776353603,832.79999999999995,0.015273602739842155,832.79999999999995,0.015134194620347057,832.79999999999995,0.015685553944881022,832.79999999999995,0.015790756423624357,832.79999999999995,0.015365114485050395,832.79999999999995,0.01581767164280325,832.79999999999995,0.0156580029331231,832.79999999999995,0.015970473792629895,832.79999999999995,0.015372871154514548,832.79999999999995,0.015675677966820102,832.79999999999995,0.016218093809075729,832.79999999999995,0.016133660554580671,832.79999999999995,0.015993150394615262,832.79999999999995,0.015430092486627165,832.79999999999995,0.015684960538473926,832.79999999999995,0.015850690470740822,832.79999999999995,0.015487822452802997,832.79999999999995,0.015573357747768368,832.79999999999995,0.015851199104804047,832.79999999999995,0.015810635538261994,832.79999999999995,0.015616464484626537,832.79999999999995,0.015697464459194833,832.79999999999995,0.016648482998906436,832.79999999999995,0.015799064113323665,832.79999999999995,0.015973737527868907,832.79999999999995,0.01609653026796538,832.79999999999995,0.015681103396827822,832.79999999999995,0.016022269694734789,832.79999999999995,0.016029305799276045,832.79999999999995,0.016007688851589059,832.79999999999995,0.014721183761009808,832.79999999999995,0.015604553970312726,832.79999999999995,0.014622975000635792,832.79999999999995,0.015714927562032157,832.79999999999995,0.015669404813373686,832.79999999999995,0.015974966726855031,832.79999999999995,0.015244737756754237,832.79999999999995,0.015733153615964328,832.79999999999995,0.016056644880174289,832.79999999999995,0.015252579198562263,832.79999999999995,0.015568017090104525,832.79999999999995,0.015389189830709631,832.79999999999995,0.016132304197078746,832.79999999999995,0.01556195586751778,832.79999999999995,0.01548871256241364,832.79999999999995,0.015547756499919465,832.79999999999995,0.01529551639073269,832.79999999999995,0.015875401608979087,832.79999999999995,0.015708739180929618,832.79999999999995,0.015707637140459293,832.79999999999995,0.01538092452718225,832.79999999999995,0.016405864550748959,832.79999999999995,0.015399701601349578,832.79999999999995,0.015981027949441774,832.79999999999995,0.015930588404838807,832.79999999999995,0.016555148648304978,832.79999999999995,0.015180014072209081,832.79999999999995,0.015220492866407264
833.5,0.015388638810474472,833.5,0.01611534972830464,833.5,0.015350025007841443,833.5,0.015699244678416116,833.5,0.014919593431838801,833.5,0.015110288819375569,833.5,0.015366004594661037,833.5,0.015368166289429736,833.5,0.015566024940023565,833.5,0.015945889812907434,833.5,0.015486338936785263,833.5,0.015497232182972628,833.5,0.015864847452167204,833.5,0.015499987284148418,833.5,0.015388977899849951,833.5,0.015549367174453007,833.5,0.0163401659842493,833.5,0.01652869967701737,833.5,0.01585836236786111,833.5,0.015469935488246314,833.5,0.015339089375482144,833.5,0.015552291820316538,833.5,0.01581843459389809,833.5,0.015721709349541806,833.5,0.015947839576816458,833.5,0.015819112772649052,833.5,0.015367233793647161,833.5,0.015913633936064694,833.5,0.016371277434449785,833.5,0.016193255512321654,833.5,0.015924569568423995,833.5,0.015896467536430911,833.5,0.015347100361977912,833.5,0.015879852157032293,833.5,0.016002178649237472,833.5,0.015524486491527004,833.5,0.014534684604494629,833.5,0.015817332553427769,833.5,0.015261310749980926,833.5,0.015426701592872339,833.5,0.015437976314607122,833.5,0.015960555428397041,833.5,0.015847469121673747,833.5,0.015571238439171605,833.5,0.015539533582564024,833.5,0.01550265761298034,833.5,0.01571128235124573,833.5,0.01553330281528954,833.5,0.015905962038944413,833.5,0.015742520959962022,833.5,0.015896467536430918,833.5,0.015326500682417369,833.5,0.015062392445088715,833.5,0.016316217797105875,833.5,0.015432381339911665,833.5,0.015730525673304338,833.5,0.015057094173596804,833.5,0.016126115815976193,833.5,0.015242872765189085,833.5,0.016201436043505168,833.5,0.015577935454337378,833.5,0.016682307164110784,833.5,0.015222400244144349,833.5,0.015379864872883869
834.29999999999995,0.014852877597212686,834.29999999999995,0.015971236743724727,834.29999999999995,0.015093164805913717,834.29999999999995,0.015861159855208837,834.29999999999995,0.014973000008477238,834.29999999999995,0.015220492866407264,834.29999999999995,0.015056585539533585,834.29999999999995,0.015561447233454557,834.29999999999995,0.015670294922984326,834.29999999999995,0.015366046980832972,834.29999999999995,0.014686935734086111,834.29999999999995,0.015448911946966421,834.29999999999995,0.015519824012614125,834.29999999999995,0.015600866373354358,834.29999999999995,0.014934598136703879,834.29999999999995,0.015367954358570059,834.29999999999995,0.015774734450632825,834.29999999999995,0.01616502632181277,834.29999999999995,0.015419241626611735,834.29999999999995,0.01541822435848529,834.29999999999995,0.015058492917270672,834.29999999999995,0.015794740723786272,834.29999999999995,0.015523426837228621,834.29999999999995,0.015399574442833771,834.29999999999995,0.015727431482753063,834.29999999999995,0.015803853750752352,834.29999999999995,0.015479981010994973,834.29999999999995,0.015415172554105946,834.29999999999995,0.016420445393894693,834.29999999999995,0.01550999042072514,834.29999999999995,0.016353517628408903,834.29999999999995,0.015719293337741493,834.29999999999995,0.015348795808855323,834.29999999999995,0.015508549290879343,834.29999999999995,0.015768206980154791,834.29999999999995,0.016065334045421025,834.29999999999995,0.014927180556615209,834.29999999999995,0.015694412654815495,834.29999999999995,0.014901876011969855,834.29999999999995,0.015431787933504571,834.29999999999995,0.014947992167035427,834.29999999999995,0.015741842781211057,834.29999999999995,0.014898866593762453,834.29999999999995,0.015238930851199104,834.29999999999995,0.015497995134067463,834.29999999999995,0.01621644074837025,834.29999999999995,0.015751973076303587,834.29999999999995,0.014913616981595925,834.29999999999995,0.015839839610725395,834.29999999999995,0.015632316912930325,834.29999999999995,0.015604002950077566,834.29999999999995,0.015522324796758306,834.29999999999995,0.01506154472165001,834.29999999999995,0.0155608962132194,834.29999999999995,0.014981392470520417,834.29999999999995,0.01546942685418309,834.29999999999995,0.015630155218161624,834.29999999999995,0.015809067249900392,834.29999999999995,0.015452260454549309,834.29999999999995,0.015999677865093292,834.29999999999995,0.015302425336758138,834.29999999999995,0.016695870739130068,834.29999999999995,0.01461627798547002,834.29999999999995,0.015013648347363155
835,0.015626849096750679,835,0.015689792562074551,835,0.015324593304680282,835,0.015633122250197095,835,0.014531336096911745,835,0.014898357959699229,835,0.014692912184328985,835,0.015655544535150851,835,0.015683010774564906,835,0.015789060976746944,835,0.014993811618897452,835,0.015716792553597314,835,0.01541301085933725,835,0.015817883573662928,835,0.015284707916889193,835,0.01546798572433729,835,0.015914608818019215,835,0.016313377923586208,835,0.015930418860151063,835,0.015725100243296628,835,0.015542543000771429,835,0.015246263658943906,835,0.015666692098369829,835,0.015483499063265601,835,0.015700304332714497,835,0.015697888320914184,835,0.015973356052321492,835,0.015528767494892463,835,0.016122894466909114,835,0.015641387553724469,835,0.01569144562278002,835,0.015470910370200826,835,0.015241982655578447,835,0.015345786390647915,835,0.015567296525181623,835,0.015393089358527675,835,0.015033145986453377,835,0.015627442503157767,835,0.015271483431245389,835,0.015427549316311046,835,0.015431194527097481,835,0.015874087637649095,835,0.015504141128998075,835,0.015487313818739775,835,0.015156362588269206,835,0.016517382569110652,835,0.015559539855717472,835,0.015465484940193111,835,0.015537202343107584,835,0.015841704602290549,835,0.01651615337012453,835,0.015713910293905717,835,0.015782109644549566,835,0.015273517967498281,835,0.015022083195578274,835,0.015664403245085324,835,0.016115053025101085,835,0.016096445495621507,835,0.015551444096877835,835,0.015814874155455523,835,0.015427040682247825,835,0.016839136000271274,835,0.015299543077066536,835,0.014995846155150342
835.70000000000005,0.015915922789349207,835.70000000000005,0.015849164568551156,835.70000000000005,0.015417842882937871,835.70000000000005,0.016138365419665488,835.70000000000005,0.015451116027907058,835.70000000000005,0.015601968413824675,835.70000000000005,0.015460949619796039,835.70000000000005,0.015535167806854691,835.70000000000005,0.016079745343879012,835.70000000000005,0.015935717131642976,835.70000000000005,0.015271017183354104,835.70000000000005,0.015661690530081467,835.70000000000005,0.015269745598196046,835.70000000000005,0.016407899087001857,835.70000000000005,0.015739087680035263,835.70000000000005,0.015781643396658274,835.70000000000005,0.015776429897510238,835.70000000000005,0.016426125140934021,835.70000000000005,0.016074531844730972,835.70000000000005,0.016577910022634215,835.70000000000005,0.015775666946415402,835.70000000000005,0.015403940218543103,835.70000000000005,0.015688732907776171,835.70000000000005,0.015807329416851049,835.70000000000005,0.015988530301874315,835.70000000000005,0.016027652738570569,835.70000000000005,0.016188677805752651,835.70000000000005,0.015693225842001304,835.70000000000005,0.016755296152183314,835.70000000000005,0.015260759729745764,835.70000000000005,0.015818604138585827,835.70000000000005,0.015839670066037658,835.70000000000005,0.016009172367606794,835.70000000000005,0.016189271212159746,835.70000000000005,0.015741927553554927,835.70000000000005,0.016306087502013341,835.70000000000005,0.015628247840424537,835.70000000000005,0.015644396971931877,835.70000000000005,0.015391012436102846,835.70000000000005,0.015827674779379974,835.70000000000005,0.01583301543704382,835.70000000000005,0.016039393708196639,835.70000000000005,0.015461754957062809,835.70000000000005,0.015945084475640664,835.70000000000005,0.016021040495748668,835.70000000000005,0.016783567728864138,835.70000000000005,0.015605316921407559,835.70000000000005,0.015889346659545792,835.70000000000005,0.016145867772098033,835.70000000000005,0.016025660588489612,835.70000000000005,0.016796749828336,835.70000000000005,0.016173376397684021,835.70000000000005,0.016716300874002863,835.70000000000005,0.015626170917999713,835.70000000000005,0.015515458236904794,835.70000000000005,0.015751718759271973,835.70000000000005,0.01646007646465417,835.70000000000005,0.01650335274620008,835.70000000000005,0.016215211549384132,835.70000000000005,0.015629222722379047,835.70000000000005,0.016314607122572333,835.70000000000005,0.016812856573671407,835.70000000000005,0.015533514746149214,835.70000000000005,0.014951764536337666
836.39999999999998,0.016411841000991838,836.39999999999998,0.015197265244186738,836.39999999999998,0.015670464467672063,836.39999999999998,0.015722980934699864,836.39999999999998,0.015428227495062013,836.39999999999998,0.016215720183447354,836.39999999999998,0.015621169349711353,836.39999999999998,0.015473283995829199,836.39999999999998,0.016203512965929992,836.39999999999998,0.015824665361172573,836.39999999999998,0.015574502174410622,836.39999999999998,0.015539618354907896,836.39999999999998,0.015695302764426135,836.39999999999998,0.016105261819384046,836.39999999999998,0.0159501708162729,836.39999999999998,0.016030026364198941,836.39999999999998,0.015902740689877334,836.39999999999998,0.016728762408551832,836.39999999999998,0.016383950899858429,836.39999999999998,0.01639141086611904,836.39999999999998,0.015601035918042098,836.39999999999998,0.014679984401888731,836.39999999999998,0.015804871018878806,836.39999999999998,0.016348176970745063,836.39999999999998,0.016102972966099541,836.39999999999998,0.015530039080050524,836.39999999999998,0.015875867856870379,836.39999999999998,0.016275611844391885,836.39999999999998,0.016052533421496571,836.39999999999998,0.015849079796207286,836.39999999999998,0.015213329603350203,836.39999999999998,0.015600612056322745,836.39999999999998,0.01613972177716742,836.39999999999998,0.015948517755567427,836.39999999999998,0.015488458245382026,836.39999999999998,0.015921221060841109,836.39999999999998,0.015643506862321233,836.39999999999998,0.01570034671888643,836.39999999999998,0.015840305858616684,836.39999999999998,0.015688648135432297,836.39999999999998,0.015838949501114759,836.39999999999998,0.0161911362037249,836.39999999999998,0.016308630672329461,836.39999999999998,0.016847062214423163,836.39999999999998,0.016397429702533845,836.39999999999998,0.016318167561014896,836.39999999999998,0.015243339013080373,836.39999999999998,0.016231826928782757,836.39999999999998,0.015843230504480221,836.39999999999998,0.016366445410849164,836.39999999999998,0.016673829929723726,836.39999999999998,0.016093690394445713,836.39999999999998,0.016814636792892686,836.39999999999998,0.016050880360791098,836.39999999999998,0.015444249468053541,836.39999999999998,0.015734764290497867,836.39999999999998,0.0154207675288014,836.39999999999998,0.016322787653755836,836.39999999999998,0.016294897552622433,836.39999999999998,0.01588269203055195,836.39999999999998,0.016293414036604701,836.39999999999998,0.016988335325483415,836.39999999999998,0.015765790968354482,836.39999999999998,0.015446835024541595
837.10000000000002,0.015862516212710766,837.10000000000002,0.015611802005713658,837.10000000000002,0.015313572899977111,837.10000000000002,0.015915414155285978,837.10000000000002,0.015751210125208755,837.10000000000002,0.015850351381365344,837.10000000000002,0.016154387392657021,837.10000000000002,0.015608072022583352,837.10000000000002,0.016156040453362493,837.10000000000002,0.015472012410671143,837.10000000000002,0.015520247874333476,837.10000000000002,0.015103040783974637,837.10000000000002,0.015921644922560468,837.10000000000002,0.016055246136500431,837.10000000000002,0.01538219611234031,837.10000000000002,0.016186855200359437,837.10000000000002,0.015845943219484078,837.10000000000002,0.016931368310402411,837.10000000000002,0.0158727736663191,837.10000000000002,0.015809024863728458,837.10000000000002,0.015366216525520714,837.10000000000002,0.015056373608673908,837.10000000000002,0.015565813009163893,837.10000000000002,0.015809024863728458,837.10000000000002,0.016074150369183558,837.10000000000002,0.016116663699634631,837.10000000000002,0.015383340538982564,837.10000000000002,0.016293414036604701,837.10000000000002,0.016039817569915991,837.10000000000002,0.01564816934123411,837.10000000000002,0.015854208523011452,837.10000000000002,0.015367488110678774,837.10000000000002,0.016002390580097149,837.10000000000002,0.016067199036986175,837.10000000000002,0.015774988767664432,837.10000000000002,0.015992429829692362,837.10000000000002,0.015304417486839092,837.10000000000002,0.015900409450420899,837.10000000000002,0.015545298101947224,837.10000000000002,0.015925162974831094,837.10000000000002,0.015685511558709089,837.10000000000002,0.015941905512745526,837.10000000000002,0.016235726456600801,837.10000000000002,0.016646151759449997,837.10000000000002,0.016483897493281791,837.10000000000002,0.016353771945440521,837.10000000000002,0.015673982519942693,837.10000000000002,0.016246238227240747,837.10000000000002,0.015880530335783256,837.10000000000002,0.015879004433593587,837.10000000000002,0.01637882217305426,837.10000000000002,0.015845307426905045,837.10000000000002,0.016106787721573715,837.10000000000002,0.016048337190474982,837.10000000000002,0.015327263633512203,837.10000000000002,0.015502488068292597,837.10000000000002,0.015246136500428099,837.10000000000002,0.016076100133092582,837.10000000000002,0.016543280520163104,837.10000000000002,0.016461687139187709,837.10000000000002,0.016286632249095059,837.10000000000002,0.016550062307672746,837.10000000000002,0.015952290124869661,837.10000000000002,0.015440053237031952
837.79999999999995,0.015388638810474472,837.79999999999995,0.015086213473716336,837.79999999999995,0.015301704771835234,837.79999999999995,0.015324550918508349,837.79999999999995,0.015093376736773398,837.79999999999995,0.01572827920619177,837.79999999999995,0.015637276095046754,837.79999999999995,0.015502954316183889,837.79999999999995,0.015536354619668877,837.79999999999995,0.015305858616684891,837.79999999999995,0.014889541635936691,837.79999999999995,0.01534125107025084,837.79999999999995,0.015733450319167872,837.79999999999995,0.015446580707509981,837.79999999999995,0.015133813144799639,837.79999999999995,0.016165662114391802,837.79999999999995,0.016098564804218271,837.79999999999995,0.016328636945482901,837.79999999999995,0.015575222739333521,837.79999999999995,0.015512321660181582,837.79999999999995,0.015347566609869199,837.79999999999995,0.015019921500809576,837.79999999999995,0.015186880632062598,837.79999999999995,0.015335995184930867,837.79999999999995,0.015843569593855703,837.79999999999995,0.016042064037028559,837.79999999999995,0.015101048633893679,837.79999999999995,0.016249332417792018,837.79999999999995,0.015126819426430321,837.79999999999995,0.015743962089807818,837.79999999999995,0.015342183566033415,837.79999999999995,0.01488598119749413,837.79999999999995,0.015724337292201792,837.79999999999995,0.01534154777345439,837.79999999999995,0.015213795851241489,837.79999999999995,0.015421911955443653,837.79999999999995,0.015116222883446502,837.79999999999995,0.015610488034383663,837.79999999999995,0.015438484948670348,837.79999999999995,0.015873451845070063,837.79999999999995,0.01558124157574833,837.79999999999995,0.01546972355738664,837.79999999999995,0.016007688851589059,837.79999999999995,0.016179056144723345,837.79999999999995,0.016035451794206658,837.79999999999995,0.016127429787306191,837.79999999999995,0.015387451997660282,837.79999999999995,0.015311199274348739,837.79999999999995,0.015306621567779729,837.79999999999995,0.015421233776692692,837.79999999999995,0.01608127124606868,837.79999999999995,0.01547824317794563,837.79999999999995,0.015560006103608758,837.79999999999995,0.015291320159711097,837.79999999999995,0.01479489331400524,837.79999999999995,0.01553300611208599,837.79999999999995,0.014957062807829574,837.79999999999995,0.015978611937641461,837.79999999999995,0.016304222510448191,837.79999999999995,0.01668039978637369,837.79999999999995,0.016447699702449078,837.79999999999995,0.016299136169815962,837.79999999999995,0.015671693666658191,837.79999999999995,0.015753710909352934
838.5,0.015573442520112238,838.5,0.015883921229538075,838.5,0.015351720454718852,838.5,0.015709417359680577,838.5,0.014855166450497191,838.5,0.015252706357078068,838.5,0.015779693632749253,838.5,0.015680128514873305,838.5,0.015317641972482896,838.5,0.0153389198307944,838.5,0.015157422242567584,838.5,0.015919398455447892,838.5,0.015707170892568009,838.5,0.015931478514449447,838.5,0.015455948051507674,838.5,0.015783338843535683,838.5,0.0165783762705255,838.5,0.01608110170138094,838.5,0.01550231852360486,838.5,0.015912447123250514,838.5,0.015195824114340936,838.5,0.015469214923323411,838.5,0.015422547748022687,838.5,0.015168145944067209,838.5,0.016132643286454227,838.5,0.016194654255995526,838.5,0.015470656053169215,838.5,0.016282393631901527,838.5,0.015601544552105318,838.5,0.01577448013360121,838.5,0.015626170917999713,838.5,0.015119952866576808,838.5,0.015184337461746482,838.5,0.01569589617083323,838.5,0.015233293490331713,838.5,0.015133685986283833,838.5,0.015307808380593913,838.5,0.015726626145486297,838.5,0.015363885286064277,838.5,0.01620660715648127,838.5,0.016404381034731231,838.5,0.015513805176199319,838.5,0.016234878733162091,838.5,0.015440689029610977,838.5,0.015900663767452507,838.5,0.016083348168493512,838.5,0.015716368691877963,838.5,0.015389189830709629,838.5,0.015661817688597271,838.5,0.015301704771835234,838.5,0.016086357586700916,838.5,0.01586819595975009,838.5,0.01532772988140349,838.5,0.015016657765570561,838.5,0.015143307647313144,838.5,0.015589803582479248,838.5,0.015721709349541806,838.5,0.016133745326924541,838.5,0.016179607164958504,838.5,0.016681247509812397,838.5,0.016452786043081306,838.5,0.016293202105745024,838.5,0.015887015420089346,838.5,0.015651984096708288
839.29999999999995,0.015616676415486211,839.29999999999995,0.015646558666700578,839.29999999999995,0.015545001398743671,839.29999999999995,0.015096513313496604,839.29999999999995,0.014913659367767861,839.29999999999995,0.015451921365173827,839.29999999999995,0.01560506260437595,839.29999999999995,0.015464806761442145,839.29999999999995,0.015549918194688164,839.29999999999995,0.015271101955697973,839.29999999999995,0.015211676542644728,839.29999999999995,0.016071140950976153,839.29999999999995,0.015499478650085196,839.29999999999995,0.015279579190085027,839.29999999999995,0.015786560192602762,839.29999999999995,0.014988174258030061,839.29999999999995,0.016574985376770681,839.29999999999995,0.015585183489738306,839.29999999999995,0.01524291515136102,839.29999999999995,0.016377847291099753,839.29999999999995,0.015133092579876741,839.29999999999995,0.015369183557556183,839.29999999999995,0.015627696820189385,839.29999999999995,0.015386010867814484,839.29999999999995,0.016453082746284851,839.29999999999995,0.015635156786449986,839.29999999999995,0.015638505294032875,839.29999999999995,0.016132346583250679,839.29999999999995,0.015743962089807818,839.29999999999995,0.015629519425582595,839.29999999999995,0.014931037698261318,839.29999999999995,0.015099607504047879,839.29999999999995,0.015165687546094965,839.29999999999995,0.015439035968905503,839.29999999999995,0.014850122496036889,839.29999999999995,0.015086213473716333,839.29999999999995,0.015061120859930657,839.29999999999995,0.015655417376635047,839.29999999999995,0.015374905690767446,839.29999999999995,0.015725100243296628,839.29999999999995,0.016322999584615517,839.29999999999995,0.015298483422768159,839.29999999999995,0.015471927638327269,839.29999999999995,0.015378805218585487,839.29999999999995,0.015460695302764428,839.29999999999995,0.015951103312055476,839.29999999999995,0.015168739350474301,839.29999999999995,0.014910226087841105,839.29999999999995,0.015691488008951961,839.29999999999995,0.015477183523647247,839.29999999999995,0.015840517789476361,839.29999999999995,0.015849546044098575,839.29999999999995,0.01506154472165001,839.29999999999995,0.014660613921314311,839.29999999999995,0.01524249128964167,839.29999999999995,0.015092189923959207,839.29999999999995,0.015627612047845511,839.29999999999995,0.016146461178505121,839.29999999999995,0.016103312055475022,839.29999999999995,0.015859803497706906,839.29999999999995,0.016437527021184613,839.29999999999995,0.016002432966269083,839.29999999999995,0.014890940379610553,839.29999999999995,0.015605359307579492
840,0.016192280630367151,840,0.016160279070556022,840,0.015522960589337333,840,0.015468663903088254,840,0.01496282732721277,840,0.015119613777201326,840,0.015662707798207911,840,0.015682671685189425,840,0.015298992056831381,840,0.014751447487771591,840,0.015874596271712314,840,0.015979586819595975,840,0.016053042055559796,840,0.015832294872120921,840,0.015479684307791427,840,0.015001737833049344,840,0.016323211515475191,840,0.016283707603231518,840,0.015380246348431286,840,0.016162525537668594,840,0.015182260539321651,840,0.015534489628103724,840,0.015883709298678401,840,0.01537922908030484,840,0.016596348007426057,840,0.015587684273882489,840,0.015727516255096937,840,0.016497715385332689,840,0.0158041504539559,840,0.015955892949484161,840,0.014975967040512702,840,0.015557378160948772,840,0.015134321778862866,840,0.015087230741842782,840,0.015057814738519703,840,0.015070106728380932,840,0.014994998431711636,840,0.015721539804854065,840,0.015169756618600748,840,0.015686952688554887,840,0.016330629095563865,840,0.015357824063477531,840,0.015922068784279816,840,0.015217737765231469,840,0.01532505955257157,840,0.015773081389927349,840,0.015339979485092784,840,0.015773208548443156,840,0.015840687334164105,840,0.015817120622568095,840,0.015646389122012834,840,0.016144553800768034,840,0.014853004755728493,840,0.015140425387621542,840,0.01520943007553216,840,0.014801420784483269,840,0.015715775285470867,840,0.016090511431550568,840,0.016145698227410289,840,0.015436789501792935,840,0.015800886718716888,840,0.016526326051388998,840,0.014790061290404617,840,0.015632486457618066
840.70000000000005,0.015567508456041301,840.70000000000005,0.015661817688597271,840.70000000000005,0.015138094148165101,840.70000000000005,0.01545001398743674,840.70000000000005,0.015232403380721075,840.70000000000005,0.014942439578511905,840.70000000000005,0.015644057882556395,840.70000000000005,0.015474131719267906,840.70000000000005,0.015734721904325934,840.70000000000005,0.015020175817841189,840.70000000000005,0.015703356137093831,840.70000000000005,0.01504709103702008,840.70000000000005,0.015626637165891001,840.70000000000005,0.015185481888388733,840.70000000000005,0.015381348388901607,840.70000000000005,0.015211973245848274,840.70000000000005,0.015993447097818806,840.70000000000005,0.016687223960055272,840.70000000000005,0.015624390698778429,840.70000000000005,0.016071819129727119,840.70000000000005,0.015306028161372635,840.70000000000005,0.015953265006824171,840.70000000000005,0.015681951120266529,840.70000000000005,0.015335147461492164,840.70000000000005,0.016558200452684312,840.70000000000005,0.015398641947051194,840.70000000000005,0.015561362461110687,840.70000000000005,0.016257809652179073,840.70000000000005,0.016313632240617819,840.70000000000005,0.015906724990039249,840.70000000000005,0.015217568220543728,840.70000000000005,0.016004128413146496,840.70000000000005,0.015220789569610814,840.70000000000005,0.01495583360884345,840.70000000000005,0.014884879157023811,840.70000000000005,0.015000593406407092,840.70000000000005,0.014733899612590388,840.70000000000005,0.015285809957359512,840.70000000000005,0.015201122385832848,840.70000000000005,0.016004848978069395,840.70000000000005,0.01619584106880971,840.70000000000005,0.015437510066715834,840.70000000000005,0.015321880589676425,840.70000000000005,0.01533811449352763,840.70000000000005,0.015243678102455856,840.70000000000005,0.015767147325856413,840.70000000000005,0.015424751828963317,840.70000000000005,0.015849503657926638,840.70000000000005,0.015612649729152365,840.70000000000005,0.015522960589337333,840.70000000000005,0.015367488110678774,840.70000000000005,0.016017395284962231,840.70000000000005,0.01487335011825742,840.70000000000005,0.015317599586310961,840.70000000000005,0.015163653009842071,840.70000000000005,0.014877715893966751,840.70000000000005,0.015737816094877205,840.70000000000005,0.016375346506955567,840.70000000000005,0.015976153539669219,840.70000000000005,0.01577333570695896,840.70000000000005,0.016097589922263764,840.70000000000005,0.016312699744835246,840.70000000000005,0.014685791307443859,840.70000000000005,0.015288310741503691
841.39999999999998,0.015522579113789917,841.39999999999998,0.015629604197926469,841.39999999999998,0.015699287064588049,841.39999999999998,0.015615320057984283,841.39999999999998,0.014986563583496522,841.39999999999998,0.01542733738545137,841.39999999999998,0.016161169180166662,841.39999999999998,0.015229987368920762,841.39999999999998,0.015543136407178521,841.39999999999998,0.015008307689699312,841.39999999999998,0.015956825445266738,841.39999999999998,0.015180183616896823,841.39999999999998,0.016061519289946848,841.39999999999998,0.015476251027864671,841.39999999999998,0.015761128489441601,841.39999999999998,0.015790120631045325,841.39999999999998,0.015904436136754744,841.39999999999998,0.016958495460440984,841.39999999999998,0.015803260344345264,841.39999999999998,0.015944660613921316,841.39999999999998,0.015564583810177767,841.39999999999998,0.01599734662563685,841.39999999999998,0.016198214694438089,841.39999999999998,0.01580139535278011,841.39999999999998,0.016230131481905344,841.39999999999998,0.015652958978662802,841.39999999999998,0.015565601078304214,841.39999999999998,0.016112848944160457,841.39999999999998,0.016331434432830631,841.39999999999998,0.016260225663979382,841.39999999999998,0.015244695370582302,841.39999999999998,0.016286420318235378,841.39999999999998,0.015484431559048179,841.39999999999998,0.014693039342844791,841.39999999999998,0.014768741045921178,841.39999999999998,0.015137924603477361,841.39999999999998,0.015298483422768155,841.39999999999998,0.015532497478022768,841.39999999999998,0.015596161508269544,841.39999999999998,0.016076057746920645,841.39999999999998,0.015995778337275252,841.39999999999998,0.01605041411289981,841.39999999999998,0.015842382781041515,841.39999999999998,0.01551359324533964,841.39999999999998,0.015716707781253444,841.39999999999998,0.015876503649449408,841.39999999999998,0.015801988759187202,841.39999999999998,0.016127556945821995,841.39999999999998,0.015580436238481557,841.39999999999998,0.016195205276230685,841.39999999999998,0.015738790976831719,841.39999999999998,0.016025872519349282,841.39999999999998,0.015148860235836663,841.39999999999998,0.015216720497105023,841.39999999999998,0.015401015572679571,841.39999999999998,0.015567762773072912,841.39999999999998,0.015942117443605193,841.39999999999998,0.016246492544272354,841.39999999999998,0.015852385917618238,841.39999999999998,0.015742817663165567,841.39999999999998,0.016066224155031665,841.39999999999998,0.016907801598806407,841.39999999999998,0.014992667192255197,841.39999999999998,0.015088248009969227
842.10000000000002,0.015223332739926926,842.10000000000002,0.015404109763230844,842.10000000000002,0.015492442545543944,842.10000000000002,0.015773844341022185,842.10000000000002,0.014911116197451746,842.10000000000002,0.01536545357442588,842.10000000000002,0.01643752702118461,842.10000000000002,0.014823927841780899,842.10000000000002,0.01580423522629977,842.10000000000002,0.015073582394479625,842.10000000000002,0.015295601163076558,842.10000000000002,0.015106431677729458,842.10000000000002,0.015642743911226401,842.10000000000002,0.015311792680755831,842.10000000000002,0.015961191220976067,842.10000000000002,0.01578249112009698,842.10000000000002,0.015867984028890413,842.10000000000002,0.016299814348566921,842.10000000000002,0.016000779905563613,842.10000000000002,0.016258318286242298,842.10000000000002,0.015351805227062724,842.10000000000002,0.01577439536125734,842.10000000000002,0.015757398506311304,842.10000000000002,0.015721709349541806,842.10000000000002,0.016344574146130567,842.10000000000002,0.015460525758076686,842.10000000000002,0.015677500572213319,842.10000000000002,0.015657621457575682,842.10000000000002,0.01653488805811992,842.10000000000002,0.015694794130362913,842.10000000000002,0.015543094021006587,842.10000000000002,0.016389842577757434,842.10000000000002,0.015481040665293358,842.10000000000002,0.015225409662351752,842.10000000000002,0.014684816425489348,842.10000000000002,0.01525321499114129,842.10000000000002,0.015197604333562218,842.10000000000002,0.015508761221739021,842.10000000000002,0.015438484948670348,842.10000000000002,0.015653891474445375,842.10000000000002,0.01581860413858583,842.10000000000002,0.016046175495706284,842.10000000000002,0.015434627807024237,842.10000000000002,0.015859464408331428,842.10000000000002,0.015627696820189385,842.10000000000002,0.015661181896018245,842.10000000000002,0.015473072064969525,842.10000000000002,0.015611293371650433,842.10000000000002,0.015525334214965712,842.10000000000002,0.015604342039453047,842.10000000000002,0.015549748650000424,842.10000000000002,0.015965684155201203,842.10000000000002,0.01474025753838068,842.10000000000002,0.015114145961021674,842.10000000000002,0.015736714054406891,842.10000000000002,0.015701703076388358,842.10000000000002,0.016115900748539792,842.10000000000002,0.01604134347210566,842.10000000000002,0.015849842747302122,842.10000000000002,0.015666522553682085,842.10000000000002,0.016033162940922153,842.10000000000002,0.016230470571280829,842.10000000000002,0.015281740884853722,842.10000000000002,0.015157761331943064
842.79999999999995,0.015747225825046837,842.79999999999995,0.015855098632622092,842.79999999999995,0.016187575765282337,842.79999999999995,0.016138365419665488,842.79999999999995,0.015081508608631522,842.79999999999995,0.016018200622229004,842.79999999999995,0.016584183176080632,842.79999999999995,0.015224053304849827,842.79999999999995,0.015683010774564903,842.79999999999995,0.014901494536422435,842.79999999999995,0.015602477047887895,842.79999999999995,0.015814280749048431,842.79999999999995,0.01616578927290761,842.79999999999995,0.015939955748836498,842.79999999999995,0.016015445521053211,842.79999999999995,0.015350152166357248,842.79999999999995,0.015975644905605994,842.79999999999995,0.016172655832761122,842.79999999999995,0.016522977543806109,842.79999999999995,0.016268490967506766,842.79999999999995,0.015619685833693619,842.79999999999995,0.015623500589167788,842.79999999999995,0.016081228859896747,842.79999999999995,0.016088773598501225,842.79999999999995,0.016520900621381278,842.79999999999995,0.015964921204106371,842.79999999999995,0.01573090714885176,842.79999999999995,0.015811907123420055,842.79999999999995,0.016283961920263133,842.79999999999995,0.015804998177394603,842.79999999999995,0.01507854157659605,842.79999999999995,0.016641616439052924,842.79999999999995,0.015820977764214202,842.79999999999995,0.01565350999889796,842.79999999999995,0.015151064316777292,842.79999999999995,0.016206903859684818,842.79999999999995,0.015769817654688333,842.79999999999995,0.016038588370929866,842.79999999999995,0.01557496842230191,842.79999999999995,0.015273263650466672,842.79999999999995,0.015487144274052036,842.79999999999995,0.016252172291311685,842.79999999999995,0.015788976204403078,842.79999999999995,0.015833184981731561,842.79999999999995,0.015769266634453175,842.79999999999995,0.015833269754075431,842.79999999999995,0.015339131761654077,842.79999999999995,0.016002093876893605,842.79999999999995,0.015816103354441648,842.79999999999995,0.015828141027271262,842.79999999999995,0.015798131617541091,842.79999999999995,0.01578596678619567,842.79999999999995,0.014997117740308404,842.79999999999995,0.01511160279070556,842.79999999999995,0.01627162754422997,842.79999999999995,0.0164671973415393,842.79999999999995,0.016252384222171359,842.79999999999995,0.016094750048744097,842.79999999999995,0.016252511380687167,842.79999999999995,0.015752142620991328,842.79999999999995,0.015750023312394567,842.79999999999995,0.016704347973517122,842.79999999999995,0.015230029755092698,842.79999999999995,0.016164009053686323
843.60000000000002,0.015896425150258981,843.60000000000002,0.016232335562845979,843.60000000000002,0.015770495833439299,843.60000000000002,0.01650627739206361,843.60000000000002,0.015225621593211433,843.60000000000002,0.015886803489229672,843.60000000000002,0.016095894475386348,843.60000000000002,0.015494477081796831,843.60000000000002,0.015586370302552492,843.60000000000002,0.01497609419902851,843.60000000000002,0.015505836575875485,843.60000000000002,0.015433652925069725,843.60000000000002,0.016035239863346984,843.60000000000002,0.016134932139738736,843.60000000000002,0.01552037503284928,843.60000000000002,0.015669743902749167,843.60000000000002,0.015870527199206532,843.60000000000002,0.016214194281257678,843.60000000000002,0.016842569280198026,843.60000000000002,0.016372760950467521,843.60000000000002,0.015455227486584778,843.60000000000002,0.015672668548612701,843.60000000000002,0.015715012334376031,843.60000000000002,0.015870060951315244,843.60000000000002,0.016715877012283508,843.60000000000002,0.015914057797784049,843.60000000000002,0.015651221145613455,843.60000000000002,0.01597551774709019,843.60000000000002,0.016622203572306569,843.60000000000002,0.015910115883794072,843.60000000000002,0.01526673617998864,843.60000000000002,0.01662890058747234,843.60000000000002,0.015645499012402198,843.60000000000002,0.016111280655798855,843.60000000000002,0.015435051668743588,843.60000000000002,0.016115349728304636,843.60000000000002,0.015985139408119492,843.60000000000002,0.015379907259055805,843.60000000000002,0.015132456787297714,843.60000000000002,0.015685257241677478,843.60000000000002,0.015773674796334444,843.60000000000002,0.01627251765384061,843.60000000000002,0.015732178734009818,843.60000000000002,0.015951018539711606,843.60000000000002,0.016239753142934646,843.60000000000002,0.015467053228554717,843.60000000000002,0.015005128726804168,843.60000000000002,0.015756254079669046,843.60000000000002,0.016101786153285353,843.60000000000002,0.015457685884557024,843.60000000000002,0.015489560285852341,843.60000000000002,0.016025872519349286,843.60000000000002,0.015262455176623179,843.60000000000002,0.015671947983689802,843.60000000000002,0.016616650983783048,843.60000000000002,0.016089960411315413,843.60000000000002,0.016436340208370419,843.60000000000002,0.016360935208497577,843.60000000000002,0.016188932122784265,843.60000000000002,0.016459991692310296,843.60000000000002,0.015623712520027469,843.60000000000002,0.016431381026253994,843.60000000000002,0.015981112721785644,843.60000000000002,0.016383569424311014
844.29999999999995,0.015562422115409072,844.29999999999995,0.016358646355213075,844.29999999999995,0.015791688919406931,844.29999999999995,0.016350296279341824,844.29999999999995,0.015460440985732817,844.29999999999995,0.015753710909352934,844.29999999999995,0.015730525673304338,844.29999999999995,0.016104837957664691,844.29999999999995,0.015947500487440976,844.29999999999995,0.01531942219170418,844.29999999999995,0.01581949424819647,844.29999999999995,0.0158888804116545,844.29999999999995,0.015868238345922027,844.29999999999995,0.016092545967803466,844.29999999999995,0.015511050075023522,844.29999999999995,0.015716368691877963,844.29999999999995,0.015947670032128717,844.29999999999995,0.016262514517263883,844.29999999999995,0.016411925773335705,844.29999999999995,0.015905665335740872,844.29999999999995,0.015171240134618484,844.29999999999995,0.015476844434271763,844.29999999999995,0.016106660563057908,844.29999999999995,0.016102337173520512,844.29999999999995,0.016705704331019047,844.29999999999995,0.016081907038647709,844.29999999999995,0.015645287081542517,844.29999999999995,0.01591702482981952,844.29999999999995,0.016812941346015273,844.29999999999995,0.016350932071920853,844.29999999999995,0.015270127073743462,844.29999999999995,0.016387299407441314,844.29999999999995,0.015740444037537198,844.29999999999995,0.016289302577926976,844.29999999999995,0.015333324856098946,844.29999999999995,0.016161126793994729,844.29999999999995,0.016145359138034807,844.29999999999995,0.015783423615879557,844.29999999999995,0.015245204004645525,844.29999999999995,0.015905665335740869,844.29999999999995,0.015393894695794445,844.29999999999995,0.015898671617371549,844.29999999999995,0.015582979408797673,844.29999999999995,0.015726371828454679,844.29999999999995,0.016089706094283802,844.29999999999995,0.015741715622695249,844.29999999999995,0.015412035977382738,844.29999999999995,0.015861371786068515,844.29999999999995,0.016188253944033296,844.29999999999995,0.015686571213007469,844.29999999999995,0.015860015428566583,844.29999999999995,0.015992811305239777,844.29999999999995,0.015474386036299519,844.29999999999995,0.015410001441129847,844.29999999999995,0.01658019887591872,844.29999999999995,0.016134042030128089,844.29999999999995,0.016221866178377963,844.29999999999995,0.016165958817595343,844.29999999999995,0.015671820825173998,844.29999999999995,0.016504921034561682,844.29999999999995,0.016050965133134969,844.29999999999995,0.016442401430957168,844.29999999999995,0.01592770614514721,844.29999999999995,0.01609195256139637
845,0.015294541508778178,845,0.016050922746963028,845,0.015489899375227824,845,0.01570856963624187,845,0.015134067461831253,845,0.015401905682290211,845,0.015613539838763001,845,0.01603871552944567,845,0.015532116002475352,845,0.014947271602112525,845,0.015727092393377586,845,0.015610827123759144,845,0.015902995006908945,845,0.016036596220848916,845,0.015130422251044816,845,0.016247891287946219,845,0.015842552325729252,845,0.015722514686808572,845,0.015990607224299142,845,0.015698820816696761,845,0.015267032883192188,845,0.015253045446453551,845,0.015843866297059247,845,0.015850563312225018,845,0.016302187974195297,845,0.015893712435255117,845,0.015372320134279393,845,0.015817841187490994,845,0.016732407619338269,845,0.016044903910548223,845,0.015588871086696677,845,0.015780329425328282,845,0.015729423632834028,845,0.015642489594194793,845,0.015019667183777964,845,0.015576197621288031,845,0.015676568076430746,845,0.015476547731068217,845,0.015201970109271554,845,0.015844629248154083,845,0.015712638708747659,845,0.015527368751218604,845,0.015251519544263879,845,0.015588192907945709,845,0.015950679450336121,845,0.015573866381831591,845,0.014918660936056221,845,0.01548413485584463,845,0.015779651246577313,845,0.015762018599052244,845,0.016158414078990869,845,0.015782575892440847,845,0.015509142697286439,845,0.015741461305663642,845,0.016306384205216889,845,0.015446538321338046,845,0.016088773598501221,845,0.015436068936870032,845,0.015420046963878506,845,0.016367589837491415,845,0.015763586887413854,845,0.016235556911913057,845,0.016160830090791178,845,0.015293397082135923
845.70000000000005,0.015349643532294026,845.70000000000005,0.015960216339021557,845.70000000000005,0.015403431584479878,845.70000000000005,0.015503420564075174,845.70000000000005,0.015169671846256878,845.70000000000005,0.015296787975890746,845.70000000000005,0.015635580648169341,845.70000000000005,0.016226910132838262,845.70000000000005,0.016154345006485084,845.70000000000005,0.015054932478828107,845.70000000000005,0.015436323253901646,845.70000000000005,0.015828692047506421,845.70000000000005,0.015444376626569348,845.70000000000005,0.015394869577748958,845.70000000000005,0.014956638946110221,845.70000000000005,0.016027483193882829,845.70000000000005,0.015770495833439299,845.70000000000005,0.015633503725744513,845.70000000000005,0.015615065740952672,845.70000000000005,0.015591159939981182,845.70000000000005,0.015598492747725982,845.70000000000005,0.015470910370200829,845.70000000000005,0.015583615201376706,845.70000000000005,0.015596246280613414,845.70000000000005,0.016191136203724896,845.70000000000005,0.016021718674499631,845.70000000000005,0.01535112704831176,845.70000000000005,0.015580478624653492,845.70000000000005,0.016421293117333403,845.70000000000005,0.016037274399599875,845.70000000000005,0.015823690479218059,845.70000000000005,0.016008367030340021,845.70000000000005,0.015780287039156349,845.70000000000005,0.015622144231665863,845.70000000000005,0.015064596526029346,845.70000000000005,0.015792367098157897,845.70000000000005,0.015345108211896949,845.70000000000005,0.015604553970312726,845.70000000000005,0.015153649873265347,845.70000000000005,0.015682714071361358,845.70000000000005,0.015317599586310963,845.70000000000005,0.015184888481981639,845.70000000000005,0.015670294922984326,845.70000000000005,0.015561913481345845,845.70000000000005,0.015367445724506835,845.70000000000005,0.01590617396980409,845.70000000000005,0.015463747107143764,845.70000000000005,0.015625704670108428,845.70000000000005,0.015298144333392674,845.70000000000005,0.015463619948627961,845.70000000000005,0.016216059272822839,845.70000000000005,0.0153638005137204,845.70000000000005,0.015117494468604564,845.70000000000005,0.015582937022625741,845.70000000000005,0.01584098403736765,845.70000000000005,0.015356679636835275,845.70000000000005,0.015592007663419883,845.70000000000005,0.015129193052058693,845.70000000000005,0.014966514924171141,845.70000000000005,0.015387621542348021,845.70000000000005,0.015882268168832602,845.70000000000005,0.016088053033578326,845.70000000000005,0.01589973127166993,845.70000000000005,0.015328153743122843
846.39999999999998,0.015915922789349207,846.39999999999998,0.015832210099777047,846.39999999999998,0.015901892966438628,846.39999999999998,0.015641599484584146,846.39999999999998,0.014923832049032325,846.39999999999998,0.015839330976662173,846.39999999999998,0.015682205437298136,846.39999999999998,0.016180285343709466,846.39999999999998,0.01612721785644651,846.39999999999998,0.015223629443130469,846.39999999999998,0.015581283961920258,846.39999999999998,0.015779524088061509,846.39999999999998,0.015665632444071445,846.39999999999998,0.015716156761018289,846.39999999999998,0.01470825597856955,846.39999999999998,0.015759602587251932,846.39999999999998,0.015750150470910371,846.39999999999998,0.015902232055814109,846.39999999999998,0.016100811271330843,846.39999999999998,0.01610827123759145,846.39999999999998,0.015997770487356205,846.39999999999998,0.015936310538050068,846.39999999999998,0.015745530378169427,846.39999999999998,0.015720013902664393,846.39999999999998,0.016005484770648424,846.39999999999998,0.01634639675152378,846.39999999999998,0.015012037672829616,846.39999999999998,0.015784779973381482,846.39999999999998,0.01610000593406407,846.39999999999998,0.015877054669684563,846.39999999999998,0.01579062926510855,846.39999999999998,0.016333045107364174,846.39999999999998,0.01587438434085264,846.39999999999998,0.015197434788874479,846.39999999999998,0.014954392478997649,846.39999999999998,0.015981409424989192,846.39999999999998,0.015666395395166278,846.39999999999998,0.015275637276095046,846.39999999999998,0.015238422217135884,846.39999999999998,0.015740359265193325,846.39999999999998,0.015601586938277259,846.39999999999998,0.015746929121843292,846.39999999999998,0.016073811279808073,846.39999999999998,0.01578232157540924,846.39999999999998,0.016032908623890538,846.39999999999998,0.015907021693242797,846.39999999999998,0.015495960597814568,846.39999999999998,0.015718954248366012,846.39999999999998,0.015277798970863744,846.39999999999998,0.016002772055644567,846.39999999999998,0.01637712672617685,846.39999999999998,0.015272246382340222,846.39999999999998,0.015746505260123937,846.39999999999998,0.015637191322702883,846.39999999999998,0.015934233615625237,846.39999999999998,0.015235455185100411,846.39999999999998,0.015929401592024616,846.39999999999998,0.015413180404024987,846.39999999999998,0.015191161635428061,846.39999999999998,0.01591066690402923,846.39999999999998,0.015095580817714033,846.39999999999998,0.01660262116087248,846.39999999999998,0.015525885235200865,846.39999999999998,0.015551952730941057
847.10000000000002,0.016033756347329245,847.10000000000002,0.01591783016708629,847.10000000000002,0.01572471876774921,847.10000000000002,0.01589083017556352,847.10000000000002,0.015023015691360851,847.10000000000002,0.015623161499792308,847.10000000000002,0.015566067326195502,847.10000000000002,0.016374414011172993,847.10000000000002,0.016607877046192449,847.10000000000002,0.015771258784534132,847.10000000000002,0.014963293575104057,847.10000000000002,0.015842255622525711,847.10000000000002,0.015322304451395777,847.10000000000002,0.015500835007587126,847.10000000000002,0.01471334231920178,847.10000000000002,0.015981706128192739,847.10000000000002,0.015675550808304298,847.10000000000002,0.016351525478327952,847.10000000000002,0.0158888804116545,847.10000000000002,0.015957376465501893,847.10000000000002,0.015871459694989109,847.10000000000002,0.016271161296338682,847.10000000000002,0.015464086196519247,847.10000000000002,0.015503844425794531,847.10000000000002,0.01655311411205208,847.10000000000002,0.016432864542271729,847.10000000000002,0.01544946296720158,847.10000000000002,0.015845816060968271,847.10000000000002,0.01573548485542077,847.10000000000002,0.015849927519645993,847.10000000000002,0.015784695201037612,847.10000000000002,0.016627205140594934,847.10000000000002,0.015623458202995854,847.10000000000002,0.015463619948627961,847.10000000000002,0.015025601247848899,847.10000000000002,0.015975475360918253,847.10000000000002,0.015731670099946592,847.10000000000002,0.015466375049803752,847.10000000000002,0.015047684443427176,847.10000000000002,0.016090469045378638,847.10000000000002,0.015142120834498956,847.10000000000002,0.016201308884989364,847.10000000000002,0.016522256978883213,847.10000000000002,0.016108695099310798,847.10000000000002,0.015908293278400855,847.10000000000002,0.016036723379364716,847.10000000000002,0.016252977628578451,847.10000000000002,0.015788467570339852,847.10000000000002,0.015477013978959505,847.10000000000002,0.01585272500699372,847.10000000000002,0.016175368547764978,847.10000000000002,0.015832591575324465,847.10000000000002,0.015264998346939293,847.10000000000002,0.015280299755007927,847.10000000000002,0.0155798852182464,847.10000000000002,0.015328704763358,847.10000000000002,0.01549451946796877,847.10000000000002,0.015302976356993294,847.10000000000002,0.015064003119622256,847.10000000000002,0.015756381238184854,847.10000000000002,0.015405847596280192,847.10000000000002,0.016274552190093501,847.10000000000002,0.015431787933504571,847.10000000000002,0.015542627773115299
847.79999999999995,0.016019345048871255,847.79999999999995,0.015688944838635845,847.79999999999995,0.016231657384095016,847.79999999999995,0.015916261878724684,847.79999999999995,0.015212058018192146,847.79999999999995,0.015514652899638021,847.79999999999995,0.015473665471376618,847.79999999999995,0.016015826996600625,847.79999999999995,0.0161568881768012,847.79999999999995,0.01570937497350864,847.79999999999995,0.01500652747047803,847.79999999999995,0.015745615150513297,847.79999999999995,0.015212948127802784,847.79999999999995,0.015966235175436369,847.79999999999995,0.01540169375143053,847.79999999999995,0.015939319956257469,847.79999999999995,0.015920542882090143,847.79999999999995,0.01598530895280724,847.79999999999995,0.016254249213736506,847.79999999999995,0.016040453362495016,847.79999999999995,0.015617142663377501,847.79999999999995,0.015803217958173327,847.79999999999995,0.015361511660435898,847.79999999999995,0.016075210023481942,847.79999999999995,0.016246238227240743,847.79999999999995,0.016355721709349541,847.79999999999995,0.016006417266431001,847.79999999999995,0.015804277612471707,847.79999999999995,0.015505751803531614,847.79999999999995,0.015574417402066748,847.79999999999995,0.015306579181607789,847.79999999999995,0.016191475293100378,847.79999999999995,0.015866754829904291,847.79999999999995,0.015043149123030102,847.79999999999995,0.014917092647694615,847.79999999999995,0.015758458160609685,847.79999999999995,0.015907148851758597,847.79999999999995,0.015837677915956697,847.79999999999995,0.015487652908115254,847.79999999999995,0.016243059264345598,847.79999999999995,0.015604130108593375,847.79999999999995,0.016042784601951462,847.79999999999995,0.016207751583123521,847.79999999999995,0.01568059476276459,847.79999999999995,0.016385561574391971,847.79999999999995,0.015820553902494851,847.79999999999995,0.016035112704831177,847.79999999999995,0.016198765714673245,847.79999999999995,0.015619431516662004,847.79999999999995,0.015991751650941397,847.79999999999995,0.016227927400964709,847.79999999999995,0.015879216364453257,847.79999999999995,0.015632910319337417,847.79999999999995,0.015389656078600917,847.79999999999995,0.016087671558030911,847.79999999999995,0.015489772216712019,847.79999999999995,0.0160379101921789,847.79999999999995,0.015919271296932089,847.79999999999995,0.015836279172282836,847.79999999999995,0.016170070276273069,847.79999999999995,0.015388893127506085,847.79999999999995,0.016712825207904174,847.79999999999995,0.015403813060027294,847.79999999999995,0.015389189830709629
848.60000000000002,0.015809109636072328,848.60000000000002,0.016033120554750219,848.60000000000002,0.015841704602290549,848.60000000000002,0.016097674694607631,848.60000000000002,0.015228164763527546,848.60000000000002,0.015156065885065656,848.60000000000002,0.015700007629510945,848.60000000000002,0.015832718733840269,848.60000000000002,0.015802539779422357,848.60000000000002,0.0156237549061994,848.60000000000002,0.014747124098234194,848.60000000000002,0.015382789518747405,848.60000000000002,0.015123937166738724,848.60000000000002,0.015765324720463197,848.60000000000002,0.015730610445648208,848.60000000000002,0.016272475267668677,848.60000000000002,0.016498690267287203,848.60000000000002,0.015900536608936703,848.60000000000002,0.016328848876342582,848.60000000000002,0.015625916600968102,848.60000000000002,0.01590960724973085,848.60000000000002,0.015716750167425381,848.60000000000002,0.015322516382255454,848.60000000000002,0.015538601086781447,848.60000000000002,0.016273365377279317,848.60000000000002,0.016240431321685612,848.60000000000002,0.01631668404499716,848.60000000000002,0.015544026516789159,848.60000000000002,0.015573569678628045,848.60000000000002,0.015527792612937952,848.60000000000002,0.015341335842594709,848.60000000000002,0.01598463077405627,848.60000000000002,0.015298780125971705,848.60000000000002,0.015128769190339343,848.60000000000002,0.015130718954248364,848.60000000000002,0.015361723591295574,848.60000000000002,0.015273051719606995,848.60000000000002,0.015476547731068215,848.60000000000002,0.015737731322533338,848.60000000000002,0.01637615184422234,848.60000000000002,0.015265040733111232,848.60000000000002,0.015975814450293738,848.60000000000002,0.015785585310648251,848.60000000000002,0.015898459686511868,848.60000000000002,0.016089706094283802,848.60000000000002,0.015496723548909406,848.60000000000002,0.015598535133897919,848.60000000000002,0.016034307367564404,848.60000000000002,0.015399871146037317,848.60000000000002,0.015335613709383453,848.60000000000002,0.015893924366114798,848.60000000000002,0.016193721760212946,848.60000000000002,0.015198875918720278,848.60000000000002,0.01567788204776074,848.60000000000002,0.016018158236057067,848.60000000000002,0.015485533599518491,848.60000000000002,0.015918381187321445,848.60000000000002,0.01584382391088731,848.60000000000002,0.015926985580224314,848.60000000000002,0.016276883429549943,848.60000000000002,0.015740698354568809,848.60000000000002,0.016753515932962031,848.60000000000002,0.01608199181099158,848.60000000000002,0.015664699948288868
849.29999999999995,0.016005781473851975,849.29999999999995,0.015935632359299103,849.29999999999995,0.016094326187024742,849.29999999999995,0.016098522418046338,849.29999999999995,0.015657960546951163,849.29999999999995,0.015293397082135923,849.29999999999995,0.015947542873612913,849.29999999999995,0.015542797317803038,849.29999999999995,0.015522791044649592,849.29999999999995,0.01504475979756364,849.29999999999995,0.015458364063307986,849.29999999999995,0.015898205369480261,849.29999999999995,0.015373167857718098,849.29999999999995,0.015921305833184983,849.29999999999995,0.016118867780575259,849.29999999999995,0.016039351322024702,849.29999999999995,0.016319820621720368,849.29999999999995,0.016013283826284516,849.29999999999995,0.015828692047506421,849.29999999999995,0.016247297881539127,849.29999999999995,0.015843484821511829,849.29999999999995,0.015798131617541091,849.29999999999995,0.015968481642548937,849.29999999999995,0.015877690462263592,849.29999999999995,0.016379330807117485,849.29999999999995,0.016501530140806867,849.29999999999995,0.016558285225028186,849.29999999999995,0.015573696837143849,849.29999999999995,0.015525249442621836,849.29999999999995,0.01598471554640014,849.29999999999995,0.015254868051846764,849.29999999999995,0.015839670066037655,849.29999999999995,0.01550053830438358,849.29999999999995,0.014673541703754565,849.29999999999995,0.015529996693878587,849.29999999999995,0.015826276035706112,849.29999999999995,0.015122156947517442,849.29999999999995,0.015735951103312055,849.29999999999995,0.015620745487991999,849.29999999999995,0.016197282198655509,849.29999999999995,0.015346422183226948,849.29999999999995,0.015510414282444495,849.29999999999995,0.015531268279036647,849.29999999999995,0.015835728152047677,849.29999999999995,0.016625467307545588,849.29999999999995,0.015324635690852217,849.29999999999995,0.01544679263836966,849.29999999999995,0.016197917991234538,849.29999999999995,0.015420216508566245,849.29999999999995,0.015736586895891087,849.29999999999995,0.016301679340132071,849.29999999999995,0.01621915346337411,849.29999999999995,0.015594762764595678,849.29999999999995,0.015328619991014132,849.29999999999995,0.01592151776404466,849.29999999999995,0.01557708773089867,849.29999999999995,0.016382933631731982,849.29999999999995,0.016574561515051326,849.29999999999995,0.016107550672668548,849.29999999999995,0.016405737392233156,849.29999999999995,0.016415486211778272,849.29999999999995,0.01733251104159779,849.29999999999995,0.015487737680459124,849.29999999999995,0.015807965209430074
850,0.015826911828285144,850,0.016156040453362497,850,0.016005315225960687,850,0.016401159685664145,850,0.015332434746488306,850,0.015327306019684139,850,0.016063680984715546,850,0.015848825479175672,850,0.015371048549121333,850,0.015002373625628371,850,0.016000907064079417,850,0.015879555453828745,850,0.016331943066893857,850,0.016128998075667794,850,0.015500029670320352,850,0.016184312030043318,850,0.016534294651712828,850,0.016305748412637856,850,0.015899053092918967,850,0.016051473767198194,850,0.01595114569822741,850,0.015837974619160249,850,0.01665683307477769,850,0.015354645100582388,850,0.016348812763324092,850,0.016484575672032754,850,0.016184439188559122,850,0.015830557039071571,850,0.015619346744318134,850,0.016317870857811348,850,0.015655841238354399,850,0.015842213236353767,850,0.015442045387112909,850,0.015106728380933002,850,0.015780075108296668,850,0.015933089188982986,850,0.014604197926468469,850,0.015772403211176386,850,0.015160431660774989,850,0.016196434475216806,850,0.015492230614684266,850,0.015671481735798513,850,0.015599086154133076,850,0.016196858336936158,850,0.016151589905309294,850,0.01553063248645762,850,0.015417122318014969,850,0.015663004501411462,850,0.015292210269321737,850,0.015984122139993048,850,0.016177911718081091,850,0.016229326144638571,850,0.015843993455575051,850,0.015431194527097481,850,0.015423056382085909,850,0.015908547595432466,850,0.01633376567228707,850,0.016474530149284093,850,0.016077032628875155,850,0.016520180056458379,850,0.016210337139611578,850,0.017299449827488281,850,0.015296999906750422,850,0.016302187974195297
850.70000000000005,0.015783677932911168,850.70000000000005,0.015914439273331468,850.70000000000005,0.016232505107533719,850.70000000000005,0.016251112637013298,850.70000000000005,0.015792748573705315,850.70000000000005,0.015488373473038159,850.70000000000005,0.016285784525656353,850.70000000000005,0.016118401532683971,850.70000000000005,0.015572806727533209,850.70000000000005,0.015517789476361232,850.70000000000005,0.016391707569322584,850.70000000000005,0.016292396768478247,850.70000000000005,0.016314988598119751,850.70000000000005,0.016465544280833824,850.70000000000005,0.015539024948500799,850.70000000000005,0.015773166162271222,850.70000000000005,0.015773886727194118,850.70000000000005,0.016082797148258353,850.70000000000005,0.015815128472487137,850.70000000000005,0.016324440714461316,850.70000000000005,0.015876546035621338,850.70000000000005,0.01594478777243712,850.70000000000005,0.016894195637615191,850.70000000000005,0.015363122334969437,850.70000000000005,0.01626149724913744,850.70000000000005,0.016355721709349541,850.70000000000005,0.016188677805752651,850.70000000000005,0.016125564795741031,850.70000000000005,0.016228012173308579,850.70000000000005,0.016382297839152953,850.70000000000005,0.015851665352695336,850.70000000000005,0.015779481701889576,850.70000000000005,0.015819282317336796,850.70000000000005,0.015196587065435774,850.70000000000005,0.015760577469206442,850.70000000000005,0.016329823758297092,850.70000000000005,0.014764417656383781,850.70000000000005,0.016281037274399598,850.70000000000005,0.014782347007112402,850.70000000000005,0.016157439197036359,850.70000000000005,0.015934742249688466,850.70000000000005,0.015129786458465791,850.70000000000005,0.015577045344726736,850.70000000000005,0.015983232030382405,850.70000000000005,0.016022735942626078,850.70000000000005,0.016002814441816504,850.70000000000005,0.016000356043844255,850.70000000000005,0.01611907971143494,850.70000000000005,0.015691488008951961,850.70000000000005,0.015955299543077069,850.70000000000005,0.016286420318235378,850.70000000000005,0.016144553800768034,850.70000000000005,0.015560006103608756,850.70000000000005,0.015187897900189042,850.70000000000005,0.015227232267744971,850.70000000000005,0.016217118927121212,850.70000000000005,0.01644736061307359,850.70000000000005,0.01682548765290811,850.70000000000005,0.016387299407441318,850.70000000000005,0.01586828073209396,850.70000000000005,0.016689300882480104,850.70000000000005,0.016267770402583863,850.70000000000005,0.014814645270127073,850.70000000000005,0.01564265913888253
851.39999999999998,0.015861668489272063,851.39999999999998,0.015909352932699239,851.39999999999998,0.01628760713104957,851.39999999999998,0.016441850410722002,851.39999999999998,0.01522986021040496,851.39999999999998,0.015671481735798517,851.39999999999998,0.0159611064486322,851.39999999999998,0.016508354314488438,851.39999999999998,0.015416825614811423,851.39999999999998,0.015796690487695293,851.39999999999998,0.016099242982969237,851.39999999999998,0.015364987326534589,851.39999999999998,0.015912319964734706,851.39999999999998,0.016459610216762885,851.39999999999998,0.014802353280265844,851.39999999999998,0.015435772233666489,851.39999999999998,0.0162299619372176,851.39999999999998,0.015870866288582017,851.39999999999998,0.016406839432703477,851.39999999999998,0.015875147291947476,851.39999999999998,0.016122385832845889,851.39999999999998,0.015514991989013505,851.39999999999998,0.016792468824970545,851.39999999999998,0.015039291981383993,851.39999999999998,0.015553648177818468,851.39999999999998,0.01633452862338191,851.39999999999998,0.015621550825258766,851.39999999999998,0.016232377949017912,851.39999999999998,0.016270398345243849,851.39999999999998,0.015806693624272016,851.39999999999998,0.015970346634114084,851.39999999999998,0.015693013911141633,851.39999999999998,0.015848104914252779,851.39999999999998,0.015461076778311846,851.39999999999998,0.015733450319167872,851.39999999999998,0.016111958834549814,851.39999999999998,0.014588091181133066,851.39999999999998,0.016025024795910583,851.39999999999998,0.014773022049286643,851.39999999999998,0.015853106482541138,851.39999999999998,0.016366233479989493,851.39999999999998,0.01523575188830396,851.39999999999998,0.01559654298381696,851.39999999999998,0.015839966769241202,851.39999999999998,0.015431024982409738,851.39999999999998,0.015962123716758644,851.39999999999998,0.015945254020328412,851.39999999999998,0.015422251044819138,851.39999999999998,0.01579406254503531,851.39999999999998,0.016066351313547472,851.39999999999998,0.015843908683231187,851.39999999999998,0.016160660546103437,851.39999999999998,0.01543369531124166,851.39999999999998,0.015633800428948061,851.39999999999998,0.015436619957105196,851.39999999999998,0.016373947763281705,851.39999999999998,0.016437187931809125,851.39999999999998,0.01705013436416503,851.39999999999998,0.01643477192000882,851.39999999999998,0.015817417325771636,851.39999999999998,0.015998406279935234,851.39999999999998,0.015949874113069355,851.39999999999998,0.015206293498808948,851.39999999999998,0.015831701465713825
852.10000000000002,0.016196519247560676,852.10000000000002,0.01586272814357044,852.10000000000002,0.016095173910463452,852.10000000000002,0.016474911624831511,852.10000000000002,0.015309546213643263,852.10000000000002,0.015718954248366012,852.10000000000002,0.016238312013088847,852.10000000000002,0.016109076574858217,852.10000000000002,0.015912743826454055,852.10000000000002,0.015976407856700826,852.10000000000002,0.01523626052236718,852.10000000000002,0.015117452082432627,852.10000000000002,0.015423183540601714,852.10000000000002,0.015913676322236635,852.10000000000002,0.01517026525266397,852.10000000000002,0.0157697752685164,852.10000000000002,0.01599090392750269,852.10000000000002,0.016161635428057951,852.10000000000002,0.016196604019904543,852.10000000000002,0.016187957240829751,852.10000000000002,0.016012181785814195,852.10000000000002,0.015901553877063147,852.10000000000002,0.016639030882564874,852.10000000000002,0.015117282537744886,852.10000000000002,0.015882564872036146,852.10000000000002,0.01684824902723735,852.10000000000002,0.015653764315929571,852.10000000000002,0.016167103244237598,852.10000000000002,0.016588294634758357,852.10000000000002,0.015511685867602553,852.10000000000002,0.016196688792248413,852.10000000000002,0.016016844264727076,852.10000000000002,0.015414070513635636,852.10000000000002,0.015500919779930995,852.10000000000002,0.015824156727109344,852.10000000000002,0.01608822257826607,852.10000000000002,0.014676254418758423,852.10000000000002,0.015456202368539286,852.10000000000002,0.015131609063859007,852.10000000000002,0.015671693666658191,852.10000000000002,0.015808431457321366,852.10000000000002,0.015256097250832889,852.10000000000002,0.015528725108720529,852.10000000000002,0.015589888354823124,852.10000000000002,0.015382704746403533,852.10000000000002,0.015947712418300654,852.10000000000002,0.015949492637521934,852.10000000000002,0.015395971618219271,852.10000000000002,0.015770326288751559,852.10000000000002,0.015974797182167294,852.10000000000002,0.01595580817714029,852.10000000000002,0.01658367454201741,852.10000000000002,0.014823334435373803,852.10000000000002,0.015137034493866721,852.10000000000002,0.015640073582394481,852.10000000000002,0.016300195824114343,852.10000000000002,0.016734738858794704,852.10000000000002,0.016724608563702174,852.10000000000002,0.016102464332036319,852.10000000000002,0.015423225926773646,852.10000000000002,0.016241702906843677,852.10000000000002,0.015805761128489439,852.10000000000002,0.015473326382001135,852.10000000000002,0.015592643455998915
852.79999999999995,0.015994761069148801,852.79999999999995,0.015263387672405756,852.79999999999995,0.0161028034214118,852.79999999999995,0.01642235277163178,852.79999999999995,0.015277332722972459,852.79999999999995,0.016078388986377087,852.79999999999995,0.015626255690343583,852.79999999999995,0.016153158193670893,852.79999999999995,0.015725396946500169,852.79999999999995,0.015441494366877747,852.79999999999995,0.015206590202012494,852.79999999999995,0.015219178895077273,852.79999999999995,0.01584026347244475,852.79999999999995,0.016166297906970828,852.79999999999995,0.015097361036935309,852.79999999999995,0.015679916584013631,852.79999999999995,0.016155362274611531,852.79999999999995,0.0165015725269788,852.79999999999995,0.016248315149665571,852.79999999999995,0.016282054542526046,852.79999999999995,0.015909607249730846,852.79999999999995,0.016400862982460601,852.79999999999995,0.016150742181870587,852.79999999999995,0.015779354543373772,852.79999999999995,0.015487525749599449,852.79999999999995,0.016627840933173956,852.79999999999995,0.015532539864194707,852.79999999999995,0.015771216398362198,852.79999999999995,0.0158202571992913,852.79999999999995,0.015709205428820899,852.79999999999995,0.016151759449997031,852.79999999999995,0.015870188109831047,852.79999999999995,0.016170239820960813,852.79999999999995,0.015238125513932336,852.79999999999995,0.016186982358875241,852.79999999999995,0.01607126810949196,852.79999999999995,0.014989064367640701,852.79999999999995,0.014904334409942099,852.79999999999995,0.015139238574807356,852.79999999999995,0.015228334308215288,852.79999999999995,0.015575307511677393,852.79999999999995,0.015523977857463784,852.79999999999995,0.015573654450971914,852.79999999999995,0.015376262048269371,852.79999999999995,0.015313191424429695,852.79999999999995,0.01562727295847003,852.79999999999995,0.015988487915702381,852.79999999999995,0.015061968583369362,852.79999999999995,0.01569318345582937,852.79999999999995,0.016710621126963539,852.79999999999995,0.016093987097649261,852.79999999999995,0.01633105295728321,852.79999999999995,0.015019158549714742,852.79999999999995,0.01558124157574833,852.79999999999995,0.015949492637521934,852.79999999999995,0.016081483176928358,852.79999999999995,0.016315963480074257,852.79999999999995,0.016575409238490029,852.79999999999995,0.015853233641056941,852.79999999999995,0.015706365555301239,852.79999999999995,0.015608453498130771,852.79999999999995,0.016546671413917923,852.79999999999995,0.015396183549078946,852.79999999999995,0.016056348176970745
853.60000000000002,0.016229580461670185,853.60000000000002,0.015215067436399551,853.60000000000002,0.015761170875613534,853.60000000000002,0.016114629163381741,853.60000000000002,0.015301068979256208,853.60000000000002,0.01627251765384061,853.60000000000002,0.015778845909310547,853.60000000000002,0.015867475394827187,853.60000000000002,0.0162679399472716,853.60000000000002,0.016008621347371632,853.60000000000002,0.015318489695921603,853.60000000000002,0.015906682603867312,853.60000000000002,0.016144596186939975,853.60000000000002,0.016334147147834488,853.60000000000002,0.015761128489441601,853.60000000000002,0.016269932097352561,853.60000000000002,0.01603074692912184,853.60000000000002,0.016616015191204023,853.60000000000002,0.01640599170926477,853.60000000000002,0.016451599230267122,853.60000000000002,0.016012181785814195,853.60000000000002,0.017224850164882208,853.60000000000002,0.016276205250798981,853.60000000000002,0.016004848978069395,853.60000000000002,0.016162313606808913,853.60000000000002,0.016524418673651908,853.60000000000002,0.015984376457024663,853.60000000000002,0.016043335622186617,853.60000000000002,0.016317023134372641,853.60000000000002,0.016456897501759021,853.60000000000002,0.016332324542441271,853.60000000000002,0.01657295084051779,853.60000000000002,0.016472029365139917,853.60000000000002,0.015422929223570104,853.60000000000002,0.016201393657333231,853.60000000000002,0.016128913303323927,853.60000000000002,0.015239990505497486,853.60000000000002,0.015089985843018572,853.60000000000002,0.015775878877275079,853.60000000000002,0.015685257241677478,853.60000000000002,0.015398133312987972,853.60000000000002,0.015731670099946596,853.60000000000002,0.015733874180887227,853.60000000000002,0.015677203869009771,853.60000000000002,0.014960538473928265,853.60000000000002,0.016016378016835787,853.60000000000002,0.016348770377152159,853.60000000000002,0.015325610572806731,853.60000000000002,0.015580436238481559,853.60000000000002,0.016376618092113632,853.60000000000002,0.016521239710756759,853.60000000000002,0.016420911641785978,853.60000000000002,0.015080194637301527,853.60000000000002,0.016295024711138237,853.60000000000002,0.015933385892186534,853.60000000000002,0.016129803412934563,853.60000000000002,0.016407517611454436,853.60000000000002,0.01622360401142731,853.60000000000002,0.015670973101735292,853.60000000000002,0.015822503666403871,853.60000000000002,0.015755957376465506,853.60000000000002,0.016202495697803552,853.60000000000002,0.015604723515000465,853.60000000000002,0.016236065545976279
854.29999999999995,0.01591253189559438,854.29999999999995,0.014921755126607497,854.29999999999995,0.016129930571450367,854.29999999999995,0.015564456651661963,854.29999999999995,0.015561320074938753,854.29999999999995,0.016180115799021726,854.29999999999995,0.015340572891499878,854.29999999999995,0.016199782982799688,854.29999999999995,0.015992429829692359,854.29999999999995,0.015772106507972835,854.29999999999995,0.015738960521519459,854.29999999999995,0.016047404694692406,854.29999999999995,0.016032696693030864,854.29999999999995,0.0166359366920136,854.29999999999995,0.015545806736010441,854.29999999999995,0.015415426871137561,854.29999999999995,0.015779820791265057,854.29999999999995,0.015933597823046208,854.29999999999995,0.016271203682510615,854.29999999999995,0.016065037342217477,854.29999999999995,0.015871459694989105,854.29999999999995,0.017101930266269931,854.29999999999995,0.01592694319405237,854.29999999999995,0.016182023176758813,854.29999999999995,0.015934276001797174,854.29999999999995,0.016042064037028559,854.29999999999995,0.015888583708450955,854.29999999999995,0.016187448606766526,854.29999999999995,0.016040665293354694,854.29999999999995,0.016568796995668131,854.29999999999995,0.015936437696565872,854.29999999999995,0.016409340216847656,854.29999999999995,0.016944211320498805,854.29999999999995,0.015171155362274613,854.29999999999995,0.015708018616006712,854.29999999999995,0.016396793909954816,854.29999999999995,0.015989378025313021,854.29999999999995,0.015222230699456609,854.29999999999995,0.015613963700482354,854.29999999999995,0.015284284055169841,854.29999999999995,0.015887269737120964,854.29999999999995,0.015839330976662177,854.29999999999995,0.015330357824063478,854.29999999999995,0.015933216347498794,854.29999999999995,0.015381009299526124,854.29999999999995,0.015885828607275162,854.29999999999995,0.016342836313081217,854.29999999999995,0.015241685952374897,854.29999999999995,0.015815255631002941,854.29999999999995,0.01616129633868247,854.29999999999995,0.016228775124403412,854.29999999999995,0.016306468977560756,854.29999999999995,0.015016615379398626,854.29999999999995,0.016406924205047347,854.29999999999995,0.016021549129811893,854.29999999999995,0.015880572721955189,854.29999999999995,0.015887015420089346,854.29999999999995,0.016418580402329543,854.29999999999995,0.015855776811373058,854.29999999999995,0.016255690343582308,854.29999999999995,0.015416020277544658,854.29999999999995,0.015911726558327611,854.29999999999995,0.015189339030034841,854.29999999999995,0.015923255597094003
855,0.016245687207005588,855,0.015538897789984995,855,0.016433415562506885,855,0.015180437933928436,855,0.015103549418037862,855,0.015667243118604984,855,0.016090808134754116,855,0.015737773708705272,855,0.016136542814272271,855,0.01596114883480413,855,0.01589239846392513,855,0.015373464560921646,855,0.015934360774141041,855,0.01568224782347007,855,0.01572467638157727,855,0.015803684206064612,855,0.016141798699592248,855,0.015719123793053753,855,0.01634919423887151,855,0.016076905470359351,855,0.015390800505243168,855,0.016426294685621762,855,0.016177021608470454,855,0.015747141052702966,855,0.016258106355382617,855,0.016278578876427353,855,0.016051346608682387,855,0.016519756194739027,855,0.016592533251951883,855,0.016185626001373309,855,0.015883878843366138,855,0.016210972932190603,855,0.015884557022117111,855,0.015234734620177513,855,0.015526605800123768,855,0.016468850402244772,855,0.015395971618219271,855,0.015418054813797545,855,0.016159897595008608,855,0.01559878945092953,855,0.016364538033112077,855,0.015599425243508559,855,0.015795757991912719,855,0.015999338775717811,855,0.014995295134915185,855,0.015961275993319941,855,0.015929147274993009,855,0.015170477183523648,855,0.015698269796461606,855,0.015831531921026085,855,0.01640510159965413,855,0.016091994947568303,855,0.015554919762976528,855,0.016162779854700205,855,0.015527326365046668,855,0.016020447089341572,855,0.016113357578223679,855,0.016472834702406687,855,0.015229309190169802,855,0.016075125251138068,855,0.015681357713859433,855,0.01584475640666989,855,0.015660673261955017,855,0.015518043793392841
855.70000000000005,0.015860820765833353,855.70000000000005,0.015672838093300442,855.70000000000005,0.015884090774225815,855.70000000000005,0.015210108254283122,855.70000000000005,0.015234946551037193,855.70000000000005,0.015548561837186236,855.70000000000005,0.016087417240999297,855.70000000000005,0.015413095631681119,855.70000000000005,0.015900027974873478,855.70000000000005,0.015658511567186319,855.70000000000005,0.01596191178589897,855.70000000000005,0.015007248035400931,855.70000000000005,0.015764816086399975,855.70000000000005,0.015373676491781323,855.70000000000005,0.015381348388901603,855.70000000000005,0.015456965319634123,855.70000000000005,0.015827293303832556,855.70000000000005,0.015879343522969065,855.70000000000005,0.015766808236480932,855.70000000000005,0.015751379669896492,855.70000000000005,0.015039843001619152,855.70000000000005,0.016077032628875155,855.70000000000005,0.015603960563905631,855.70000000000005,0.015390249485008011,855.70000000000005,0.015760492696862576,855.70000000000005,0.016282817493620878,855.70000000000005,0.015539321651704349,855.70000000000005,0.016295109483482107,855.70000000000005,0.016162737468528261,855.70000000000005,0.01534044573298407,855.70000000000005,0.015524444105355067,855.70000000000005,0.015345447301272432,855.70000000000005,0.015573442520112243,855.70000000000005,0.015473792629892423,855.70000000000005,0.015387579156176086,855.70000000000005,0.016573120385205527,855.70000000000005,0.015656222713901814,855.70000000000005,0.014746657850342902,855.70000000000005,0.015480023397166909,855.70000000000005,0.015057094173596807,855.70000000000005,0.016514585081762928,855.70000000000005,0.015779142612514091,855.70000000000005,0.015191331180115796,855.70000000000005,0.015976450242872763,855.70000000000005,0.015764180293820946,855.70000000000005,0.015378889990929359,855.70000000000005,0.015496808321253275,855.70000000000005,0.015443444130786773,855.70000000000005,0.015748285479345217,855.70000000000005,0.015876461263277467,855.70000000000005,0.015960894517772519,855.70000000000005,0.015816484829989059,855.70000000000005,0.015400634097132153,855.70000000000005,0.015426108186465247,855.70000000000005,0.015457813043072829,855.70000000000005,0.01506930139111416,855.70000000000005,0.016204911709603857,855.70000000000005,0.016810228631011413,855.70000000000005,0.015292040724633998,855.70000000000005,0.015822503666403871,855.70000000000005,0.015454167832286396,855.70000000000005,0.016093139374210558,855.70000000000005,0.015325822503666403,855.70000000000005,0.015204386121071861
856.39999999999998,0.016119376414638491,856.39999999999998,0.016004297957834236,856.39999999999998,0.015618753337911042,856.39999999999998,0.015392368793604776,856.39999999999998,0.015307003043327147,856.39999999999998,0.015863067232945921,856.39999999999998,0.016300195824114343,856.39999999999998,0.015268134923662503,856.39999999999998,0.015738112798080753,856.39999999999998,0.015372828768342613,856.39999999999998,0.015858489526376914,856.39999999999998,0.014734281088137808,856.39999999999998,0.015965726541373147,856.39999999999998,0.014956596559938288,856.39999999999998,0.015497486500004237,856.39999999999998,0.015796902418554967,856.39999999999998,0.016075676271373227,856.39999999999998,0.016200630706238395,856.39999999999998,0.015949916499241285,856.39999999999998,0.015722557072980509,856.39999999999998,0.014965243339013081,856.39999999999998,0.015873579003585866,856.39999999999998,0.015596331052957286,856.39999999999998,0.015009621661029307,856.39999999999998,0.016283538058543781,856.39999999999998,0.015985266566635296,856.39999999999998,0.015305349982621671,856.39999999999998,0.016250180141230725,856.39999999999998,0.015843145732136348,856.39999999999998,0.015320100370455142,856.39999999999998,0.015625323194561006,856.39999999999998,0.015184379847918417,856.39999999999998,0.015553944881022018,856.39999999999998,0.015723871044310504,856.39999999999998,0.015527453523562471,856.39999999999998,0.016708756135398385,856.39999999999998,0.015420555597941728,856.39999999999998,0.015106092588353975,856.39999999999998,0.015123979552910659,856.39999999999998,0.015276654544221495,856.39999999999998,0.016403533311292524,856.39999999999998,0.015744385951527176,856.39999999999998,0.015582979408797673,856.39999999999998,0.015789951086357588,856.39999999999998,0.015400506938616346,856.39999999999998,0.015470444122309537,856.39999999999998,0.015245882183396491,856.39999999999998,0.015713020184295073,856.39999999999998,0.015669447199545623,856.39999999999998,0.016196052999669384,856.39999999999998,0.015620109695412967,856.39999999999998,0.015514695285809956,856.39999999999998,0.015713444046014432,856.39999999999998,0.015827081372972882,856.39999999999998,0.015273857056873766,856.39999999999998,0.015416020277544655,856.39999999999998,0.016127768876681669,856.39999999999998,0.016591515983825435,856.39999999999998,0.01513097327127998,856.39999999999998,0.01582843773047481,856.39999999999998,0.015610148945008184,856.39999999999998,0.015843060959792477,856.39999999999998,0.015486889957020421,856.39999999999998,0.015523977857463782
857.10000000000002,0.016004086026974559,857.10000000000002,0.016174690369014016,857.10000000000002,0.015175393979468139,857.10000000000002,0.015828098641099329,857.10000000000002,0.015597772182803085,857.10000000000002,0.015842721870416996,857.10000000000002,0.016425658893042733,857.10000000000002,0.015442765952035807,857.10000000000002,0.015882225782660662,857.10000000000002,0.015544916626399801,857.10000000000002,0.015409196103863074,857.10000000000002,0.01489958715868535,857.10000000000002,0.015794486406754661,857.10000000000002,0.015457601112213153,857.10000000000002,0.015504268287513879,857.10000000000002,0.015785882013851799,857.10000000000002,0.016087544399515104,857.10000000000002,0.016285403050108931,857.10000000000002,0.015671015487907225,857.10000000000002,0.015771725032425424,857.10000000000002,0.015638335749345134,857.10000000000002,0.016241490975983996,857.10000000000002,0.015557335774776835,857.10000000000002,0.014899417613997608,857.10000000000002,0.016255563185066501,857.10000000000002,0.016100556954299228,857.10000000000002,0.015234988937209126,857.10000000000002,0.016130651136373266,857.10000000000002,0.015682926002221032,857.10000000000002,0.015025940337224382,857.10000000000002,0.015757568050999041,857.10000000000002,0.015693013911141633,857.10000000000002,0.016072751625509692,857.10000000000002,0.016249459576307829,857.10000000000002,0.015722429914464701,857.10000000000002,0.01653497283046379,857.10000000000002,0.015624856946669718,857.10000000000002,0.01526037825419835,857.10000000000002,0.014756067580512533,857.10000000000002,0.015345320142756629,857.10000000000002,0.016211100090706407,857.10000000000002,0.015877478531403911,857.10000000000002,0.015067563558064816,857.10000000000002,0.015672117528377542,857.10000000000002,0.015981197494129514,857.10000000000002,0.01558488678653476,857.10000000000002,0.015727389096581133,857.10000000000002,0.015337478700948605,857.10000000000002,0.0155550045353204,857.10000000000002,0.016039224163508899,857.10000000000002,0.015186923018234532,857.10000000000002,0.015702889889202543,857.10000000000002,0.01516751015148818,857.10000000000002,0.015825385926095472,857.10000000000002,0.015389147444537695,857.10000000000002,0.015029458389495012,857.10000000000002,0.016184566347074925,857.10000000000002,0.016069318345582933,857.10000000000002,0.015524316946839267,857.10000000000002,0.015911514627467933,857.10000000000002,0.016290023142849878,857.10000000000002,0.015596373439129221,857.10000000000002,0.015314802098963232,857.10000000000002,0.015715563354611193
857.89999999999998,0.016118528691199781,857.89999999999998,0.015725396946500173,857.89999999999998,0.015743368683400729,857.89999999999998,0.015773844341022185,857.89999999999998,0.015858023278485629,857.89999999999998,0.015746081398404586,857.89999999999998,0.016534167493197017,857.89999999999998,0.015522451955274109,857.89999999999998,0.015692335732390664,857.89999999999998,0.015425387621542349,857.89999999999998,0.015273560353670217,857.89999999999998,0.014773276366318252,857.89999999999998,0.015729211701974347,857.89999999999998,0.015600018649915653,857.89999999999998,0.015626340462687453,857.89999999999998,0.015803684206064612,857.89999999999998,0.016018878800979967,857.89999999999998,0.015632656002305807,857.89999999999998,0.016121156633859771,857.89999999999998,0.015926010698269797,857.89999999999998,0.015576451938319642,857.89999999999998,0.01552516467027797,857.89999999999998,0.015635326331137733,857.89999999999998,0.014989276298500375,857.89999999999998,0.016325076507040341,857.89999999999998,0.015770792536642844,857.89999999999998,0.015326543068589304,857.89999999999998,0.015691530395123891,857.89999999999998,0.015907572713477956,857.89999999999998,0.015144621618643132,857.89999999999998,0.015602434661715958,857.89999999999998,0.015738790976831722,857.89999999999998,0.016106660563057911,857.89999999999998,0.015785754855335996,857.89999999999998,0.015435051668743588,857.89999999999998,0.016066181768859725,857.89999999999998,0.015436662343277128,857.89999999999998,0.015696955825131611,857.89999999999998,0.014957825758924407,857.89999999999998,0.01531734526927935,857.89999999999998,0.015631257258631945,857.89999999999998,0.015318828785297084,857.89999999999998,0.015304078397463609,857.89999999999998,0.015582258843874774,857.89999999999998,0.015569203902918714,857.89999999999998,0.015864635521307527,857.89999999999998,0.015164500733280774,857.89999999999998,0.015050100455227488,857.89999999999998,0.01541936878512754,857.89999999999998,0.015882395327348406,857.89999999999998,0.015409874282614037,857.89999999999998,0.015346846044946296,857.89999999999998,0.015242109814094251,857.89999999999998,0.01561006417266431,857.89999999999998,0.015679068860574932,857.89999999999998,0.015642362435678982,857.89999999999998,0.015811568034044571,857.89999999999998,0.015740401651365254,857.89999999999998,0.015850690470740825,857.89999999999998,0.015863194391461725,857.89999999999998,0.016205250798979342,857.89999999999998,0.015467519476446005,857.89999999999998,0.015374990463111315,857.89999999999998,0.016234370099098869
858.60000000000002,0.01623636224917983,858.60000000000002,0.016456134550664192,858.60000000000002,0.015609428380085283,858.60000000000002,0.016009511456982276,858.60000000000002,0.015519781626442191,858.60000000000002,0.015295092529013335,858.60000000000002,0.016704559904376796,858.60000000000002,0.015322389223739645,858.60000000000002,0.015824580588828699,858.60000000000002,0.015544916626399804,858.60000000000002,0.01527525580054763,858.60000000000002,0.014961470969710842,858.60000000000002,0.015736841212922695,858.60000000000002,0.015883158278443242,858.60000000000002,0.015271992065308614,858.60000000000002,0.015759602587251932,858.60000000000002,0.016284216237294747,858.60000000000002,0.015846282308859556,858.60000000000002,0.01555826827055941,858.60000000000002,0.016194739028339396,858.60000000000002,0.016075761043717097,858.60000000000002,0.015606546120393682,858.60000000000002,0.015897272873697684,858.60000000000002,0.01520544577537024,858.60000000000002,0.016050414112899807,858.60000000000002,0.016267558471724182,858.60000000000002,0.015674957401897203,858.60000000000002,0.015810211676542642,858.60000000000002,0.016175453320108845,858.60000000000002,0.015185312343700989,858.60000000000002,0.015793172435424666,858.60000000000002,0.015716750167425381,858.60000000000002,0.015629392267066791,858.60000000000002,0.01607398082449582,858.60000000000002,0.015358756559260106,858.60000000000002,0.0155872180259912,858.60000000000002,0.014894119342505702,858.60000000000002,0.015539279265532413,858.60000000000002,0.015653806702101508,858.60000000000002,0.015547078321168502,858.60000000000002,0.015643973110212525,858.60000000000002,0.015479896238651102,858.60000000000002,0.015103167942490442,858.60000000000002,0.015679747039325887,858.60000000000002,0.015552249434144605,858.60000000000002,0.015923976162016903,858.60000000000002,0.015323872739757381,858.60000000000002,0.014932266897247444,858.60000000000002,0.015479557149275623,858.60000000000002,0.015605189762891755,858.60000000000002,0.015564159948458414,858.60000000000002,0.015351084662139821,858.60000000000002,0.015336207115790545,858.60000000000002,0.015259954392478998,858.60000000000002,0.015694327882471625,858.60000000000002,0.015009113026966081,858.60000000000002,0.016021803446843501,858.60000000000002,0.015546272983901727,858.60000000000002,0.015738790976831722,858.60000000000002,0.015453743970567041,858.60000000000002,0.016239159736527557,858.60000000000002,0.015875274450463283,858.60000000000002,0.015964158253011534,858.60000000000002,0.016210633842815122
859.29999999999995,0.01604053813483889,859.29999999999995,0.015847469121673743,859.29999999999995,0.015421233776692691,859.29999999999995,0.015765367106635134,859.29999999999995,0.015298525808940092,859.29999999999995,0.015010257453608334,859.29999999999995,0.016208641692734161,859.29999999999995,0.015402922950416658,859.29999999999995,0.015510075193069012,859.29999999999995,0.015133770758627705,859.29999999999995,0.015288819375566916,859.29999999999995,0.01478683994133754,859.29999999999995,0.01568852097691649,859.29999999999995,0.015761086103269675,859.29999999999995,0.0151906106151929,859.29999999999995,0.015447640361808361,859.29999999999995,0.015938345074302963,859.29999999999995,0.015678433067995896,859.29999999999995,0.015141188338716378,859.29999999999995,0.015782745437128591,859.29999999999995,0.015868068801234286,859.29999999999995,0.014887676644371539,859.29999999999995,0.015142799013249917,859.29999999999995,0.015704754880767696,859.29999999999995,0.01607923670981579,859.29999999999995,0.015886082924306773,859.29999999999995,0.015092571399506625,859.29999999999995,0.015568610496511617,859.29999999999995,0.015916897671303713,859.29999999999995,0.015114103574849739,859.29999999999995,0.015357442587930117,859.29999999999995,0.015128430100963862,859.29999999999995,0.015308952807236169,859.29999999999995,0.015869679475767826,859.29999999999995,0.014912006307062383,859.29999999999995,0.015435475530462942,859.29999999999995,0.015130634181904495,859.29999999999995,0.015424836601307189,859.29999999999995,0.015396946500173782,859.29999999999995,0.015634393835355156,859.29999999999995,0.016096657426481184,859.29999999999995,0.015928341937726239,859.29999999999995,0.015013309257987674,859.29999999999995,0.015929825453743968,859.29999999999995,0.015433568152725854,859.29999999999995,0.01561455710688945,859.29999999999995,0.01502801725964921,859.29999999999995,0.015311199274348739,859.29999999999995,0.015115883794071024,859.29999999999995,0.015525503759653453,859.29999999999995,0.015374269898188415,859.29999999999995,0.015479090901384331,859.29999999999995,0.015250587048481304,859.29999999999995,0.014648745793172435,859.29999999999995,0.015434076786789078,859.29999999999995,0.015331247933674116,859.29999999999995,0.015661520985393723,859.29999999999995,0.016289726439646331,859.29999999999995,0.015499732967116809,859.29999999999995,0.015468155269025034,859.29999999999995,0.015244780142926172,859.29999999999995,0.015348838195027253,859.29999999999995,0.015639480175987382,859.29999999999995,0.016128404669260698
860,0.016259250782024875,860,0.016412052931851513,860,0.015621296508227158,860,0.016072242991446471,860,0.015123894780566789,860,0.014962784941040835,860,0.016234921119334028,860,0.015931054652730096,860,0.015600781601010487,860,0.015025262158473419,860,0.01535918042097946,860,0.015378550901553878,860,0.016031001246153455,860,0.01589078778939159,860,0.015439841306172273,860,0.015463747107143764,860,0.016419004264048895,860,0.016246407771928484,860,0.01527767181234794,860,0.015373295016233905,860,0.016338555309715758,860,0.015581114417232521,860,0.015631935437382911,860,0.01577342047930283,860,0.015817290167255832,860,0.016087841102718648,860,0.015580860100200909,860,0.015914481659503404,860,0.016137305765367104,860,0.015660885192814694,860,0.015471037528716633,860,0.015275086255859891,860,0.015433568152725854,860,0.016228266490340197,860,0.015002712715003856,860,0.015622822410416825,860,0.01515860905538177,860,0.015980095453659197,860,0.015229097259310122,860,0.015993828573366224,860,0.0164789806973373,860,0.01624539050380204,860,0.015511770639946423,860,0.016128192738401024,860,0.015561574391970366,860,0.015553521019302664,860,0.01551037189627256,860,0.015786772123462443,860,0.015368505378805219,860,0.016100260251095684,860,0.01569047074082551,860,0.015981790900536606,860,0.015660885192814694,860,0.015319295033188372,860,0.015581580665123811,860,0.015477904088570145,860,0.016133702940752608,860,0.016252426608343293,860,0.015531946457787615,860,0.015621593211430701,860,0.015612692115324298,860,0.015537032798419845,860,0.015836999737205735,860,0.01585289455168146
860.70000000000005,0.015965938472232818,860.70000000000005,0.015869509931080085,860.70000000000005,0.015286445749938538,860.70000000000005,0.015682290209642007,860.70000000000005,0.015040817883573665,860.70000000000005,0.015073836711511237,860.70000000000005,0.015816993464052291,860.70000000000005,0.015613158363215585,860.70000000000005,0.015497359341488432,860.70000000000005,0.015104948161711722,860.70000000000005,0.015462602680501512,860.70000000000005,0.015675254105100758,860.70000000000005,0.016311597704364928,860.70000000000005,0.016234115782067259,860.70000000000005,0.015669574358061426,860.70000000000005,0.015097530581623051,860.70000000000005,0.015741673236523316,860.70000000000005,0.016250646389122013,860.70000000000005,0.015823605706874189,860.70000000000005,0.015360579164653323,860.70000000000005,0.016015572679569018,860.70000000000005,0.016013453370972257,860.70000000000005,0.015178403397675544,860.70000000000005,0.015817502098115513,860.70000000000005,0.015844417317294406,860.70000000000005,0.015713995066249584,860.70000000000005,0.015485067351627205,860.70000000000005,0.01566525096852403,860.70000000000005,0.016310241346863,860.70000000000005,0.015467604248789874,860.70000000000005,0.015623627747683597,860.70000000000005,0.015501428413994219,860.70000000000005,0.015623458202995858,860.70000000000005,0.015873918092961355,860.70000000000005,0.015430813051550061,860.70000000000005,0.015709290201164773,860.70000000000005,0.015468875833947932,860.70000000000005,0.015796139467460137,860.70000000000005,0.014647558980358249,860.70000000000005,0.015572510024329664,860.70000000000005,0.016344192670583155,860.70000000000005,0.016514118833871636,860.70000000000005,0.015654188177648923,860.70000000000005,0.016218899146342499,860.70000000000005,0.015410679619880812,860.70000000000005,0.015312767562710342,860.70000000000005,0.015565473919788408,860.70000000000005,0.016060586794164274,860.70000000000005,0.015701660690216425,860.70000000000005,0.015957842713393181,860.70000000000005,0.016071098564804216,860.70000000000005,0.016118274374168167,860.70000000000005,0.015527792612937956,860.70000000000005,0.014864915270042304,860.70000000000005,0.015638378135517068,860.70000000000005,0.016281545908462824,860.70000000000005,0.015828522502818677,860.70000000000005,0.016462662021142223,860.70000000000005,0.015715054720547971,860.70000000000005,0.016052236718293023,860.70000000000005,0.015781389079626663,860.70000000000005,0.015376813068504532,860.70000000000005,0.015251222841060329,860.70000000000005,0.015564668582521639
861.39999999999998,0.016297398336766616,861.39999999999998,0.015939023253053922,861.39999999999998,0.015545849122182378,861.39999999999998,0.015659401676796962,861.39999999999998,0.015059467799225183,861.39999999999998,0.015609597924773023,861.39999999999998,0.01562286479658876,861.39999999999998,0.015836109627595091,861.39999999999998,0.015549070471249458,861.39999999999998,0.015141400269576053,861.39999999999998,0.015643167772945752,861.39999999999998,0.015984673160228207,861.39999999999998,0.016433669879538499,861.39999999999998,0.01591791493943016,861.39999999999998,0.015777235234777004,861.39999999999998,0.01528742063189305,861.39999999999998,0.015982426693115635,861.39999999999998,0.016543958698914066,861.39999999999998,0.015891423581970619,861.39999999999998,0.015018946618855066,861.39999999999998,0.015842637098073126,861.39999999999998,0.016090596203894442,861.39999999999998,0.015878622958046169,861.39999999999998,0.015619134813458458,861.39999999999998,0.015820681061010654,861.39999999999998,0.015965768927545077,861.39999999999998,0.016030153522714748,861.39999999999998,0.015613539838763001,861.39999999999998,0.016378906945398133,861.39999999999998,0.015870272882174921,861.39999999999998,0.015836406330798639,861.39999999999998,0.016065164500733281,861.39999999999998,0.015651433076473136,861.39999999999998,0.015758627705297425,861.39999999999998,0.015556276120478453,861.39999999999998,0.015952586828073208,861.39999999999998,0.015188279375736457,861.39999999999998,0.015725778422047587,861.39999999999998,0.015131609063859006,861.39999999999998,0.01524274560667328,861.39999999999998,0.015969498910675384,861.39999999999998,0.016480209896323428,861.39999999999998,0.016177233539330128,861.39999999999998,0.016250264913574595,861.39999999999998,0.015276739316565365,861.39999999999998,0.015737477005501727,861.39999999999998,0.015589210176072156,861.39999999999998,0.016342878699253154,861.39999999999998,0.016160279070556022,861.39999999999998,0.01600616294939939,861.39999999999998,0.016399167535583192,861.39999999999998,0.015650331036002815,861.39999999999998,0.015970304247942154,861.39999999999998,0.01526504073311123,861.39999999999998,0.015977467510999214,861.39999999999998,0.016351906953875367,861.39999999999998,0.015863279163805599,861.39999999999998,0.016149852072259944,861.39999999999998,0.015943940048998417,861.39999999999998,0.016176004340344011,861.39999999999998,0.015806820782787823,861.39999999999998,0.016063469053855872,861.39999999999998,0.015572510024329661,861.39999999999998,0.015528216474657309
862.10000000000002,0.015760789400066123,862.10000000000002,0.0161721471986979,862.10000000000002,0.015317811517170639,862.10000000000002,0.015423734560836871,862.10000000000002,0.015026406585115672,862.10000000000002,0.015375626255690346,862.10000000000002,0.01566525096852403,862.10000000000002,0.015373252630061967,862.10000000000002,0.015256605884896112,862.10000000000002,0.015354178852691096,862.10000000000002,0.015454125446114457,862.10000000000002,0.015598111272178564,862.10000000000002,0.015902147283470242,862.10000000000002,0.015817883573662931,862.10000000000002,0.015798428320744635,862.10000000000002,0.015068707984707068,862.10000000000002,0.015659444062968896,862.10000000000002,0.016521070166069022,862.10000000000002,0.01529208311080593,862.10000000000002,0.015464849147614085,862.10000000000002,0.015586624619584108,862.10000000000002,0.015833736001966719,862.10000000000002,0.015633630884260317,862.10000000000002,0.015590312216542477,862.10000000000002,0.016029221026932175,862.10000000000002,0.016003068758848112,862.10000000000002,0.015776684214541849,862.10000000000002,0.015058280986410993,862.10000000000002,0.01640857726575282,862.10000000000002,0.015090367318565988,862.10000000000002,0.01615345489687444,862.10000000000002,0.016234709188474351,862.10000000000002,0.015832845892356083,862.10000000000002,0.015867136305451709,862.10000000000002,0.015832633961496399,862.10000000000002,0.015748285479345217,862.10000000000002,0.015077227605266058,862.10000000000002,0.014952654645948305,862.10000000000002,0.015369819350135214,862.10000000000002,0.014795147631036851,862.10000000000002,0.015993235166959132,862.10000000000002,0.016423412425930164,862.10000000000002,0.015962759509337673,862.10000000000002,0.016321473682425841,862.10000000000002,0.015171621610165902,862.10000000000002,0.01592143299170079,862.10000000000002,0.015776557056026042,862.10000000000002,0.01635644227427244,862.10000000000002,0.016101786153285353,862.10000000000002,0.015467858565821486,862.10000000000002,0.015969371752159574,862.10000000000002,0.015243423785424244,862.10000000000002,0.015480320100370456,862.10000000000002,0.014786076990242704,862.10000000000002,0.015769775268516403,862.10000000000002,0.015858531912548851,862.10000000000002,0.015283436331731135,862.10000000000002,0.016236319863007893,862.10000000000002,0.015703186592406094,862.10000000000002,0.015800462856997533,862.10000000000002,0.015860227359426257,862.10000000000002,0.015848147300424709,862.10000000000002,0.015693734476064529,862.10000000000002,0.015348499105651774
862.89999999999998,0.01595830896128447,862.89999999999998,0.016263701330078074,862.89999999999998,0.015898502072683812,862.89999999999998,0.015533090884429864,862.89999999999998,0.015331587023049601,862.89999999999998,0.015830006018836416,862.89999999999998,0.015633885201291931,862.89999999999998,0.015818307435382279,862.89999999999998,0.015415977891372718,862.89999999999998,0.015767020167340606,862.89999999999998,0.015953434551511912,862.89999999999998,0.016001627629002316,862.89999999999998,0.015476590117240152,862.89999999999998,0.015464382899722797,862.89999999999998,0.01614514720717513,862.89999999999998,0.015723998202826311,862.89999999999998,0.01604770139789595,862.89999999999998,0.016446470503462953,862.89999999999998,0.015414155285979501,862.89999999999998,0.015223247967583058,862.89999999999998,0.015851962055898883,862.89999999999998,0.015173359443215245,862.89999999999998,0.016092249264599918,862.89999999999998,0.015736120647999795,862.89999999999998,0.016359833168027259,862.89999999999998,0.016090384273034764,862.89999999999998,0.016010655883624526,862.89999999999998,0.015314293464900012,862.89999999999998,0.016362800200062731,862.89999999999998,0.015529488059815362,862.89999999999998,0.016146673109364802,862.89999999999998,0.01627879080728703,862.89999999999998,0.015859125318955947,862.89999999999998,0.016108737485482735,862.89999999999998,0.01547065605316921,862.89999999999998,0.0161416291549045,862.89999999999998,0.015331544636877664,862.89999999999998,0.015185778591592277,862.89999999999998,0.015563948017598743,862.89999999999998,0.015035053364190466,862.89999999999998,0.016103439213990833,862.89999999999998,0.016036850537880523,862.89999999999998,0.016189949390910709,862.89999999999998,0.016417266430999548,862.89999999999998,0.01574892127192425,862.89999999999998,0.016177445470189806,862.89999999999998,0.015874045251477155,862.89999999999998,0.016168247670879855,862.89999999999998,0.015401566592914728,862.89999999999998,0.015958690436831888,862.89999999999998,0.015833736001966716,862.89999999999998,0.015721539804854065,862.89999999999998,0.015732093961665944,862.89999999999998,0.015626170917999713,862.89999999999998,0.01578249112009698,862.89999999999998,0.015878029551639073,862.89999999999998,0.015759856904283543,862.89999999999998,0.016331264888142891,862.89999999999998,0.015985478497494977,862.89999999999998,0.01551986639878606,862.89999999999998,0.015883963615710015,862.89999999999998,0.01608550986326221,862.89999999999998,0.015758161457406133,862.89999999999998,0.015554495901257175
863.60000000000002,0.015694666971847106,863.60000000000002,0.016704517518204863,863.60000000000002,0.015802709324110101,863.60000000000002,0.015479684307791427,863.60000000000002,0.015210362571314737,863.60000000000002,0.015824071954765481,863.60000000000002,0.01556267643244068,863.60000000000002,0.015163864940701748,863.60000000000002,0.015205742478573789,863.60000000000002,0.015818731297101634,863.60000000000002,0.015539745513423702,863.60000000000002,0.015623542975339725,863.60000000000002,0.015438442562498411,863.60000000000002,0.01555678475454168,863.60000000000002,0.01569415833778388,863.60000000000002,0.015451878979001889,863.60000000000002,0.015650119105143141,863.60000000000002,0.015903927502691522,863.60000000000002,0.015514186651746736,863.60000000000002,0.015946356060798726,863.60000000000002,0.015502699999152278,863.60000000000002,0.015488712562413638,863.60000000000002,0.01581504370014326,863.60000000000002,0.01550553987267194,863.60000000000002,0.016002941600332308,863.60000000000002,0.015531734526927934,863.60000000000002,0.016384501920093591,863.60000000000002,0.015445690597899339,863.60000000000002,0.016623051295745272,863.60000000000002,0.015462517908157643,863.60000000000002,0.016395903800344176,863.60000000000002,0.016163500419623104,863.60000000000002,0.015560726668531661,863.60000000000002,0.015846790942922781,863.60000000000002,0.015613921314310417,863.60000000000002,0.015462602680501512,863.60000000000002,0.015393428447903154,863.60000000000002,0.014894161728677635,863.60000000000002,0.015101938743504323,863.60000000000002,0.015051160109525868,863.60000000000002,0.015774522519773151,863.60000000000002,0.015928341937726243,863.60000000000002,0.015763544501241913,863.60000000000002,0.016743639954901111,863.60000000000002,0.015873536617413933,863.60000000000002,0.015987555419919808,863.60000000000002,0.01562311911362037,863.60000000000002,0.01579694480472691,863.60000000000002,0.015614345176029772,863.60000000000002,0.015717089256800862,863.60000000000002,0.01541665607012368,863.60000000000002,0.015875825470698438,863.60000000000002,0.015365029712706526,863.60000000000002,0.015768588455702212,863.60000000000002,0.015560387579156176,863.60000000000002,0.01579240948432983,863.60000000000002,0.016148961962649304,863.60000000000002,0.01597013470325441,863.60000000000002,0.01605414409603011,863.60000000000002,0.015276569771877623,863.60000000000002,0.015927197511083985,863.60000000000002,0.016028712392868953,863.60000000000002,0.015714079838593454,863.60000000000002,0.015403601129167619
864.29999999999995,0.01592948636436849,864.29999999999995,0.01598734348906013,864.29999999999995,0.015780668514703763,864.29999999999995,0.01543136407178522,864.29999999999995,0.015423141154429783,864.29999999999995,0.016066520858235209,864.29999999999995,0.015410086213473716,864.29999999999995,0.015747946389969736,864.29999999999995,0.01565334045421022,864.29999999999995,0.016232420335189849,864.29999999999995,0.015616040622907184,864.29999999999995,0.015453150564159948,864.29999999999995,0.015813984045844883,864.29999999999995,0.015259233827556101,864.29999999999995,0.015597517865771472,864.29999999999995,0.015563778472910997,864.29999999999995,0.015607732933207873,864.29999999999995,0.015871714012020716,864.29999999999995,0.015969414138331511,864.29999999999995,0.01605571238439172,864.29999999999995,0.015693437772860981,864.29999999999995,0.015365792663801362,864.29999999999995,0.016105812839619205,864.29999999999995,0.015575053194645779,864.29999999999995,0.015962250875274447,864.29999999999995,0.015168908895162042,864.29999999999995,0.016038630757101803,864.29999999999995,0.016154387392657021,864.29999999999995,0.016302611835914652,864.29999999999995,0.016102549104380182,864.29999999999995,0.015514271424090604,864.29999999999995,0.016108398396107254,864.29999999999995,0.015045310817798802,864.29999999999995,0.015436492798589389,864.29999999999995,0.015190059594957738,864.29999999999995,0.015801692055983654,864.29999999999995,0.015634181904495476,864.29999999999995,0.015343455151191473,864.29999999999995,0.01495952120580182,864.29999999999995,0.015203750328492832,864.29999999999995,0.015894899248069312,864.29999999999995,0.015694370268643561,864.29999999999995,0.015218458330154372,864.29999999999995,0.016362164407483698,864.29999999999995,0.015753159889117772,864.29999999999995,0.016074023210667754,864.29999999999995,0.015395929232047335,864.29999999999995,0.015104354755304632,864.29999999999995,0.0150650203877487,864.29999999999995,0.016064655866670056,864.29999999999995,0.015290345277756582,864.29999999999995,0.015956359197375446,864.29999999999995,0.015591371870840859,864.29999999999995,0.015818604138585827,864.29999999999995,0.015211125522409571,864.29999999999995,0.016529081152564788,864.29999999999995,0.016238820647152073,864.29999999999995,0.016080338750286104,864.29999999999995,0.016125352864881363,864.29999999999995,0.015465612098708918,864.29999999999995,0.015725439332672113,864.29999999999995,0.015806608851928149,864.29999999999995,0.015143561964344751,864.29999999999995,0.015341717318142128
865,0.01612615820214813,865,0.016357798631774369,865,0.015988360757186574,865,0.015964582114730889,865,0.015318023448030316,865,0.015681654417062978,865,0.015827166145316752,865,0.016117553809245271,865,0.015886464399854194,865,0.015909437705043106,865,0.015466841297695039,865,0.01479362172884718,865,0.015857217941218856,865,0.015628841246831636,865,0.015182981104244549,865,0.015595144240143095,865,0.015890024838296754,865,0.016096360723277636,865,0.015750701491145529,865,0.016405822164577033,865,0.015428948059984909,865,0.015383594856014173,865,0.016245687207005588,865,0.015467392317930198,865,0.015380712596322574,865,0.015426616820528469,865,0.016210718615158992,865,0.015795800378084653,865,0.016268702898366436,865,0.016082203741851257,865,0.01545662623025864,865,0.016271161296338682,865,0.015055483499063266,865,0.015515331078388985,865,0.015275679662266981,865,0.015568568110339683,865,0.015131481905343198,865,0.015199342166611564,865,0.01489763739477633,865,0.015174080008138144,865,0.015871162991785561,865,0.015423946491696552,865,0.015199808414502854,865,0.016158710782194417,865,0.015170773886727195,865,0.016169815959241458,865,0.015332349974144436,865,0.015438357790154541,865,0.01577880352313861,865,0.015522960589337333,865,0.015414112899807568,865,0.015864805065995267,865,0.015701575917872551,865,0.016050032637352392,865,0.01544085857429872,865,0.016076396836296126,865,0.016609275789866314,865,0.016132897603485838,865,0.016526326051388998,865,0.015841153582055387,865,0.015549960580860101,865,0.016060078160101049,865,0.015835304290328322,865,0.015009409730169627
865.70000000000005,0.01608461975365157,865.70000000000005,0.015564329493146156,865.70000000000005,0.0163401659842493,865.70000000000005,0.015980688860066289,865.70000000000005,0.015542670159287236,865.70000000000005,0.015696913438959674,865.70000000000005,0.015868704593813315,865.70000000000005,0.01633287556267643,865.70000000000005,0.016040750065698568,865.70000000000005,0.01628328374151217,865.70000000000005,0.01565334045421022,865.70000000000005,0.015560811440875528,865.70000000000005,0.015811440875528767,865.70000000000005,0.01587807193781101,865.70000000000005,0.015510202351584819,865.70000000000005,0.016109712367437246,865.70000000000005,0.015857811347625955,865.70000000000005,0.016396454820579335,865.70000000000005,0.016185583615201372,865.70000000000005,0.01591329484668922,865.70000000000005,0.015644269813416069,865.70000000000005,0.015418351517001093,865.70000000000005,0.016310114188347196,865.70000000000005,0.015647109686935733,865.70000000000005,0.015750320015598108,865.70000000000005,0.016295533345201459,865.70000000000005,0.015640200740910288,865.70000000000005,0.01580682078278782,865.70000000000005,0.01588977052126514,865.70000000000005,0.015864338818103983,865.70000000000005,0.015554114425709756,865.70000000000005,0.0165585395420598,865.70000000000005,0.015267414358739607,865.70000000000005,0.016034985546315373,865.70000000000005,0.015218034468435017,865.70000000000005,0.016061943151666203,865.70000000000005,0.015106897925620746,865.70000000000005,0.01562150843908683,865.70000000000005,0.015264701643735749,865.70000000000005,0.015574205471207072,865.70000000000005,0.015860990310521097,865.70000000000005,0.015290853911819809,865.70000000000005,0.015341378228766647,865.70000000000005,0.015661944847113075,865.70000000000005,0.015367445724506835,865.70000000000005,0.015846833329094714,865.70000000000005,0.015588362452633453,865.70000000000005,0.015356976340038828,865.70000000000005,0.015666904029229507,865.70000000000005,0.015427167840763631,865.70000000000005,0.015892228919237389,865.70000000000005,0.01581139848935683,865.70000000000005,0.015683773725659739,865.70000000000005,0.016136500428100338,865.70000000000005,0.015584971558878632,865.70000000000005,0.01611369666759916,865.70000000000005,0.016044691979688545,865.70000000000005,0.016483007383671148,865.70000000000005,0.016617880182769173,865.70000000000005,0.015690258809965836,865.70000000000005,0.015878029551639077,865.70000000000005,0.015709968379915739,865.70000000000005,0.01571916617922569,865.70000000000005,0.015318828785297084
866.39999999999998,0.015989674728516569,866.39999999999998,0.015722853776184056,866.39999999999998,0.016692818934750723,866.39999999999998,0.015611081440790753,866.39999999999998,0.015105244864915272,866.39999999999998,0.015582470774734453,866.39999999999998,0.015660164627891798,866.39999999999998,0.015598747064757593,866.39999999999998,0.015420216508566245,866.39999999999998,0.01611543450064851,866.39999999999998,0.015828819206022225,866.39999999999998,0.015846494239719233,866.39999999999998,0.015887735985012249,866.39999999999998,0.016485041919924046,866.39999999999998,0.015560218034468432,866.39999999999998,0.016160575773759567,866.39999999999998,0.01565350999889796,866.39999999999998,0.016554979103617234,866.39999999999998,0.016274594576265438,866.39999999999998,0.015599637174368233,866.39999999999998,0.015424709442791382,866.39999999999998,0.015373422174749709,866.39999999999998,0.016383866127514565,866.39999999999998,0.015695429922941938,866.39999999999998,0.016041936878512755,866.39999999999998,0.016656663530089939,866.39999999999998,0.015979290116392427,866.39999999999998,0.015633885201291931,866.39999999999998,0.015699032747556435,866.39999999999998,0.01616951925603791,866.39999999999998,0.016129718640590689,866.39999999999998,0.016316090638590065,866.39999999999998,0.014903741003535009,866.39999999999998,0.015840009155413139,866.39999999999998,0.015468960606291802,866.39999999999998,0.016063638598543612,866.39999999999998,0.014800022040809406,866.39999999999998,0.015513847562371251,866.39999999999998,0.01548341429092173,866.39999999999998,0.015784440884006004,866.39999999999998,0.015533769063180828,866.39999999999998,0.015263726761781237,866.39999999999998,0.015914439273331468,866.39999999999998,0.015444927646804506,866.39999999999998,0.01551664504971898,866.39999999999998,0.015722217983605031,866.39999999999998,0.015902867848393138,866.39999999999998,0.015707086120224142,866.39999999999998,0.016390859845883878,866.39999999999998,0.014746445919483228,866.39999999999998,0.015898162983308328,866.39999999999998,0.016157269652348615,866.39999999999998,0.016128828530980053,866.39999999999998,0.016234836346990158,866.39999999999998,0.016206352839449656,866.39999999999998,0.016057746920644607,866.39999999999998,0.016384629078609395,866.39999999999998,0.016462662021142223,866.39999999999998,0.016861176809677612,866.39999999999998,0.015609725083288827,866.39999999999998,0.015814450293736172,866.39999999999998,0.016106702949229845,866.39999999999998,0.016627077982079123,866.39999999999998,0.015538389155921773
867.20000000000005,0.015363207107313311,867.20000000000005,0.015342225952205354,867.20000000000005,0.016187575765282333,867.20000000000005,0.015549197629765263,867.20000000000005,0.01540110034502344,867.20000000000005,0.015537541432483069,867.20000000000005,0.015393131744699607,867.20000000000005,0.015541949594364333,867.20000000000005,0.015559243152513922,867.20000000000005,0.016594398243517036,867.20000000000005,0.015471079914888566,867.20000000000005,0.016295787662233073,867.20000000000005,0.015966574264811847,867.20000000000005,0.016530818985614135,867.20000000000005,0.015674660698693658,867.20000000000005,0.015815552334206489,867.20000000000005,0.015293227537448183,867.20000000000005,0.016833880114951297,867.20000000000005,0.016929884794384679,867.20000000000005,0.015374990463111315,867.20000000000005,0.015693437772860985,867.20000000000005,0.015646389122012831,867.20000000000005,0.016198214694438089,867.20000000000005,0.015502996702355824,867.20000000000005,0.016375939913362666,867.20000000000005,0.016996600629010788,867.20000000000005,0.015393513220247027,867.20000000000005,0.015906852148555056,867.20000000000005,0.015843993455575051,867.20000000000005,0.015945720268219696,867.20000000000005,0.015910158269966005,867.20000000000005,0.016110093842984664,867.20000000000005,0.014854573044090099,867.20000000000005,0.015799318430355282,867.20000000000005,0.015609682697116892,867.20000000000005,0.015915286996770174,867.20000000000005,0.015439205513593245,867.20000000000005,0.015451116027907056,867.20000000000005,0.015818265049210346,867.20000000000005,0.016170155048616939,867.20000000000005,0.015333706331646366,867.20000000000005,0.015434966896399718,867.20000000000005,0.015692335732390664,867.20000000000005,0.015803514661376871,867.20000000000005,0.016128701372464249,867.20000000000005,0.015647618320998955,867.20000000000005,0.015807075099819438,867.20000000000005,0.015291701635258515,867.20000000000005,0.016107720217356292,867.20000000000005,0.015066885379313853,867.20000000000005,0.015919356069275959,867.20000000000005,0.016279341827522189,867.20000000000005,0.01591774539474242,867.20000000000005,0.015735527241592703,867.20000000000005,0.016269084373913854,867.20000000000005,0.016627417071454608,867.20000000000005,0.015828522502818677,867.20000000000005,0.016372803336639454,867.20000000000005,0.015803217958173327,867.20000000000005,0.015409662351754363,867.20000000000005,0.015651687393504744,867.20000000000005,0.015425133304510735,867.20000000000005,0.015809024863728458,867.20000000000005,0.01602074379254512
867.89999999999998,0.015587853818570233,867.89999999999998,0.015677076710493971,867.89999999999998,0.016058721802599121,867.89999999999998,0.015533938607868567,867.89999999999998,0.015082356332070227,867.89999999999998,0.015191670269491283,867.89999999999998,0.015539787899595635,867.89999999999998,0.015487695294287189,867.89999999999998,0.015605867941642716,867.89999999999998,0.016474021515220875,867.89999999999998,0.015343073675644057,867.89999999999998,0.015887184964777094,867.89999999999998,0.016115773590023988,867.89999999999998,0.016652891160787706,867.89999999999998,0.01586624619584107,867.89999999999998,0.015502742385324212,867.89999999999998,0.01533137509218992,867.89999999999998,0.017068699507472685,867.89999999999998,0.016797639937946644,867.89999999999998,0.015400422166272477,867.89999999999998,0.015804489543331388,867.89999999999998,0.015554834990632659,867.89999999999998,0.0167695802921255,867.89999999999998,0.015696277646380642,867.89999999999998,0.016447148682213912,867.89999999999998,0.016279426599866056,867.89999999999998,0.01584195891932216,867.89999999999998,0.015325313869603181,867.89999999999998,0.016132219424734875,867.89999999999998,0.016314479964056525,867.89999999999998,0.015196375134576093,867.89999999999998,0.015863406322321406,867.89999999999998,0.014843552639386928,867.89999999999998,0.015121139679390997,867.89999999999998,0.015802963641141712,867.89999999999998,0.016250985478497494,867.89999999999998,0.015645202309198643,867.89999999999998,0.015902952620737012,867.89999999999998,0.015596161508269544,867.89999999999998,0.016118443918855911,867.89999999999998,0.015326076820698017,867.89999999999998,0.015554495901257175,867.89999999999998,0.015627061027610349,867.89999999999998,0.015701787848732229,867.89999999999998,0.016304180124276254,867.89999999999998,0.015765451878979,867.89999999999998,0.01552478319473055,867.89999999999998,0.015621466052914899,867.89999999999998,0.016193340284665531,867.89999999999998,0.015886633944541931,867.89999999999998,0.015824411044140958,867.89999999999998,0.016275950933767366,867.89999999999998,0.016034731229283755,867.89999999999998,0.015562591660096811,867.89999999999998,0.016649712197892561,867.89999999999998,0.01681476395140849,867.89999999999998,0.016114205301662386,867.89999999999998,0.016292269609962443,867.89999999999998,0.016037189627256004,867.89999999999998,0.015715690513126997,867.89999999999998,0.015242236972610058,867.89999999999998,0.016142307333655469,867.89999999999998,0.015510626213304169,867.89999999999998,0.016096191178589896
868.60000000000002,0.015875232064291346,868.60000000000002,0.015911896103015355,868.60000000000002,0.0159764926290447,868.60000000000002,0.016054440799233658,868.60000000000002,0.0154265320481846,868.60000000000002,0.015345955935335659,868.60000000000002,0.015588955859040545,868.60000000000002,0.015430050100455228,868.60000000000002,0.016258614989445842,868.60000000000002,0.016306172274357215,868.60000000000002,0.01511079745343879,868.60000000000002,0.015316667090528386,868.60000000000002,0.016365852004442068,868.60000000000002,0.016441808024550073,868.60000000000002,0.015685681103396826,868.60000000000002,0.015406949636750504,868.60000000000002,0.015003306121410952,868.60000000000002,0.016876266286886567,868.60000000000002,0.016879869111501064,868.60000000000002,0.015616591643142342,868.60000000000002,0.015606122258674332,868.60000000000002,0.015815086086315204,868.60000000000002,0.016390647915024207,868.60000000000002,0.015164755050312385,868.60000000000002,0.01649716436509753,868.60000000000002,0.01628875155769182,868.60000000000002,0.015386731432737383,868.60000000000002,0.015293100378932376,868.60000000000002,0.01637721149852072,868.60000000000002,0.01593215669320041,868.60000000000002,0.015827929096411581,868.60000000000002,0.016244881869738818,868.60000000000002,0.015181794291430364,868.60000000000002,0.016008706119715506,868.60000000000002,0.015674957401897206,868.60000000000002,0.016061095428227496,868.60000000000002,0.015761340420301282,868.60000000000002,0.015587599501538617,868.60000000000002,0.015543602655069811,868.60000000000002,0.015944660613921312,868.60000000000002,0.015186202453311634,868.60000000000002,0.015824071954765481,868.60000000000002,0.015796605715351426,868.60000000000002,0.016053593075794952,868.60000000000002,0.016443206768223934,868.60000000000002,0.016248654239041056,868.60000000000002,0.015086510176919882,868.60000000000002,0.015516348346515434,868.60000000000002,0.01550329340555937,868.60000000000002,0.016331688749862246,868.60000000000002,0.015876122173901986,868.60000000000002,0.016096233564761829,868.60000000000002,0.015569331061434518,868.60000000000002,0.015844035841746991,868.60000000000002,0.016210591456643185,868.60000000000002,0.016792723142002152,868.60000000000002,0.015901426718547339,868.60000000000002,0.015811610420216508,868.60000000000002,0.015419199240439802,868.60000000000002,0.015709756449056058,868.60000000000002,0.015549960580860101,868.60000000000002,0.016397472088705782,868.60000000000002,0.01538092452718225,868.60000000000002,0.016189440756847483
869.29999999999995,0.01626518484609581,869.29999999999995,0.015315098802166782,869.29999999999995,0.015830684197587382,869.29999999999995,0.015845053109873435,869.29999999999995,0.015062010969541299,869.29999999999995,0.015426489662012665,869.29999999999995,0.015643210159117689,869.29999999999995,0.015314759712791297,869.29999999999995,0.015482948043030444,869.29999999999995,0.015909437705043102,869.29999999999995,0.01525321499114129,869.29999999999995,0.015343794240566958,869.29999999999995,0.016746479828420778,869.29999999999995,0.016248527080525252,869.29999999999995,0.015954409433466429,869.29999999999995,0.015537499046311132,869.29999999999995,0.014841390944618229,869.29999999999995,0.0162642099641413,869.29999999999995,0.016471266414045081,869.29999999999995,0.01558437815247154,869.29999999999995,0.015311114502004865,869.29999999999995,0.015537880521858552,869.29999999999995,0.016548324474623399,869.29999999999995,0.014969778659410153,869.29999999999995,0.016143663691157394,869.29999999999995,0.015790290175733069,869.29999999999995,0.015440985732814527,869.29999999999995,0.015204089417868315,869.29999999999995,0.015858404754033044,869.29999999999995,0.015618499020879424,869.29999999999995,0.015865228927714619,869.29999999999995,0.016194866186855197,869.29999999999995,0.015059722116256793,869.29999999999995,0.015660291786407602,869.29999999999995,0.015079855547926043,869.29999999999995,0.016274721734781245,869.29999999999995,0.015358671786916236,869.29999999999995,0.015733407932995935,869.29999999999995,0.015298610581283964,869.29999999999995,0.015718318455786986,869.29999999999995,0.015439671761484535,869.29999999999995,0.01548413485584463,869.29999999999995,0.015624517857294238,869.29999999999995,0.015364393920127497,869.29999999999995,0.016418622788501477,869.29999999999995,0.016147775149835116,869.29999999999995,0.015117028220713275,869.29999999999995,0.015690131651450032,869.29999999999995,0.015150640455057943,869.29999999999995,0.016503776607919431,869.29999999999995,0.01590070615362444,869.29999999999995,0.015737646550189464,869.29999999999995,0.015270932411010232,869.29999999999995,0.015877944779295203,869.29999999999995,0.01606139213143104,869.29999999999995,0.016416333935216972,869.29999999999995,0.015731034307367567,869.29999999999995,0.015792112781126286,869.29999999999995,0.015687079847070694,869.29999999999995,0.015545298101947219,869.29999999999995,0.01557369683714385,869.29999999999995,0.016628052864033641,869.29999999999995,0.015307172588014886,869.29999999999995,0.016074998092622264
870,0.016267728016411926,870,0.015962759509337676,870,0.015650119105143138,870,0.016276544340174462,870,0.015900409450420899,870,0.015807965209430078,870,0.01563897154192416,870,0.015460568144248621,870,0.015109949730000084,870,0.015658511567186319,870,0.015598238430694369,870,0.015077609080813473,870,0.016611691801666623,870,0.015950128430100966,870,0.015704331019048345,870,0.015734170884090775,870,0.015156744063816622,870,0.015651305917957326,870,0.016030450225918296,870,0.015798004459025287,870,0.015598492747725982,870,0.015215745615150513,870,0.015987979281639156,870,0.014545916940057474,870,0.016004637047209717,870,0.0158581080508295,870,0.015025601247848904,870,0.015902613531361527,870,0.015570178784873221,870,0.015542203911395942,870,0.016286547476751182,870,0.015942244602121004,870,0.015125844544475813,870,0.015884938497664525,870,0.014835711197578901,870,0.015990734382814949,870,0.015222188313284674,870,0.015465527326365044,870,0.015640243127082221,870,0.01588362452633453,870,0.015463408017768285,870,0.015795249357849497,870,0.0159347846358604,870,0.015293185151276248,870,0.015973567983181166,870,0.016408873968956367,870,0.014836431762501804,870,0.015695217992082261,870,0.014776794418588882,870,0.016036680993192783,870,0.015876969897340693,870,0.016698117206242633,870,0.015648169341234114,870,0.016191602451616188,870,0.015865568017090104,870,0.016180666819256884,870,0.015664911879148549,870,0.015373337402405839,870,0.015477692157710469,870,0.015958139416596729,870,0.01533124793367412,870,0.016397472088705782,870,0.015258852352008677,870,0.015557886795011995
870.70000000000005,0.015977806600374695,870.70000000000005,0.015948348210879686,870.70000000000005,0.015984122139993048,870.70000000000005,0.015767062553512543,870.70000000000005,0.015870739130066213,870.70000000000005,0.015864762679823334,870.70000000000005,0.015719505268601171,870.70000000000005,0.015763205411866432,870.70000000000005,0.01517437671134169,870.70000000000005,0.01576447699702449,870.70000000000005,0.015191331180115798,870.70000000000005,0.01581851936624196,870.70000000000005,0.016224282190178279,870.70000000000005,0.015697506845366766,870.70000000000005,0.015853530344260486,870.70000000000005,0.01568330747776845,870.70000000000005,0.015798470706916576,870.70000000000005,0.015388511651958663,870.70000000000005,0.015785458152132448,870.70000000000005,0.015896340377915107,870.70000000000005,0.015624772174325847,870.70000000000005,0.015153861804125021,870.70000000000005,0.015864211659588172,870.70000000000005,0.014719700244992072,870.70000000000005,0.015358671786916234,870.70000000000005,0.015669065723998201,870.70000000000005,0.015701236828497073,870.70000000000005,0.015759348270220321,870.70000000000005,0.015510838144163847,870.70000000000005,0.015415045395590141,870.70000000000005,0.015705009197799307,870.70000000000005,0.015600612056322745,870.70000000000005,0.015161448928901438,870.70000000000005,0.01529068436713207,870.70000000000005,0.01478993413188881,870.70000000000005,0.016156040453362497,870.70000000000005,0.015110288819375565,870.70000000000005,0.016052151945949153,870.70000000000005,0.015723320024075345,870.70000000000005,0.015677627730729126,870.70000000000005,0.015716877325941184,870.70000000000005,0.015561277688766818,870.70000000000005,0.015490577553978792,870.70000000000005,0.014835414494375353,870.70000000000005,0.015661605757737597,870.70000000000005,0.015886676330713865,870.70000000000005,0.014736400396734569,870.70000000000005,0.015897823893932846,870.70000000000005,0.015122665581580666,870.70000000000005,0.015901045242999925,870.70000000000005,0.015487017115536229,870.70000000000005,0.016456516026211607,870.70000000000005,0.015940633927587464,870.70000000000005,0.015851665352695339,870.70000000000005,0.015673982519942696,870.70000000000005,0.01628154590846282,870.70000000000005,0.015599637174368231,870.70000000000005,0.015756508396700657,870.70000000000005,0.015882056237972925,870.70000000000005,0.015884387477429363,870.70000000000005,0.015407543043157602,870.70000000000005,0.015785415765960514,870.70000000000005,0.014787518120088501,870.70000000000005,0.014791544806422349
871.39999999999998,0.015763332570382239,871.39999999999998,0.016886778057526516,871.39999999999998,0.016560574078312691,871.39999999999998,0.015671269804938836,871.39999999999998,0.016202198994600001,871.39999999999998,0.016353899103956324,871.39999999999998,0.016117087561353983,871.39999999999998,0.015875952629214242,871.39999999999998,0.0152235446707866,871.39999999999998,0.015724633995405336,871.39999999999998,0.015178615328535218,871.39999999999998,0.015088629485516645,871.39999999999998,0.015596119122097607,871.39999999999998,0.015663597907818554,871.39999999999998,0.015555131693836202,871.39999999999998,0.015584123835439922,871.39999999999998,0.01639611573120385,871.39999999999998,0.015299500690894601,871.39999999999998,0.015689665403558747,871.39999999999998,0.015891254037282879,871.39999999999998,0.015585776896145402,871.39999999999998,0.015659104973593411,871.39999999999998,0.015392029704229291,871.39999999999998,0.015176623178454262,871.39999999999998,0.015338326424387306,871.39999999999998,0.015879301136797128,871.39999999999998,0.01549693547976908,871.39999999999998,0.015827166145316752,871.39999999999998,0.016119503573154292,871.39999999999998,0.015737180302298176,871.39999999999998,0.015462560294329577,871.39999999999998,0.015693861634580336,871.39999999999998,0.015503081474699695,871.39999999999998,0.015119444232513584,871.39999999999998,0.015001864991565151,871.39999999999998,0.016073811279808073,871.39999999999998,0.015186583928859047,871.39999999999998,0.015791900850266608,871.39999999999998,0.015596161508269544,871.39999999999998,0.015454676466349617,871.39999999999998,0.015268431626866053,871.39999999999998,0.016214872460008647,871.39999999999998,0.015813560184125532,871.39999999999998,0.015258428490289327,871.39999999999998,0.015319973211939338,871.39999999999998,0.015929062502649138,871.39999999999998,0.014966133448623723,871.39999999999998,0.015757949526546459,871.39999999999998,0.015493968447733611,871.39999999999998,0.015490747098666531,871.39999999999998,0.015562464501581007,871.39999999999998,0.01628781906190924,871.39999999999998,0.016287352814017955,871.39999999999998,0.016107677831184355,871.39999999999998,0.015633291794884836,871.39999999999998,0.016103523986334696,871.39999999999998,0.015316497545840644,871.39999999999998,0.016072709239337755,871.39999999999998,0.016149089121165111,871.39999999999998,0.016352330815594718,871.39999999999998,0.015292252655493674,871.39999999999998,0.016199952527487436,871.39999999999998,0.015132541559641582,871.39999999999998,0.015106897925620744
872.20000000000005,0.015778591592278939,872.20000000000005,0.01647817536007053,872.20000000000005,0.015995142544696216,872.20000000000005,0.015317769130998703,872.20000000000005,0.015086594949263754,872.20000000000005,0.016334401464866106,872.20000000000005,0.016125564795741038,872.20000000000005,0.015632656002305807,872.20000000000005,0.015769478565312852,872.20000000000005,0.015460992005967974,872.20000000000005,0.014940405042259013,872.20000000000005,0.015381094071869994,872.20000000000005,0.015119698549545198,872.20000000000005,0.015566957435806144,872.20000000000005,0.015381348388901603,872.20000000000005,0.015248425353712604,872.20000000000005,0.01595190864932225,872.20000000000005,0.015642828683570271,872.20000000000005,0.015653213295694413,872.20000000000005,0.015923467527953681,872.20000000000005,0.015036452107864331,872.20000000000005,0.01583288827852801,872.20000000000005,0.015292846061900765,872.20000000000005,0.01538092452718225,872.20000000000005,0.015334935530632485,872.20000000000005,0.016155658977815079,872.20000000000005,0.015696998211303544,872.20000000000005,0.015005722133211261,872.20000000000005,0.016088137805922192,872.20000000000005,0.015740571196052999,872.20000000000005,0.015351508523859176,872.20000000000005,0.015982087603740154,872.20000000000005,0.015384400193280945,872.20000000000005,0.015142332765358629,872.20000000000005,0.014944219797733187,872.20000000000005,0.015774564905945088,872.20000000000005,0.014761026762628957,872.20000000000005,0.0154265320481846,872.20000000000005,0.015295219687529144,872.20000000000005,0.014882463145223502,872.20000000000005,0.015421869569271725,872.20000000000005,0.015851199104804051,872.20000000000005,0.015185397116044863,872.20000000000005,0.015084645185354727,872.20000000000005,0.015355577596364963,872.20000000000005,0.015654400108508604,872.20000000000005,0.015027169536210508,872.20000000000005,0.015167086289768827,872.20000000000005,0.015109949730000087,872.20000000000005,0.014715080152251129,872.20000000000005,0.015540423692174664,872.20000000000005,0.015437552452887769,872.20000000000005,0.015420131736222377,872.20000000000005,0.015277756584691811,872.20000000000005,0.015333197697583142,872.20000000000005,0.016148453328586079,872.20000000000005,0.015091003111145017,872.20000000000005,0.016454184786755168,872.20000000000005,0.015755745445605825,872.20000000000005,0.015790290175733069,872.20000000000005,0.015624560243466173,872.20000000000005,0.015865949492637522,872.20000000000005,0.015346167866195332,872.20000000000005,0.015096725244356278
872.89999999999998,0.016111746903690143,872.89999999999998,0.016293371650432764,872.89999999999998,0.015723023320871794,872.89999999999998,0.015770453447267362,872.89999999999998,0.014881445877097057,872.89999999999998,0.016785390334257352,872.89999999999998,0.016572315047938761,872.89999999999998,0.01563350372574451,872.89999999999998,0.015624517857294235,872.89999999999998,0.015509312241974178,872.89999999999998,0.015994973000008478,872.89999999999998,0.015094563549587582,872.89999999999998,0.015090875952629213,872.89999999999998,0.015984885091087885,872.89999999999998,0.015100751930690132,872.89999999999998,0.015518001407220908,872.89999999999998,0.016128235124572964,872.89999999999998,0.015825936946330627,872.89999999999998,0.015771046853674458,872.89999999999998,0.015983655892101763,872.89999999999998,0.015401820909946337,872.89999999999998,0.015995651178759441,872.89999999999998,0.015408136449564694,872.89999999999998,0.016271881861261581,872.89999999999998,0.016052109559777216,872.89999999999998,0.016095470613666996,872.89999999999998,0.015747861617625869,872.89999999999998,0.015683900884175546,872.89999999999998,0.016097462763747954,872.89999999999998,0.015964370183871212,872.89999999999998,0.015437976314607122,872.89999999999998,0.016074489458559039,872.89999999999998,0.015349643532294026,872.89999999999998,0.014960072226036979,872.89999999999998,0.015251095682544525,872.89999999999998,0.015806778396615886,872.89999999999998,0.015344260488458245,872.89999999999998,0.014872968642710002,872.89999999999998,0.015252833515593874,872.89999999999998,0.015163059603434975,872.89999999999998,0.015604130108593375,872.89999999999998,0.015881717148597443,872.89999999999998,0.015545679577494639,872.89999999999998,0.01524147402151522,872.89999999999998,0.015703991929672867,872.89999999999998,0.01586633096818494,872.89999999999998,0.015305222824105864,872.89999999999998,0.01535104227596789,872.89999999999998,0.01526084450208964,872.89999999999998,0.01521354153420988,872.89999999999998,0.015828649661334487,872.89999999999998,0.015994506752117187,872.89999999999998,0.015509142697286439,872.89999999999998,0.015516814594406722,872.89999999999998,0.016046980832973051,872.89999999999998,0.015680509990420723,872.89999999999998,0.015346167866195332,872.89999999999998,0.016829726270101642,872.89999999999998,0.015918508345837256,872.89999999999998,0.01633029000618838,872.89999999999998,0.014961640514398581,872.89999999999998,0.016421208344989533,872.89999999999998,0.015659825538516314,872.89999999999998,0.016016505175351595
873.60000000000002,0.016337241338385766,873.60000000000002,0.015808473843493296,873.60000000000002,0.015380543051634834,873.60000000000002,0.015944236752201957,873.60000000000002,0.014576265439163131,873.60000000000002,0.016086866220764138,873.60000000000002,0.016239159736527554,873.60000000000002,0.014921416037232014,873.60000000000002,0.015745742309029101,873.60000000000002,0.015651729779676677,873.60000000000002,0.015818646524757764,873.60000000000002,0.015438739265701957,873.60000000000002,0.01520277544653832,873.60000000000002,0.015970473792629891,873.60000000000002,0.015215194594915354,873.60000000000002,0.01529165924908658,873.60000000000002,0.015364436306299434,873.60000000000002,0.016365089053347236,873.60000000000002,0.01605588192907946,873.60000000000002,0.015795461288709175,873.60000000000002,0.015454379763146071,873.60000000000002,0.016186388952468145,873.60000000000002,0.01574468265473072,873.60000000000002,0.016112509854784973,873.60000000000002,0.016359833168027263,873.60000000000002,0.016196349702872932,873.60000000000002,0.015890279155328368,873.60000000000002,0.01542958385256394,873.60000000000002,0.015777871027356036,873.60000000000002,0.016034731229283755,873.60000000000002,0.015488839720929444,873.60000000000002,0.015977848986546628,873.60000000000002,0.014982579283334609,873.60000000000002,0.015654357722336667,873.60000000000002,0.015973356052321492,873.60000000000002,0.015621126963539414,873.60000000000002,0.015099268414672396,873.60000000000002,0.015172215016572992,873.60000000000002,0.015117197765401017,873.60000000000002,0.015298695353627831,873.60000000000002,0.016050880360791098,873.60000000000002,0.015787619846901146,873.60000000000002,0.015726244669938879,873.60000000000002,0.01513720403855446,873.60000000000002,0.015604808287344337,873.60000000000002,0.015631511575663556,873.60000000000002,0.015110246433203632,873.60000000000002,0.015552800454379765,873.60000000000002,0.015049761365852005,873.60000000000002,0.015097403423107244,873.60000000000002,0.015745572764341364,873.60000000000002,0.016288666785347943,873.60000000000002,0.015136144384256079,873.60000000000002,0.015136186770428018,873.60000000000002,0.015612098708917206,873.60000000000002,0.015916177106380814,873.60000000000002,0.015614896196264928,873.60000000000002,0.016321092206878426,873.60000000000002,0.01526406585115672,873.60000000000002,0.015807244644507175,873.60000000000002,0.015356679636835281,873.60000000000002,0.016133830099268415,873.60000000000002,0.015856497376295953,873.60000000000002,0.015611293371650433
874.29999999999995,0.016154980799064116,874.29999999999995,0.015436323253901646,874.29999999999995,0.016196900723108091,874.29999999999995,0.016213812805710263,874.29999999999995,0.015297678085501388,874.29999999999995,0.016075845816060971,874.29999999999995,0.016455329213397419,874.29999999999995,0.015113849257818127,874.29999999999995,0.015726244669938876,874.29999999999995,0.015575434670193193,874.29999999999995,0.015914439273331468,874.29999999999995,0.015409068945347271,874.29999999999995,0.015806354534896535,874.29999999999995,0.016115434500648514,874.29999999999995,0.01540932326237888,874.29999999999995,0.014789806973373006,874.29999999999995,0.015702677958342872,874.29999999999995,0.016099751617032459,874.29999999999995,0.016120308910421065,874.29999999999995,0.015454676466349617,874.29999999999995,0.015994379593601383,874.29999999999995,0.016499198901350421,874.29999999999995,0.015834541339233493,874.29999999999995,0.015933640209218142,874.29999999999995,0.01645562591660097,874.29999999999995,0.016557479887761413,874.29999999999995,0.016059823843069438,874.29999999999995,0.016309520781940104,874.29999999999995,0.015981324652645318,874.29999999999995,0.01608305146528996,874.29999999999995,0.015749090816611987,874.29999999999995,0.01510130295092529,874.29999999999995,0.015202139653959296,874.29999999999995,0.015406822478234702,874.29999999999995,0.015563905631426801,874.29999999999995,0.016159431347117316,874.29999999999995,0.015689283928011322,874.29999999999995,0.015590142671854733,874.29999999999995,0.014955282588608294,874.29999999999995,0.015484346786704307,874.29999999999995,0.016116155065571413,874.29999999999995,0.015639268245127711,874.29999999999995,0.015727092393377586,874.29999999999995,0.015422039113959462,874.29999999999995,0.01574468265473072,874.29999999999995,0.015551825572425251,874.29999999999995,0.015228927714622382,874.29999999999995,0.016280994888227665,874.29999999999995,0.015382068953824504,874.29999999999995,0.015774734450632828,874.29999999999995,0.015720141061180203,874.29999999999995,0.016780346379797053,874.29999999999995,0.015794825496130142,874.29999999999995,0.01546934208183922,874.29999999999995,0.016074955706450331,874.29999999999995,0.015921263447013046,874.29999999999995,0.015880233632579704,874.29999999999995,0.016160024753524412,874.29999999999995,0.015931224197417836,874.29999999999995,0.015871671625848779,874.29999999999995,0.015524528877698942,874.29999999999995,0.016005823860023905,874.29999999999995,0.015775963649618949,874.29999999999995,0.015600272966947264
875,0.015960852131600593,875,0.015754219543416156,875,0.016101107974534384,875,0.01600272966947263,875,0.015568101862448398,875,0.01527050854929088,875,0.016161169180166662,875,0.014487381636614871,875,0.015614345176029771,875,0.015446580707509981,875,0.015164204030077228,875,0.015072522740181244,875,0.016080169205598367,875,0.01583653348931445,875,0.015093122419741783,875,0.014802522824953588,875,0.015522960589337333,875,0.015603833405389825,875,0.015842255622525711,875,0.014801929418546496,875,0.015673092410332053,875,0.015569246289090649,875,0.015561574391970366,875,0.01518594813628002,875,0.015873239914210385,875,0.016896569263243559,875,0.015712257233200241,875,0.015521985707382823,875,0.01608559463560608,875,0.015983867822961434,875,0.015664318472741454,875,0.015054678161796498,875,0.014825750447174116,875,0.01562553512542068,875,0.015143434805828944,875,0.015822037418512583,875,0.014741529123538736,875,0.015124742504005492,875,0.015040054932478827,875,0.01526309096920221,875,0.015588023363257974,875,0.01560281613726338,875,0.015444800488288701,875,0.015331332706017987,875,0.015213160058662464,875,0.015091511745208244,875,0.015160262116087248,875,0.015920712426777891,875,0.015192178903554504,875,0.015181328043539078,875,0.016057534989784933,875,0.016047065605316921,875,0.015515076761357376,875,0.015074302959402526,875,0.015167891627035596,875,0.016144214711392553,875,0.015357188270898501,875,0.015545425260463024,875,0.015416656070123684,875,0.015526648186295702,875,0.015688139501369078,875,0.015391224366962521,875,0.015744597882386847,875,0.015068750370879003
875.70000000000005,0.015616676415486213,875.70000000000005,0.015382068953824504,875.70000000000005,0.016419851987487598,875.70000000000005,0.015816230512957451,875.70000000000005,0.015456202368539292,875.70000000000005,0.015518891516831551,875.70000000000005,0.016231530225579206,875.70000000000005,0.014903613845019202,875.70000000000005,0.015450734552359638,875.70000000000005,0.015355874299568507,875.70000000000005,0.015020938768936024,875.70000000000005,0.015102193060535932,875.70000000000005,0.01586739062248332,875.70000000000005,0.015521180370116055,875.70000000000005,0.014904080092910487,875.70000000000005,0.014746573077999033,875.70000000000005,0.015283054856183717,875.70000000000005,0.015564838127209379,875.70000000000005,0.015325992048354144,875.70000000000005,0.014996058086010022,875.70000000000005,0.015906216355976027,875.70000000000005,0.014853767706823326,875.70000000000005,0.015637869501453846,875.70000000000005,0.015304629417698766,875.70000000000005,0.015887651212668379,875.70000000000005,0.016677856616057578,875.70000000000005,0.015705475445690599,875.70000000000005,0.015629646584098406,875.70000000000005,0.016000822291735543,875.70000000000005,0.015381136458041927,875.70000000000005,0.015170095707976228,875.70000000000005,0.015018226053932165,875.70000000000005,0.014885938811322195,875.70000000000005,0.015170307638835907,875.70000000000005,0.014143968871595329,875.70000000000005,0.016109415664233701,875.70000000000005,0.01464234548121021,875.70000000000005,0.015163737782185938,875.70000000000005,0.014565329806803829,875.70000000000005,0.014987580851622969,875.70000000000005,0.015613455066419134,875.70000000000005,0.015320524232174495,875.70000000000005,0.014936166425065485,875.70000000000005,0.015044802183735575,875.70000000000005,0.015659910310860184,875.70000000000005,0.015381433161245475,875.70000000000005,0.014979697023643006,875.70000000000005,0.015698608885837087,875.70000000000005,0.015030263726761781,875.70000000000005,0.015551783186253316,875.70000000000005,0.016102464332036315,875.70000000000005,0.015918211642633705,875.70000000000005,0.01546845197222858,875.70000000000005,0.014760645287081544,875.70000000000005,0.015327263633512203,875.70000000000005,0.015674575926349788,875.70000000000005,0.015382619974059661,875.70000000000005,0.015514907216669632,875.70000000000005,0.015842213236353774,875.70000000000005,0.015513084611276417,875.70000000000005,0.015811059399981352,875.70000000000005,0.015521773776523147,875.70000000000005,0.015175775455015554,875.70000000000005,0.015188279375736457
876.5,0.015620067309241033,876.5,0.015517704704017364,876.5,0.016585158058035149,876.5,0.015507659181268705,876.5,0.015529954307706657,876.5,0.015516348346515435,876.5,0.015788170867136304,876.5,0.015088417554656968,876.5,0.015220153777031779,876.5,0.015794147317379176,876.5,0.015175224434780397,876.5,0.014668158659918789,876.5,0.016398065495112874,876.5,0.015755999762637439,876.5,0.015041411289980754,876.5,0.015628205454252603,876.5,0.015813729728813272,876.5,0.015899688885497996,876.5,0.015803260344345264,876.5,0.015285979502047254,876.5,0.01557390876800353,876.5,0.014790188448920428,876.5,0.015740444037537198,876.5,0.015591159939981178,876.5,0.016083475327009312,876.5,0.016103947848054048,876.5,0.016309902257487519,876.5,0.01579495265464595,876.5,0.016589990081635763,876.5,0.015611717233369782,876.5,0.015072607512525111,876.5,0.015952417283385468,876.5,0.014819816383103179,876.5,0.015609428380085281,876.5,0.01446695150174207,876.5,0.016008536575027765,876.5,0.014588938904571773,876.5,0.015060315522663886,876.5,0.015073963870027043,876.5,0.014819731610759307,876.5,0.015486296550613331,876.5,0.015546018666870122,876.5,0.015613497452591066,876.5,0.015559370311029726,876.5,0.015672626162440768,876.5,0.015728999771114673,876.5,0.015450183532124481,876.5,0.015095029797478872,876.5,0.015256605884896112,876.5,0.015650119105143138,876.5,0.016347456405822164,876.5,0.015834287022201875,876.5,0.015443020269067421,876.5,0.014970880699880474,876.5,0.014982240193959124,876.5,0.015711875757652823,876.5,0.015864974610683008,876.5,0.015453871129082844,876.5,0.015149623186931497,876.5,0.015893712435255121,876.5,0.015454167832286396,876.5,0.016122809694565244,876.5,0.015612353025948813,876.5,0.015970728109661502
877.20000000000005,0.015400506938616347,877.20000000000005,0.015254910438018699,877.20000000000005,0.016409679306223137,877.20000000000005,0.01555004535320397,877.20000000000005,0.01503403609606402,877.20000000000005,0.015426489662012665,877.20000000000005,0.015838186550019923,877.20000000000005,0.015396141162907011,877.20000000000005,0.014912430168781736,877.20000000000005,0.015998448666107168,877.20000000000005,0.015127751922212898,877.20000000000005,0.015123386146503562,877.20000000000005,0.015648677975297343,877.20000000000005,0.015585607351457663,877.20000000000005,0.015532243160991157,877.20000000000005,0.015449335808685774,877.20000000000005,0.015340700050015683,877.20000000000005,0.016292184837618573,877.20000000000005,0.015698142637945795,877.20000000000005,0.015585225875910245,877.20000000000005,0.015693437772860985,877.20000000000005,0.01520981155107958,877.20000000000005,0.015952374897213538,877.20000000000005,0.01571492756203216,877.20000000000005,0.016058891347286858,877.20000000000005,0.015875062519603602,877.20000000000005,0.016381958749777471,877.20000000000005,0.015873790934445544,877.20000000000005,0.016363647923501434,877.20000000000005,0.015515924484796077,877.20000000000005,0.01497257614675788,877.20000000000005,0.016010910200656137,877.20000000000005,0.015145342183566037,877.20000000000005,0.015677246255181704,877.20000000000005,0.01484673160228207,877.20000000000005,0.016332366928613212,877.20000000000005,0.014790697082983646,877.20000000000005,0.01565626510007375,877.20000000000005,0.014711138238261151,877.20000000000005,0.015308020311453591,877.20000000000005,0.015774522519773151,877.20000000000005,0.015423946491696552,877.20000000000005,0.015615192899468477,877.20000000000005,0.015671269804938836,877.20000000000005,0.016146503564677062,877.20000000000005,0.015794274475894984,877.20000000000005,0.015469681171214703,877.20000000000005,0.014490602985681953,877.20000000000005,0.015112492900316202,877.20000000000005,0.015906979307070867,877.20000000000005,0.016266922679145153,877.20000000000005,0.016130142502310044,877.20000000000005,0.015091215042004696,877.20000000000005,0.015025134999957616,877.20000000000005,0.015229775438061088,877.20000000000005,0.015719505268601171,877.20000000000005,0.015892101760721582,877.20000000000005,0.015690385968481643,877.20000000000005,0.015373422174749711,877.20000000000005,0.015171452065478158,877.20000000000005,0.015495706280782961,877.20000000000005,0.016087205310139623,877.20000000000005,0.01483329518577859,877.20000000000005,0.015667243118604984
877.89999999999998,0.015786221103227287,877.89999999999998,0.015914439273331468,877.89999999999998,0.016667387231589566,877.89999999999998,0.015926434559989149,877.89999999999998,0.015338368810559246,877.89999999999998,0.015707086120224142,877.89999999999998,0.015668641862278846,877.89999999999998,0.016021761060671567,877.89999999999998,0.015540593236862405,877.89999999999998,0.016451980705814537,877.89999999999998,0.015705051583971247,877.89999999999998,0.015216635724761153,877.89999999999998,0.016031848969592158,877.89999999999998,0.016439264854233956,877.89999999999998,0.01583488042860897,877.89999999999998,0.015700261946542556,877.89999999999998,0.016050244568212069,877.89999999999998,0.016400693437772861,877.89999999999998,0.016565363715741376,877.89999999999998,0.015627612047845515,877.89999999999998,0.015662072005628885,877.89999999999998,0.015529403287471497,877.89999999999998,0.016254164441392643,877.89999999999998,0.016201520815849038,877.89999999999998,0.016085170773886728,877.89999999999998,0.016325203665556145,877.89999999999998,0.016704941379924211,877.89999999999998,0.016351906953875367,877.89999999999998,0.016739189406847908,877.89999999999998,0.016629833083254917,877.89999999999998,0.01568127294151556,877.89999999999998,0.016919669726948281,877.89999999999998,0.015532751795054386,877.89999999999998,0.016028203758805731,877.89999999999998,0.01599709230860524,877.89999999999998,0.016542602341412135,877.89999999999998,0.015121309224078736,877.89999999999998,0.01555453828742911,877.89999999999998,0.016007307376041641,877.89999999999998,0.015901426718547343,877.89999999999998,0.015485448827174623,877.89999999999998,0.016057195900409452,877.89999999999998,0.016497672999160756,877.89999999999998,0.016501191051431378,877.89999999999998,0.01607020845519358,877.89999999999998,0.015914651204191142,877.89999999999998,0.015586667005756043,877.89999999999998,0.014879708044047712,877.89999999999998,0.01579151937471919,877.89999999999998,0.016464781329738984,877.89999999999998,0.016327111043293235,877.89999999999998,0.016240346549341741,877.89999999999998,0.01577702330391733,877.89999999999998,0.015985605656010784,877.89999999999998,0.015652789433975061,877.89999999999998,0.016542644727584075,877.89999999999998,0.016226104795571492,877.89999999999998,0.016534718513432179,877.89999999999998,0.015782024872205688,877.89999999999998,0.01561650687079847,877.89999999999998,0.015450776938531575,877.89999999999998,0.016452574112221632,877.89999999999998,0.015539448810220154,877.89999999999998,0.016391198935259362
878.60000000000002,0.01583030272203996,878.60000000000002,0.016284894416045709,878.60000000000002,0.015955299543077065,878.60000000000002,0.016275696616735752,878.60000000000002,0.014895009452116342,878.60000000000002,0.015774903995320569,878.60000000000002,0.015968735959580545,878.60000000000002,0.015955638632452546,878.60000000000002,0.015200656137941559,878.60000000000002,0.016231572611751142,878.60000000000002,0.015728787840254999,878.60000000000002,0.015731203852055304,878.60000000000002,0.015414706306214662,878.60000000000002,0.016240049846138197,878.60000000000002,0.015825555470783213,878.60000000000002,0.016055458067360102,878.60000000000002,0.015403431584479878,878.60000000000002,0.016927977416647592,878.60000000000002,0.01640599170926477,878.60000000000002,0.015775115926180243,878.60000000000002,0.015760407924518705,878.60000000000002,0.01565147546264507,878.60000000000002,0.016270271186728042,878.60000000000002,0.015722557072980509,878.60000000000002,0.016432737383755926,878.60000000000002,0.016629536380051373,878.60000000000002,0.015880106474063901,878.60000000000002,0.016492629044700453,878.60000000000002,0.016544213015945677,878.60000000000002,0.016458592948636434,878.60000000000002,0.0155456371913227,878.60000000000002,0.016734866017310512,878.60000000000002,0.015408136449564696,878.60000000000002,0.016331688749862246,878.60000000000002,0.016359070216932423,878.60000000000002,0.016200969795613876,878.60000000000002,0.014941591855073199,878.60000000000002,0.01570204216576384,878.60000000000002,0.015636852233327399,878.60000000000002,0.016378695014538456,878.60000000000002,0.015716029602502481,878.60000000000002,0.015886803489229672,878.60000000000002,0.016312021566084283,878.60000000000002,0.016476607071708924,878.60000000000002,0.016188889736612328,878.60000000000002,0.015884980883836455,878.60000000000002,0.015227232267744971,878.60000000000002,0.015512109729321906,878.60000000000002,0.015759305884048391,878.60000000000002,0.016054483185405595,878.60000000000002,0.015755745445605825,878.60000000000002,0.015746971508015226,878.60000000000002,0.015652407958427646,878.60000000000002,0.015672795707128508,878.60000000000002,0.015953731254715466,878.60000000000002,0.016364622805455947,878.60000000000002,0.015887863143528053,878.60000000000002,0.016919584954604407,878.60000000000002,0.016414426557479891,878.60000000000002,0.015062095741885167,878.60000000000002,0.016283241355340233,878.60000000000002,0.016330501937048058,878.60000000000002,0.015459762806981848,878.60000000000002,0.016315751549214583
879.29999999999995,0.016063426667683938,879.29999999999995,0.015942414146808748,879.29999999999995,0.015921390605528853,879.29999999999995,0.016581724778108386,879.29999999999995,0.015313784830836789,879.29999999999995,0.01638611259462713,879.29999999999995,0.015846663784406974,879.29999999999995,0.016260819070386474,879.29999999999995,0.015317641972482898,879.29999999999995,0.015834838042437033,879.29999999999995,0.016047531853208209,879.29999999999995,0.015570136398701286,879.29999999999995,0.01607932148215966,879.29999999999995,0.016346015275976369,879.29999999999995,0.015772148894144775,879.29999999999995,0.015919822317167244,879.29999999999995,0.015619601061349743,879.29999999999995,0.016986470333918261,879.29999999999995,0.016723887998779278,879.29999999999995,0.015708145774522522,879.29999999999995,0.015333155311411203,879.29999999999995,0.015941396878682301,879.29999999999995,0.016110899180251433,879.29999999999995,0.016287988606596984,879.29999999999995,0.016743004162322085,879.29999999999995,0.01647101209701347,879.29999999999995,0.015742775276993633,879.29999999999995,0.017116553495587598,879.29999999999995,0.016469613353339605,879.29999999999995,0.016739189406847908,879.29999999999995,0.016050032637352388,879.29999999999995,0.016899324364419353,879.29999999999995,0.015672626162440768,879.29999999999995,0.016205377957495146,879.29999999999995,0.016387892813848403,879.29999999999995,0.016529886489831558,879.29999999999995,0.014989064367640701,879.29999999999995,0.015566406415570982,879.29999999999995,0.015500368759695838,879.29999999999995,0.016129464323559082,879.29999999999995,0.015884726566804848,879.29999999999995,0.016149597755228333,879.29999999999995,0.016545993235166964,879.29999999999995,0.016426591388825306,879.29999999999995,0.01596932936598764,879.29999999999995,0.015984164526164982,879.29999999999995,0.015443401744614838,879.29999999999995,0.01627421310071802,879.29999999999995,0.016059399981350083,879.29999999999995,0.01586374541169689,879.29999999999995,0.015684536676754575,879.29999999999995,0.015591838118732146,879.29999999999995,0.015759221111704518,879.29999999999995,0.01528114747844663,879.29999999999995,0.016174139348778857,879.29999999999995,0.016452786043081306,879.29999999999995,0.016031976128107962,879.29999999999995,0.0170925205361003,879.29999999999995,0.01650598068886007,879.29999999999995,0.016068343463628426,879.29999999999995,0.016167950967676308,879.29999999999995,0.016749277315768505,879.29999999999995,0.015825979332502561,879.29999999999995,0.017221967905190611
880,0.015708230546866389,880,0.01553296372591406,880,0.015133007807532871,880,0.015925586836550442,880,0.015233251104159781,880,0.01597920534404856,880,0.016035706111238269,880,0.015549579105312683,880,0.014745428651356781,880,0.015329594872968642,880,0.015727940116816292,880,0.015369225943728118,880,0.016016589947695462,880,0.016041682561481144,880,0.015425430007714283,880,0.016098691962734075,880,0.015461924501750551,880,0.016398150267456744,880,0.016073684121292269,880,0.015931944762340736,880,0.015430643506862322,880,0.01591766062239855,880,0.01574892127192425,880,0.015369056399040378,880,0.016882878529708469,880,0.016001373311970702,880,0.016042021650856626,880,0.01636547052889465,880,0.01601608131363224,880,0.016854479794511837,880,0.015619389130490069,880,0.016277943083848324,880,0.0151241490975984,880,0.016113823826114967,880,0.015781770555174077,880,0.015900027974873474,880,0.014792392529861058,880,0.015255291913566118,880,0.014898485118215034,880,0.016005696701508098,880,0.015879640226172612,880,0.01572827920619177,880,0.015814407907564235,880,0.015801819214499458,880,0.015572594796673531,880,0.015461966887922484,880,0.015501894661885505,880,0.0159385146189907,880,0.015219306053593076,880,0.015168612191958494,880,0.015711663826793145,880,0.015334130193365714,880,0.015426065800293315,880,0.014915778676364622,880,0.015871502081161042,880,0.015777998185871844,880,0.015480955892949483,880,0.015955723404796417,880,0.016198257080610023,880,0.015557166230089096,880,0.015498249451099075,880,0.016168586760255333,880,0.015525037511762164,880,0.016764197248289717
880.70000000000005,0.015812500529827151,880.70000000000005,0.014903952934394683,880.70000000000005,0.015019412866746351,880.70000000000005,0.015785712469164055,880.70000000000005,0.015387536770004158,880.70000000000005,0.016000398430016195,880.70000000000005,0.015835643379703803,880.70000000000005,0.015569076744402905,880.70000000000005,0.014615726965234862,880.70000000000005,0.015342310724549224,880.70000000000005,0.015598238430694369,880.70000000000005,0.0158880326882158,880.70000000000005,0.015158693827725641,880.70000000000005,0.016207836355467395,880.70000000000005,0.015351678068546915,880.70000000000005,0.015751973076303584,880.70000000000005,0.014977874418249789,880.70000000000005,0.015709798835227995,880.70000000000005,0.01605588192907946,880.70000000000005,0.015814958927799397,880.70000000000005,0.015257707925366428,880.70000000000005,0.015561616778142296,880.70000000000005,0.015770114357891881,880.70000000000005,0.015170689114383323,880.70000000000005,0.016176724905266907,880.70000000000005,0.016008155099480344,880.70000000000005,0.016331095343455154,880.70000000000005,0.015840729720336035,880.70000000000005,0.015957588396361567,880.70000000000005,0.016975704246246701,880.70000000000005,0.015437128591168416,880.70000000000005,0.016247425040054931,880.70000000000005,0.01550053830438358,880.70000000000005,0.015704373405220282,880.70000000000005,0.015634266676839346,880.70000000000005,0.016307782948890754,880.70000000000005,0.014665234014055254,880.70000000000005,0.014738180615955851,880.70000000000005,0.014805235539957443,880.70000000000005,0.015506387596110645,880.70000000000005,0.015459169400574759,880.70000000000005,0.015689283928011322,880.70000000000005,0.015465145850817629,880.70000000000005,0.015596670142332765,880.70000000000005,0.015431024982409738,880.70000000000005,0.015072014106118021,880.70000000000005,0.015835049973296711,880.70000000000005,0.015475657621457575,880.70000000000005,0.015631299644803878,880.70000000000005,0.015696743894271933,880.70000000000005,0.016082118969507387,880.70000000000005,0.015695260378254194,880.70000000000005,0.015212439493739566,880.70000000000005,0.015131100429795784,880.70000000000005,0.016184312030043318,880.70000000000005,0.015886506786026124,880.70000000000005,0.015714079838593454,880.70000000000005,0.015970134703254407,880.70000000000005,0.016151632291481227,880.70000000000005,0.015793681069487892,880.70000000000005,0.014702237142154746,880.70000000000005,0.016277095360409624,880.70000000000005,0.015263090969202206,880.70000000000005,0.016372549019607847
881.5,0.015764180293820946,881.5,0.015178615328535218,881.5,0.015357654518789789,881.5,0.015329637259140577,881.5,0.014867034578639067,881.5,0.015548561837186239,881.5,0.015623712520027467,881.5,0.015960724973084782,881.5,0.014723387841950443,881.5,0.015370285598026499,881.5,0.015409196103863076,881.5,0.015457389181353476,881.5,0.015400295007756668,881.5,0.016306172274357218,881.5,0.015594974695455352,881.5,0.016091062451785727,881.5,0.015139789595042514,881.5,0.015732687368073039,881.5,0.016448377881200037,881.5,0.015615743919703638,881.5,0.015622229004009733,881.5,0.015215745615150513,881.5,0.016059188050490412,881.5,0.014858726888939754,881.5,0.016143663691157398,881.5,0.016425235031323385,881.5,0.016072539694650022,881.5,0.01533040021023541,881.5,0.016216991768605409,881.5,0.017110492273000856,881.5,0.014939514932648373,881.5,0.016266922679145153,881.5,0.015016488220882822,881.5,0.015496681162737471,881.5,0.015562210184549391,881.5,0.015627908751049056,881.5,0.014746615464170968,881.5,0.014778871341013708,881.5,0.015621593211430702,881.5,0.015982808168663057,881.5,0.015075998406279935,881.5,0.015554495901257175,881.5,0.015560938599391335,881.5,0.01555004535320397,881.5,0.015322516382255453,881.5,0.015336503818994093,881.5,0.015771470715393809,881.5,0.015335783254071193,881.5,0.015515161533701246,881.5,0.01582135923976162,881.5,0.016105007502352432,881.5,0.016244585166535264,881.5,0.015305689071997152,881.5,0.015670252536812392,881.5,0.016472537999203143,881.5,0.016184057713011703,881.5,0.016036214745301491,881.5,0.015701406373184811,881.5,0.016032103286623772,881.5,0.015171452065478158,881.5,0.014535235624729789,881.5,0.016626357417156228,881.5,0.01555470783211685,881.5,0.016314056102337174
882.20000000000005,0.015557335774776838,882.20000000000005,0.015165051753515936,882.20000000000005,0.015481422140840771,882.20000000000005,0.015533090884429864,882.20000000000005,0.014780566787891121,882.20000000000005,0.015548561837186236,882.20000000000005,0.015425345235370412,882.20000000000005,0.016057365445097189,882.20000000000005,0.014791205717046872,882.20000000000005,0.015394021854310248,882.20000000000005,0.015131990539406425,882.20000000000005,0.015599806719055977,882.20000000000005,0.015083246441680865,882.20000000000005,0.016090002797487346,882.20000000000005,0.015789103362918881,882.20000000000005,0.016155489433127338,882.20000000000005,0.015062646762120324,882.20000000000005,0.016006502038774875,882.20000000000005,0.015759178725532584,882.20000000000005,0.0157996999059027,882.20000000000005,0.015310266778566162,882.20000000000005,0.015225070572976273,882.20000000000005,0.016063426667683938,882.20000000000005,0.014606953027644263,882.20000000000005,0.015976662173732437,882.20000000000005,0.016521875503335792,882.20000000000005,0.015396056390563143,882.20000000000005,0.015456711002602508,882.20000000000005,0.016277180132753491,882.20000000000005,0.01616697608572179,882.20000000000005,0.01537778795045904,882.20000000000005,0.015915965175521136,882.20000000000005,0.015413222790196929,882.20000000000005,0.015198282512313184,882.20000000000005,0.015537626204826935,882.20000000000005,0.01560417249476531,882.20000000000005,0.014905987470647574,882.20000000000005,0.014940786517806432,882.20000000000005,0.015057857124691642,882.20000000000005,0.015679323177606539,882.20000000000005,0.014972576146757885,882.20000000000005,0.015228970100794317,882.20000000000005,0.015407500656985668,882.20000000000005,0.015855225791137895,882.20000000000005,0.015544619923196255,882.20000000000005,0.015573018658392888,882.20000000000005,0.015863872570212694,882.20000000000005,0.015269660825852177,882.20000000000005,0.016308630672329457,882.20000000000005,0.01568233259581394,882.20000000000005,0.015678602612683636,882.20000000000005,0.016428541152734327,882.20000000000005,0.015194637301526752,882.20000000000005,0.014873392504429355,882.20000000000005,0.016593762450938007,882.20000000000005,0.016180666819256884,882.20000000000005,0.016157439197036359,882.20000000000005,0.016583886472877087,882.20000000000005,0.01615332773835864,882.20000000000005,0.015177386129549095,882.20000000000005,0.015057433262972288,882.20000000000005,0.0165585395420598,882.20000000000005,0.015203750328492832,882.20000000000005,0.015742690504649763
882.89999999999998,0.015533599518493087,882.89999999999998,0.015716071988674415,882.89999999999998,0.0159764926290447,882.89999999999998,0.015218585488670177,882.89999999999998,0.014705967125285048,882.89999999999998,0.015472266727702754,882.89999999999998,0.01598992904554818,882.89999999999998,0.015824241499453221,882.89999999999998,0.015466841297695041,882.89999999999998,0.01514733433364699,882.89999999999998,0.015128599645651605,882.89999999999998,0.015021659333858923,882.89999999999998,0.016264125191797429,882.89999999999998,0.016106957266261455,882.89999999999998,0.015689919720590355,882.89999999999998,0.016063935301747156,882.89999999999998,0.015859506794503358,882.89999999999998,0.016231996473470494,882.89999999999998,0.016379712282664903,882.89999999999998,0.015805633969973636,882.89999999999998,0.015456075210023483,882.89999999999998,0.015172511719776542,882.89999999999998,0.016092249264599921,882.89999999999998,0.015555555555555557,882.89999999999998,0.016129252392699401,882.89999999999998,0.016105643294931461,882.89999999999998,0.0147085526817731,882.89999999999998,0.015430431576002643,882.89999999999998,0.0161839305544959,882.89999999999998,0.016283961920263129,882.89999999999998,0.015753329433805516,882.89999999999998,0.015804913405050733,882.89999999999998,0.015022422284953757,882.89999999999998,0.015028737824572111,882.89999999999998,0.01549863092664649,882.89999999999998,0.014978552597000755,882.89999999999998,0.015117918330323913,882.89999999999998,0.015228164763527546,882.89999999999998,0.015190101981129678,882.89999999999998,0.015924315251392387,882.89999999999998,0.015196375134576098,882.89999999999998,0.015782533506268917,882.89999999999998,0.015712681094919596,882.89999999999998,0.015766214830073837,882.89999999999998,0.015652280799911836,882.89999999999998,0.015344981053381146,882.89999999999998,0.015997812873528142,882.89999999999998,0.015546018666870122,882.89999999999998,0.016029729660995397,882.89999999999998,0.015725566491187917,882.89999999999998,0.015921899239592075,882.89999999999998,0.016678619567152407,882.89999999999998,0.015660885192814698,882.89999999999998,0.015137034493866724,882.89999999999998,0.016179225689411089,882.89999999999998,0.015967040512703135,882.89999999999998,0.015607266685316579,882.89999999999998,0.016415189508574721,882.89999999999998,0.01574811593465748,882.89999999999998,0.01560124784890177,882.89999999999998,0.015070996837991575,882.89999999999998,0.016707738867271942,882.89999999999998,0.015242745606673278,882.89999999999998,0.015789315293778562
883.60000000000002,0.015376770682332596,883.60000000000002,0.016492586658528523,883.60000000000002,0.015248298195196797,883.60000000000002,0.015557674864152316,883.60000000000002,0.014997583988199692,883.60000000000002,0.015678263523308159,883.60000000000002,0.016331561591346442,883.60000000000002,0.01555551316938362,883.60000000000002,0.015387155294456736,883.60000000000002,0.015083755075744087,883.60000000000002,0.015600781601010487,883.60000000000002,0.01545484601103736,883.60000000000002,0.01606660563057908,883.60000000000002,0.015940803472275208,883.60000000000002,0.015646685825216378,883.60000000000002,0.015938472232818763,883.60000000000002,0.015927324669599788,883.60000000000002,0.016549045039546299,883.60000000000002,0.016037232013427938,883.60000000000002,0.01615150513296542,883.60000000000002,0.015423013995913974,883.60000000000002,0.015651475462645066,883.60000000000002,0.015976111153497285,883.60000000000002,0.015040139704822698,883.60000000000002,0.016309817485143645,883.60000000000002,0.016187872468485881,883.60000000000002,0.01490183362579792,883.60000000000002,0.01534565923213211,883.60000000000002,0.015970304247942151,883.60000000000002,0.016077965124657732,883.60000000000002,0.016378949331570063,883.60000000000002,0.015709120656477032,883.60000000000002,0.015369988894822955,883.60000000000002,0.01498126531200461,883.60000000000002,0.015558819290794569,883.60000000000002,0.015105711112806557,883.60000000000002,0.015017039241117976,883.60000000000002,0.015195951272856743,883.60000000000002,0.014522943634868564,883.60000000000002,0.015765790968354482,883.60000000000002,0.015437976314607126,883.60000000000002,0.01583848325322347,883.60000000000002,0.015434627807024237,883.60000000000002,0.015785712469164059,883.60000000000002,0.015948136280020009,883.60000000000002,0.015257665539194493,883.60000000000002,0.015976619787560504,883.60000000000002,0.015331544636877666,883.60000000000002,0.015938175529615219,883.60000000000002,0.015469554012698901,883.60000000000002,0.015726922848689841,883.60000000000002,0.016377677746412012,883.60000000000002,0.015511685867602555,883.60000000000002,0.015052262149996188,883.60000000000002,0.01604867627985046,883.60000000000002,0.015428736129125235,883.60000000000002,0.015426701592872339,883.60000000000002,0.016128658986292309,883.60000000000002,0.015621805142290382,883.60000000000002,0.016032739079202801,883.60000000000002,0.015458406449479923,883.60000000000002,0.01618215033527462,883.60000000000002,0.015207988945686358,883.60000000000002,0.015393428447903156
884.29999999999995,0.016053253986419474,884.29999999999995,0.016273026287903836,884.29999999999995,0.015219475598280817,884.29999999999995,0.015244017191831334,884.29999999999995,0.015320566618346432,884.29999999999995,0.015691827098327442,884.29999999999995,0.015987385875232064,884.29999999999995,0.015274916711172147,884.29999999999995,0.015399023422598612,884.29999999999995,0.015308401787001007,884.29999999999995,0.015876291718589727,884.29999999999995,0.01553707518459178,884.29999999999995,0.016198850487017111,884.29999999999995,0.015989123708281414,884.29999999999995,0.015498334223442944,884.29999999999995,0.015916431423412425,884.29999999999995,0.015897654349245099,884.29999999999995,0.016428668311250134,884.29999999999995,0.0163788645592262,884.29999999999995,0.015767486415231895,884.29999999999995,0.015251773861295493,884.29999999999995,0.015386985749768997,884.29999999999995,0.015783677932911168,884.29999999999995,0.015642871069742208,884.29999999999995,0.016435280554072038,884.29999999999995,0.015977637055686948,884.29999999999995,0.015215491298118902,884.29999999999995,0.015510965302679654,884.29999999999995,0.016320414028127464,884.29999999999995,0.01606864016683197,884.29999999999995,0.015986453379449487,884.29999999999995,0.015688775293948104,884.29999999999995,0.014891872875393133,884.29999999999995,0.014822741028966708,884.29999999999995,0.015689368700355193,884.29999999999995,0.015414282444495305,884.29999999999995,0.01447449624034655,884.29999999999995,0.015333282469927011,884.29999999999995,0.015878453413358428,884.29999999999995,0.016087925875062522,884.29999999999995,0.015359138034807526,884.29999999999995,0.016194527097479719,884.29999999999995,0.015331205547502181,884.29999999999995,0.015528852267236336,884.29999999999995,0.015512406432525452,884.29999999999995,0.015211888473504402,884.29999999999995,0.015657028051168587,884.29999999999995,0.015288310741503695,884.29999999999995,0.015470232191449862,884.29999999999995,0.015828988750709969,884.29999999999995,0.015570094012529352,884.29999999999995,0.015996202198994596,884.29999999999995,0.015699880470995142,884.29999999999995,0.015375244780142927,884.29999999999995,0.015741800395039123,884.29999999999995,0.015866161423497199,884.29999999999995,0.015231725201970109,884.29999999999995,0.015712426777887978,884.29999999999995,0.015214050168273105,884.29999999999995,0.01585386943363597,884.29999999999995,0.015094733094275326,884.29999999999995,0.016380517619931673,884.29999999999995,0.015248679670744215,884.29999999999995,0.015402753405728914
885,0.015911684172155677,885,0.016484957147580175,885,0.014944813204140281,885,0.015471207073404372,885,0.015408729855971788,885,0.01570199977959191,885,0.015949238320490323,885,0.015246941837694872,885,0.015053999983045532,885,0.015383001449607081,885,0.015715224265235708,885,0.01560065444249468,885,0.015491849139136848,885,0.015625450353076813,885,0.015507659181268701,885,0.01582402956859354,885,0.015709459745852514,885,0.016567694955197814,885,0.01559895899561727,885,0.015711536668277338,885,0.015530674872629553,885,0.015327645109059622,885,0.015797241507930451,885,0.014944346956248992,885,0.016453930469723554,885,0.015964921204106371,885,0.015782618278612784,885,0.015937370192348449,885,0.016221230385798938,885,0.01566597153344693,885,0.016091571085848948,885,0.015993955731882031,885,0.015002076922424832,885,0.014882929393114789,885,0.015513889948543186,885,0.015493968447733611,885,0.014179488483677083,885,0.015326500682417366,885,0.015758076685062263,885,0.016104032620397921,885,0.015076846129718643,885,0.015569754923153871,885,0.014859023592143299,885,0.015423734560836871,885,0.015333536786958623,885,0.015659486449140829,885,0.015289963802209166,885,0.015322219679051908,885,0.015393089358527675,885,0.015303400218712647,885,0.015180988954163593,885,0.015413816196604022,885,0.014958970185566661,885,0.015285386095640159,885,0.015838440867051537,885,0.016102676262895993,885,0.015569119130574838,885,0.015512364046353514,885,0.015580266693793818,885,0.01519688376863932,885,0.015577935454337376,885,0.015816781533192614,885,0.015382619974059661,885,0.015262879038342531
885.70000000000005,0.01612700592558684,885.70000000000005,0.016010232021905175,885.70000000000005,0.015376304434441308,885.70000000000005,0.015245712638708747,885.70000000000005,0.015210362571314735,885.70000000000005,0.015811356103184897,885.70000000000005,0.015259191441384162,885.70000000000005,0.014860379949645227,885.70000000000005,0.015245585480192943,885.70000000000005,0.015834838042437033,885.70000000000005,0.015294753439637852,885.70000000000005,0.015590481761230216,885.70000000000005,0.015459635648466044,885.70000000000005,0.015656816120308913,885.70000000000005,0.014832871324059237,885.70000000000005,0.015838440867051537,885.70000000000005,0.015342395496893093,885.70000000000005,0.016215889728135091,885.70000000000005,0.015864296431932049,885.70000000000005,0.01576070462772225,885.70000000000005,0.015633249408712899,885.70000000000005,0.015016530607054756,885.70000000000005,0.01588794791587193,885.70000000000005,0.015439417444452925,885.70000000000005,0.016482753066639537,885.70000000000005,0.015200274662394141,885.70000000000005,0.015978442392953721,885.70000000000005,0.016167103244237598,885.70000000000005,0.016211905427973176,885.70000000000005,0.015444715715944829,885.70000000000005,0.015547332638200111,885.70000000000005,0.015660800420470824,885.70000000000005,0.014810491425277421,885.70000000000005,0.014851563625882691,885.70000000000005,0.015062901079151939,885.70000000000005,0.015717767435551824,885.70000000000005,0.014527055093546281,885.70000000000005,0.015430770665378126,885.70000000000005,0.015755533514746151,885.70000000000005,0.015858192823173366,885.70000000000005,0.015087866534421811,885.70000000000005,0.015507871112128381,885.70000000000005,0.01417236760679196,885.70000000000005,0.01575265125505455,885.70000000000005,0.01512245365072099,885.70000000000005,0.015049125573272976,885.70000000000005,0.015375583869518407,885.70000000000005,0.015570602646592574,885.70000000000005,0.015676228987055264,885.70000000000005,0.015804404770987514,885.70000000000005,0.015059764502428727,885.70000000000005,0.014597458525130762,885.70000000000005,0.014570712850639609,885.70000000000005,0.014910692335732393,885.70000000000005,0.01586895891084493,885.70000000000005,0.016206098522418045,885.70000000000005,0.015191034476912248,885.70000000000005,0.015890448700016106,885.70000000000005,0.015916812898959843,885.70000000000005,0.015296067410967843,885.70000000000005,0.015754261929588089,885.70000000000005,0.015730313742444667,885.70000000000005,0.015157125539364037,885.70000000000005,0.015309503827471324
886.5,0.015842170850181837,886.5,0.016288285309800532,886.5,0.015162678127887559,886.5,0.015766214830073837,886.5,0.014939938794367726,886.5,0.015457007705806058,886.5,0.015700007629510945,886.5,0.014778150776090807,886.5,0.015214219712960844,886.5,0.015646643439044445,886.5,0.015196417520748032,886.5,0.01595669828675093,886.5,0.015642743911226401,886.5,0.015578825563948018,886.5,0.014682824275408388,886.5,0.015842679484245059,886.5,0.015600951145698228,886.5,0.016352373201766652,886.5,0.016687435890914946,886.5,0.015875147291947476,886.5,0.016248696625212992,886.5,0.015370031280994888,886.5,0.016210082822579963,886.5,0.015663216432271136,886.5,0.016522596068258687,886.5,0.015186711087374852,886.5,0.016073387418088721,886.5,0.016196773564592287,886.5,0.016311089070301703,886.5,0.015838059391504112,886.5,0.015811822351076182,886.5,0.016008367030340021,886.5,0.015319125488500637,886.5,0.015081296677771843,886.5,0.014915397200817204,886.5,0.015460907233624102,886.5,0.015161999949136591,886.5,0.015394318557513796,886.5,0.015418987309580121,886.5,0.015775963649618949,886.5,0.015588023363257972,886.5,0.015552800454379765,886.5,0.014902257487517273,886.5,0.015828098641099329,886.5,0.015610742351415277,886.5,0.015191543110975477,886.5,0.015403558742995684,886.5,0.015986834854996905,886.5,0.015417673338250129,886.5,0.015530590100285685,886.5,0.015679450336122343,886.5,0.014899248069309867,886.5,0.014423208972304875,886.5,0.015597348321083733,886.5,0.015774013885709925,886.5,0.015914481659503404,886.5,0.015557251002432965,886.5,0.015888753253138696,886.5,0.016355085916770512,886.5,0.015662283936488559,886.5,0.015923806617329166,886.5,0.015554834990632659,886.5,0.015492824021091357,886.5,0.015455312258928645
887.20000000000005,0.015813348253265854,887.20000000000005,0.016169604028381784,887.20000000000005,0.015036367335520459,887.20000000000005,0.015884048388053879,887.20000000000005,0.015032340649186611,887.20000000000005,0.015543475496554006,887.20000000000005,0.015560133262124564,887.20000000000005,0.014976518060747859,887.20000000000005,0.015784737587209545,887.20000000000005,0.016206140908589978,887.20000000000005,0.015049761365852005,887.20000000000005,0.015773590023990574,887.20000000000005,0.015625789442452298,887.20000000000005,0.0157814314657986,887.20000000000005,0.015149072166696335,887.20000000000005,0.016074955706450331,887.20000000000005,0.015494985715860056,887.20000000000005,0.015681823961750718,887.20000000000005,0.016759492383204903,887.20000000000005,0.016293922670667923,887.20000000000005,0.015934191229453304,887.20000000000005,0.015723531954935022,887.20000000000005,0.015786221103227287,887.20000000000005,0.015697125369819351,887.20000000000005,0.016853208209353779,887.20000000000005,0.015612268253604943,887.20000000000005,0.016142053016623858,887.20000000000005,0.015919568000135637,887.20000000000005,0.016248357535837508,887.20000000000005,0.015719378110085367,887.20000000000005,0.015583784746064443,887.20000000000005,0.015849842747302115,887.20000000000005,0.016021888219187378,887.20000000000005,0.015522960589337338,887.20000000000005,0.014895051838288273,887.20000000000005,0.015759305884048391,887.20000000000005,0.015659613607656636,887.20000000000005,0.015173062740011699,887.20000000000005,0.015368123903257801,887.20000000000005,0.015796309012147874,887.20000000000005,0.015626170917999716,887.20000000000005,0.015950382747132577,887.20000000000005,0.015345616845960176,887.20000000000005,0.016010359180420979,887.20000000000005,0.015762484846943533,887.20000000000005,0.015744258793011369,887.20000000000005,0.015094139687868231,887.20000000000005,0.015040775497401727,887.20000000000005,0.015635538261997407,887.20000000000005,0.015487356204911708,887.20000000000005,0.015649780015767657,887.20000000000005,0.015062010969541297,887.20000000000005,0.014743648432135501,887.20000000000005,0.015361681205123641,887.20000000000005,0.015772318438832516,887.20000000000005,0.016194230394276175,887.20000000000005,0.015124064325254528,887.20000000000005,0.016402473656994144,887.20000000000005,0.016082966692946097,887.20000000000005,0.01598187567288048,887.20000000000005,0.015995015386180412,887.20000000000005,0.015817629256631317,887.20000000000005,0.015123216601815825,887.20000000000005,0.015562973135644226
887.89999999999998,0.015799784678246567,887.89999999999998,0.01568046760424879,887.89999999999998,0.015276273068674075,887.89999999999998,0.015541568118816915,887.89999999999998,0.015081508608631522,887.89999999999998,0.015106050202182041,887.89999999999998,0.015586412688724433,887.89999999999998,0.015007883827979959,887.89999999999998,0.015698269796461602,887.89999999999998,0.016051007519306899,887.89999999999998,0.015031111450200486,887.89999999999998,0.015509948034553208,887.89999999999998,0.015321456727957072,887.89999999999998,0.01580686316895976,887.89999999999998,0.015632274526758388,887.89999999999998,0.016190246094114253,887.89999999999998,0.015895111178928986,887.89999999999998,0.015486847570848486,887.89999999999998,0.016450921051516153,887.89999999999998,0.015995524020243641,887.89999999999998,0.015828225799615136,887.89999999999998,0.015252197723014844,887.89999999999998,0.015562422115409069,887.89999999999998,0.015470783211685019,887.89999999999998,0.016729440587302798,887.89999999999998,0.01577418343039767,887.89999999999998,0.015794486406754658,887.89999999999998,0.015688139501369075,887.89999999999998,0.016022863101141881,887.89999999999998,0.015721073556962773,887.89999999999998,0.01509719149224757,887.89999999999998,0.0159575036240177,887.89999999999998,0.016024431389503491,887.89999999999998,0.015515331078388988,887.89999999999998,0.015165475615235282,887.89999999999998,0.01545751633986928,887.89999999999998,0.015821528784449361,887.89999999999998,0.015481634071700447,887.89999999999998,0.015362189839186866,887.89999999999998,0.015418224358485288,887.89999999999998,0.015550723531954937,887.89999999999998,0.016225892864711815,887.89999999999998,0.015812712460686829,887.89999999999998,0.015568695268855485,887.89999999999998,0.015587006095131525,887.89999999999998,0.016001966718377798,887.89999999999998,0.014989869704907472,887.89999999999998,0.014856819511202667,887.89999999999998,0.015490577553978792,887.89999999999998,0.015360197689105905,887.89999999999998,0.015908335664572792,887.89999999999998,0.015738494273628167,887.89999999999998,0.015475233759738225,887.89999999999998,0.01591694005747565,887.89999999999998,0.015436619957105196,887.89999999999998,0.016229834778701796,887.89999999999998,0.01546315370073667,887.89999999999998,0.016371955613200751,887.89999999999998,0.015954960453701587,887.89999999999998,0.015580054762934139,887.89999999999998,0.015604214880937243,887.89999999999998,0.016240643252545289,887.89999999999998,0.015547926044607209,887.89999999999998,0.015469723557386638
888.60000000000002,0.01565058535303443,888.60000000000002,0.015681315327687493,888.60000000000002,0.015717936980239568,888.60000000000002,0.015517831862533167,888.60000000000002,0.015177301357205226,888.60000000000002,0.015367996744741997,888.60000000000002,0.01572289616235599,888.60000000000002,0.015235073709552996,888.60000000000002,0.015779651246577313,888.60000000000002,0.016078982392784179,888.60000000000002,0.014910734721904326,888.60000000000002,0.015008095758839638,888.60000000000002,0.015082398718242162,888.60000000000002,0.015718699931334405,888.60000000000002,0.016239244508871424,888.60000000000002,0.015967294829734746,888.60000000000002,0.015747607300594255,888.60000000000002,0.015410552461365004,888.60000000000002,0.01579054449276468,888.60000000000002,0.016155743750158949,888.60000000000002,0.015477268295991118,888.60000000000002,0.015261522680840602,888.60000000000002,0.015563269838847774,888.60000000000002,0.015213923009757296,888.60000000000002,0.016651450030941903,888.60000000000002,0.016011545993235166,888.60000000000002,0.015436747115621,888.60000000000002,0.015609301221569477,888.60000000000002,0.015754982494510988,888.60000000000002,0.015513381314479961,888.60000000000002,0.015419326398955603,888.60000000000002,0.015993108008443325,888.60000000000002,0.016090553817722512,888.60000000000002,0.016149428210540596,888.60000000000002,0.014970499224333052,888.60000000000002,0.015687249391758432,888.60000000000002,0.015416316980748197,888.60000000000002,0.015073879097683172,888.60000000000002,0.015259615303103515,888.60000000000002,0.015629307494722921,888.60000000000002,0.015571068894483866,888.60000000000002,0.016437823724388158,888.60000000000002,0.015415130167934013,888.60000000000002,0.015769605723828656,888.60000000000002,0.015755703059433891,888.60000000000002,0.016140993362325474,888.60000000000002,0.015066164814390954,888.60000000000002,0.014334621872960168,888.60000000000002,0.015676228987055264,888.60000000000002,0.015533980994040505,888.60000000000002,0.015253893169892254,888.60000000000002,0.015710519400150891,888.60000000000002,0.015476081483176928,888.60000000000002,0.015707552368115427,888.60000000000002,0.016041894492340822,888.60000000000002,0.016221357544314741,888.60000000000002,0.015531819299271806,888.60000000000002,0.016325330824071952,888.60000000000002,0.015693861634580336,888.60000000000002,0.015752990344430031,888.60000000000002,0.015971279129896661,888.60000000000002,0.016585666692098371,888.60000000000002,0.015188491306596136,888.60000000000002,0.015565516305960344
889.29999999999995,0.016142264947483536,889.29999999999995,0.015430389189830709,889.29999999999995,0.016151123657418002,889.29999999999995,0.015375414324830668,889.29999999999995,0.01506370641641871,889.29999999999995,0.015418012427625614,889.29999999999995,0.015863618253181083,889.29999999999995,0.015223205581411121,889.29999999999995,0.015965302679653785,889.29999999999995,0.016400269576053509,889.29999999999995,0.015259996778650933,889.29999999999995,0.015183574510651646,889.29999999999995,0.015553732950162338,889.29999999999995,0.015663597907818554,889.29999999999995,0.015859464408331424,889.29999999999995,0.01586895891084493,889.29999999999995,0.01572471876774921,889.29999999999995,0.015825936946330627,889.29999999999995,0.015889728135093206,889.29999999999995,0.015825131609063861,889.29999999999995,0.015261946542559955,889.29999999999995,0.015350533641904668,889.29999999999995,0.016134635436535188,889.29999999999995,0.015671693666658191,889.29999999999995,0.016199613438111948,889.29999999999995,0.016114120529318512,889.29999999999995,0.015468960606291804,889.29999999999995,0.015543178793350458,889.29999999999995,0.015548137975466883,889.29999999999995,0.015737180302298176,889.29999999999995,0.01471910683858498,889.29999999999995,0.015610784737587209,889.29999999999995,0.015443740833990324,889.29999999999995,0.015385629392267066,889.29999999999995,0.015107830421403319,889.29999999999995,0.015961064062460263,889.29999999999995,0.015388342107270922,889.29999999999995,0.015291744021430449,889.29999999999995,0.015729254088146287,889.29999999999995,0.015850563312225018,889.29999999999995,0.015573612064799982,889.29999999999995,0.016225892864711818,889.29999999999995,0.015464298127378923,889.29999999999995,0.015850987173944373,889.29999999999995,0.0156624534811763,889.29999999999995,0.015748497410204895,889.29999999999995,0.015595991963581801,889.29999999999995,0.015163695396014004,889.29999999999995,0.015556699982197808,889.29999999999995,0.016350338665513761,889.29999999999995,0.015284411213685647,889.29999999999995,0.015240880615108122,889.29999999999995,0.015622737638072957,889.29999999999995,0.016355213075286323,889.29999999999995,0.015766384374761577,889.29999999999995,0.015585564965285724,889.29999999999995,0.015591159939981178,889.29999999999995,0.01606847062214423,889.29999999999995,0.015631130100116138,889.29999999999995,0.01592677364936463,889.29999999999995,0.015813602570297468,889.29999999999995,0.016577189457711316,889.29999999999995,0.015324974780227697,889.29999999999995,0.015444291854225476
890,0.01612700592558684,890,0.016166213134626961,890,0.015996837991573632,890,0.015900155133389281,890,0.015223078422895317,890,0.015633334181056772,890,0.016426506616481436,890,0.015424116036384288,890,0.016099242982969237,890,0.016204445461712572,890,0.015204894755135083,890,0.015826996600629015,890,0.016042021650856626,890,0.015694115951611947,890,0.016212965082271557,890,0.015748582182548765,890,0.016013792460347735,890,0.01622012834532862,890,0.015839712452209592,890,0.016218475284623148,890,0.015140722090825089,890,0.015776938531573463,890,0.016029517730135723,890,0.015590312216542475,890,0.016227588311589224,890,0.016714308723921906,890,0.015781770555174081,890,0.015664403245085324,890,0.016106787721573715,890,0.015809236794588132,890,0.015538007680374354,890,0.016077032628875155,890,0.015687885184337468,890,0.016138407805837425,890,0.015395208667124434,890,0.01598903893593754,890,0.014705077015674405,890,0.015288353127675625,890,0.015729254088146287,890,0.01637615184422234,890,0.015720268219696007,890,0.016236913269414989,890,0.015698269796461606,890,0.016361316684044995,890,0.015678560226511699,890,0.016068936870035518,890,0.015311156888176801,890,0.015267117655536058,890,0.015434627807024237,890,0.015979883522799523,890,0.015165729932266897,890,0.015580817714028972,890,0.015155642023346304,890,0.016093266532726368,890,0.016000356043844255,890,0.015637276095046754,890,0.01572933886049015,890,0.016061688834634592,890,0.01576252723311547,890,0.016354873985910835,890,0.016293414036604701,890,0.016457660452853864,890,0.015352949653704973,890,0.015344260488458245
890.79999999999995,0.016628010477861707,890.79999999999995,0.015870357654518788,890.79999999999995,0.016224027873146665,890.79999999999995,0.015885743834931292,890.79999999999995,0.015427379771623307,890.79999999999995,0.015994464365945257,890.79999999999995,0.016240007459966257,890.79999999999995,0.015630960555428397,890.79999999999995,0.016615506557140797,890.79999999999995,0.016412137704195386,890.79999999999995,0.015190483456677093,890.79999999999995,0.016611140781431465,890.79999999999995,0.016391283707603233,890.79999999999995,0.01548557598569043,890.79999999999995,0.016335037257445131,890.79999999999995,0.015852004442070817,890.79999999999995,0.016040071886947598,890.79999999999995,0.016428668311250134,890.79999999999995,0.016183040444885263,890.79999999999995,0.016238820647152076,890.79999999999995,0.015229733051889153,890.79999999999995,0.015500580690555514,890.79999999999995,0.015869298000220411,890.79999999999995,0.01622101845493926,890.79999999999995,0.016493773471342711,890.79999999999995,0.016571891186219403,890.79999999999995,0.016163246102591493,890.79999999999995,0.015663555521646614,890.79999999999995,0.01584823207276858,890.79999999999995,0.016128828530980049,890.79999999999995,0.015288776989394983,890.79999999999995,0.015811695192560375,890.79999999999995,0.015163992099217555,890.79999999999995,0.015608580656646574,890.79999999999995,0.015997940032043946,890.79999999999995,0.016133151920517452,890.79999999999995,0.015142502310046367,890.79999999999995,0.016018243008400938,890.79999999999995,0.015180777023303919,890.79999999999995,0.016170155048616939,890.79999999999995,0.015620236853928776,890.79999999999995,0.016075845816060971,890.79999999999995,0.015855098632622092,890.79999999999995,0.01650627739206361,890.79999999999995,0.015769266634453175,890.79999999999995,0.016241872451531414,890.79999999999995,0.015701957393419973,890.79999999999995,0.015538389155921773,890.79999999999995,0.015354094080347229,890.79999999999995,0.015845943219484074,890.79999999999995,0.015799827064418504,890.79999999999995,0.015573188203080623,890.79999999999995,0.015700728194433848,890.79999999999995,0.015818604138585827,890.79999999999995,0.015857938506141755,890.79999999999995,0.01631291167569492,890.79999999999995,0.015746293329264263,890.79999999999995,0.016142222561311596,890.79999999999995,0.01585916770512788,890.79999999999995,0.016454905351678067,890.79999999999995,0.016687605435602691,890.79999999999995,0.016137220993023237,890.79999999999995,0.015251222841060329,890.79999999999995,0.015701999779591906
891.5,0.016285530208624742,891.5,0.01602888193755669,891.5,0.015389868009460591,891.5,0.015804362384815578,891.5,0.015201885336927685,891.5,0.015384103490077397,891.5,0.016035706111238269,891.5,0.015209642006391834,891.5,0.015722853776184056,891.5,0.015884853725320652,891.5,0.014867500826530353,891.5,0.016175410933936912,891.5,0.015868238345922027,891.5,0.015772106507972842,891.5,0.016617329162534014,891.5,0.015746039012232649,891.5,0.0158501818366776,891.5,0.016321007434534556,891.5,0.015876164560073923,891.5,0.015991285403050112,891.5,0.015338241652043437,891.5,0.015036875969583682,891.5,0.015470020260590188,891.5,0.015755618287090021,891.5,0.016501402982291059,891.5,0.016490509736103692,891.5,0.015885192814696136,891.5,0.015448233768215457,891.5,0.015752439324194872,891.5,0.015367572883022641,891.5,0.016043250849842747,891.5,0.016151632291481227,891.5,0.01494782262234769,891.5,0.016082458058882875,891.5,0.016132728058798097,891.5,0.015705051583971247,891.5,0.01469151344065512,891.5,0.01560879258750625,891.5,0.01477726066648017,891.5,0.015679323177606539,891.5,0.015513423700651901,891.5,0.016130947839576817,891.5,0.015543984130617229,891.5,0.016530013648347362,891.5,0.015420004577706571,891.5,0.015990098590235924,891.5,0.015317090952247741,891.5,0.01558586166848927,891.5,0.015098081601858212,891.5,0.015086383018404077,891.5,0.015969371752159577,891.5,0.015881759534769373,891.5,0.015831277603994474,891.5,0.015164161643905293,891.5,0.015933385892186534,891.5,0.016648610157422243,891.5,0.016128616600120375,891.5,0.016042191195544363,891.5,0.015864254045760112,891.5,0.016253147173266192,891.5,0.016234073395895322,891.5,0.015625196036045202,891.5,0.015627612047845508,891.5,0.015904605681442488
892.20000000000005,0.016258403058586168,892.20000000000005,0.015364266761611692,892.20000000000005,0.015398345243847646,892.20000000000005,0.016105304205555979,892.20000000000005,0.015134067461831255,892.20000000000005,0.015412926086993382,892.20000000000005,0.016058594644083313,892.20000000000005,0.015014665615489604,892.20000000000005,0.015762696777803207,892.20000000000005,0.016161211566338596,892.20000000000005,0.014873434890601292,892.20000000000005,0.016265269618439684,892.20000000000005,0.015690216423793899,892.20000000000005,0.015499139560709715,892.20000000000005,0.016093436077414102,892.20000000000005,0.015788425184167915,892.20000000000005,0.01547294490645372,892.20000000000005,0.016661792256894108,892.20000000000005,0.015917703008570486,892.20000000000005,0.016521960275679662,892.20000000000005,0.015156828836160494,892.20000000000005,0.015496342073361986,892.20000000000005,0.015879470681484875,892.20000000000005,0.015697125369819348,892.20000000000005,0.016656536371574136,892.20000000000005,0.016306553749904629,892.20000000000005,0.015671566508142387,892.20000000000005,0.015542331069911751,892.20000000000005,0.015310775412629386,892.20000000000005,0.015328577604842197,892.20000000000005,0.015722811390012123,892.20000000000005,0.016050753202275291,892.20000000000005,0.015166535269533672,892.20000000000005,0.015758627705297425,892.20000000000005,0.0161488348041335,892.20000000000005,0.015878834888905843,892.20000000000005,0.015099268414672396,892.20000000000005,0.015022167967922145,892.20000000000005,0.014931546332324543,892.20000000000005,0.015391944931885422,892.20000000000005,0.015364224375439757,892.20000000000005,0.016127556945821995,892.20000000000005,0.014903105210955975,892.20000000000005,0.016891143833235842,892.20000000000005,0.015960852131600589,892.20000000000005,0.015864635521307527,892.20000000000005,0.015763841204445461,892.20000000000005,0.015391733001025748,892.20000000000005,0.01489547570000763,892.20000000000005,0.015226257385790459,892.20000000000005,0.015714206997109261,892.20000000000005,0.015570645032764509,892.20000000000005,0.016009299526122598,892.20000000000005,0.014862372099726184,892.20000000000005,0.01563074862456872,892.20000000000005,0.016313759399133623,892.20000000000005,0.01588362452633453,892.20000000000005,0.015973525597009229,892.20000000000005,0.015769309020625115,892.20000000000005,0.015943728118138739,892.20000000000005,0.01579325720776854,892.20000000000005,0.015330188279375739,892.20000000000005,0.015116434814306181,892.20000000000005,0.0157960970812882
892.89999999999998,0.016464399854191569,892.89999999999998,0.015533811449352763,892.89999999999998,0.015132160084094166,892.89999999999998,0.015956104880343835,892.89999999999998,0.014411807092054288,892.89999999999998,0.01521625424921374,892.89999999999998,0.016626569348015905,892.89999999999998,0.015294414350262369,892.89999999999998,0.01518878800979968,892.89999999999998,0.015885701448759358,892.89999999999998,0.015486338936785263,892.89999999999998,0.015580309079965753,892.89999999999998,0.01560290090960725,892.89999999999998,0.016028966709900561,892.89999999999998,0.015721285487822454,892.89999999999998,0.015692632435594208,892.89999999999998,0.015575519442537069,892.89999999999998,0.016681289895984334,892.89999999999998,0.016158456465162802,892.89999999999998,0.016264252350313233,892.89999999999998,0.015037299831303037,892.89999999999998,0.014980078499190426,892.89999999999998,0.01594135449251036,892.89999999999998,0.015135084729957698,892.89999999999998,0.016347117316446683,892.89999999999998,0.015865737561777848,892.89999999999998,0.015508803607910956,892.89999999999998,0.016336647931978667,892.89999999999998,0.015456583844086703,892.89999999999998,0.01543199986436425,892.89999999999998,0.016222120495409578,892.89999999999998,0.016027864669430247,892.89999999999998,0.01546747709027407,892.89999999999998,0.015675550808304298,892.89999999999998,0.0160225240117664,892.89999999999998,0.016090765748582182,892.89999999999998,0.01485936268151878,892.89999999999998,0.015138306079024779,892.89999999999998,0.015309630985987132,892.89999999999998,0.015395335825640243,892.89999999999998,0.015384569737968685,892.89999999999998,0.016237760992853695,892.89999999999998,0.014562320388596424,892.89999999999998,0.016282478404245397,892.89999999999998,0.01543272042928715,892.89999999999998,0.015562845977128422,892.89999999999998,0.015908801912464077,892.89999999999998,0.01574353822808847,892.89999999999998,0.015399023422598612,892.89999999999998,0.015517026525266398,892.89999999999998,0.015719293337741497,892.89999999999998,0.015783423615879554,892.89999999999998,0.015589676423963444,892.89999999999998,0.015199766028330919,892.89999999999998,0.015690936988716802,892.89999999999998,0.015353288743080458,892.89999999999998,0.016049778320320778,892.89999999999998,0.016096445495621503,892.89999999999998,0.016021930605359308,892.89999999999998,0.015285047006264674,892.89999999999998,0.014957401897205057,892.89999999999998,0.015934615091172659,892.89999999999998,0.01536142688809203,892.89999999999998,0.015902910234565078
893.60000000000002,0.016037147241084071,893.60000000000002,0.015271864906792809,893.60000000000002,0.015416147436060462,893.60000000000002,0.015669574358061423,893.60000000000002,0.014797521256665227,893.60000000000002,0.015144197756923782,893.60000000000002,0.016368861422649476,893.60000000000002,0.015479218059900138,893.60000000000002,0.015737265074642046,893.60000000000002,0.015926392173817215,893.60000000000002,0.015330357824063478,893.60000000000002,0.015748158320829413,893.60000000000002,0.015844502089638279,893.60000000000002,0.015455905665335744,893.60000000000002,0.01545849122182379,893.60000000000002,0.015636682688639658,893.60000000000002,0.015380543051634835,893.60000000000002,0.016885591244712329,893.60000000000002,0.016289005874723431,893.60000000000002,0.016510092147537785,893.60000000000002,0.015009324957825762,893.60000000000002,0.015047896374286853,893.60000000000002,0.01588710019243322,893.60000000000002,0.015202902605054127,893.60000000000002,0.016314903825775877,893.60000000000002,0.015740274492849454,893.60000000000002,0.01585552249434145,893.60000000000002,0.016133194306689382,893.60000000000002,0.015591371870840856,893.60000000000002,0.016077965124657732,893.60000000000002,0.016388274289395825,893.60000000000002,0.016062621330417165,893.60000000000002,0.015516645049718983,893.60000000000002,0.015882395327348406,893.60000000000002,0.016311597704364928,893.60000000000002,0.015836448716970576,893.60000000000002,0.014792392529861056,893.60000000000002,0.015024711138238262,893.60000000000002,0.015504607376889365,893.60000000000002,0.016019260276527385,893.60000000000002,0.015501555572510026,893.60000000000002,0.015974119003416328,893.60000000000002,0.015030263726761781,893.60000000000002,0.015949323092834193,893.60000000000002,0.015701448759356747,893.60000000000002,0.015492484931715881,893.60000000000002,0.01617668251909497,893.60000000000002,0.015461246322999585,893.60000000000002,0.015017547875181203,893.60000000000002,0.015559412697201666,893.60000000000002,0.015587896204742165,893.60000000000002,0.015611335757822368,893.60000000000002,0.015088671871688582,893.60000000000002,0.014703847816688284,893.60000000000002,0.015473072064969525,893.60000000000002,0.015289709485177555,893.60000000000002,0.015714079838593454,893.60000000000002,0.015751422056068429,893.60000000000002,0.015805761128489439,893.60000000000002,0.014711985961699856,893.60000000000002,0.015328704763358002,893.60000000000002,0.016377126726176857,893.60000000000002,0.015110500750235241,893.60000000000002,0.015537541432483067
894.29999999999995,0.015886252468994517,894.29999999999995,0.015677076710493967,894.29999999999995,0.015567889931588719,894.29999999999995,0.015332180429456693,894.29999999999995,0.01500521349914804,894.29999999999995,0.015122156947517442,894.29999999999995,0.01626713461000483,894.29999999999995,0.015670803557047547,894.29999999999995,0.015566872663462274,894.29999999999995,0.015678856929715251,894.29999999999995,0.015557547705636512,894.29999999999995,0.015727812958300488,894.29999999999995,0.015746166170748456,894.29999999999995,0.015741588464179446,894.29999999999995,0.016136669972788079,894.29999999999995,0.015774013885709925,894.29999999999995,0.015461076778311846,894.29999999999995,0.01651598382543679,894.29999999999995,0.016422946178038873,894.29999999999995,0.015809024863728458,894.29999999999995,0.015061036087586787,894.29999999999995,0.014394301603045024,894.29999999999995,0.015937115875316835,894.29999999999995,0.015764095521477076,894.29999999999995,0.016192831650602306,894.29999999999995,0.015869976178971373,894.29999999999995,0.015688520976916493,894.29999999999995,0.015926349787645275,894.29999999999995,0.016088137805922192,894.29999999999995,0.016699346405228754,894.29999999999995,0.016517975975517747,894.29999999999995,0.016021930605359308,894.29999999999995,0.01553190407161568,894.29999999999995,0.015645032764510906,894.29999999999995,0.016176809677610773,894.29999999999995,0.016094156642337005,894.29999999999995,0.01493565779100226,894.29999999999995,0.015449420581029645,894.29999999999995,0.015432550884599411,894.29999999999995,0.016310877139442029,894.29999999999995,0.015695684239973553,894.29999999999995,0.016086866220764141,894.29999999999995,0.015872053101396204,894.29999999999995,0.015763671659757717,894.29999999999995,0.015670082992124648,894.29999999999995,0.015563693700567127,894.29999999999995,0.016422522316319525,894.29999999999995,0.016084323050448018,894.29999999999995,0.015895789357679952,894.29999999999995,0.015853572730432423,894.29999999999995,0.015862558598882699,894.29999999999995,0.015952120580181913,894.29999999999995,0.015280257368835993,894.29999999999995,0.014771665691784713,894.29999999999995,0.016004594661037784,894.29999999999995,0.015963649618948313,894.29999999999995,0.015674236836974303,894.29999999999995,0.016279553758381863,894.29999999999995,0.016074489458559039,894.29999999999995,0.015228249535871416,894.29999999999995,0.015259191441384165,894.29999999999995,0.016847613234658328,894.29999999999995,0.015086764493951493,894.29999999999995,0.015858828615752399
895,0.015366598001068134,895,0.016019556979730936,895,0.015745064130278139,895,0.015619558675177812,895,0.015327348405856074,895,0.014990759814518114,895,0.015499944897976483,895,0.015585183489738308,895,0.015581283961920262,895,0.015870442426862658,895,0.014997202512652272,895,0.01530140806863169,895,0.015424878987479126,895,0.015413519493400476,895,0.016005272839788743,895,0.016035112704831177,895,0.015100794316862067,895,0.01619130574841264,895,0.016038927460305351,895,0.015860735993489486,895,0.014951679763993796,895,0.015242872765189083,895,0.015634478607699027,895,0.015366513228724264,895,0.016114841094241415,895,0.016069191187067133,895,0.015544407992336582,895,0.015225282503835947,895,0.016035578952722465,895,0.016523019929978042,895,0.016208556920390287,895,0.016216906996261538,895,0.015301323296287821,895,0.015965472224341533,895,0.015973356052321492,895,0.015099777048735618,895,0.014723726931325924,895,0.014689860379949644,895,0.015107872807575258,895,0.016035367021862788,895,0.015654145791476989,895,0.015907148851758604,895,0.016122131515814285,895,0.01617057891033629,895,0.015908293278400858,895,0.015138984257775743,895,0.0158808270389868,895,0.015661309054534049,895,0.015578740791604149,895,0.015167764468519791,895,0.015576875800038994,895,0.01588260725820808,895,0.014869111501063896,895,0.014787772437120116,895,0.015916431423412425,895,0.016177275925502062,895,0.015438569721014215,895,0.015595440943346644,895,0.015126734654086453,895,0.015429159990844587,895,0.014871781829895816,895,0.016228775124403415,895,0.015402965336588591,895,0.015508718835567085
895.79999999999995,0.015791307443859516,895.79999999999995,0.015832210099777047,895.79999999999995,0.01597818807592211,895.79999999999995,0.016231614997923079,895.79999999999995,0.015289200851114333,895.79999999999995,0.01558586166848927,895.79999999999995,0.015813602570297468,895.79999999999995,0.015725057857124688,895.79999999999995,0.015157422242567586,895.79999999999995,0.0156551206734315,895.79999999999995,0.015614345176029772,895.79999999999995,0.015759178725532581,895.79999999999995,0.01551388994854319,895.79999999999995,0.015642404821850923,895.79999999999995,0.015930673177182674,895.79999999999995,0.016007985554792603,895.79999999999995,0.015700134788026756,895.79999999999995,0.016181980790586879,895.79999999999995,0.016264421895000974,895.79999999999995,0.015607266685316585,895.79999999999995,0.014941507082729332,895.79999999999995,0.015520078329645736,895.79999999999995,0.016047319922348535,895.79999999999995,0.015604723515000469,895.79999999999995,0.015942753236184225,895.79999999999995,0.015875062519603605,895.79999999999995,0.01535282249518917,895.79999999999995,0.015278689080474384,895.79999999999995,0.016247509812398805,895.79999999999995,0.016797682324118577,895.79999999999995,0.015749938540050693,895.79999999999995,0.016021930605359308,895.79999999999995,0.015442045387112909,895.79999999999995,0.015706068852097695,895.79999999999995,0.015271441045073456,895.79999999999995,0.015407500656985665,895.79999999999995,0.015360367233793646,895.79999999999995,0.01514678331341183,895.79999999999995,0.015257072132787401,895.79999999999995,0.015797156735586581,895.79999999999995,0.015705856921238017,895.79999999999995,0.015913930639268246,895.79999999999995,0.015515161533701246,895.79999999999995,0.015833184981731561,895.79999999999995,0.016110051456812727,895.79999999999995,0.015050821020150386,895.79999999999995,0.016079194323643853,895.79999999999995,0.015907148851758604,895.79999999999995,0.015880530335783256,895.79999999999995,0.015377999881318717,895.79999999999995,0.015388681196646405,895.79999999999995,0.016214067122741874,895.79999999999995,0.015164966981172064,895.79999999999995,0.015091257428176632,895.79999999999995,0.016425913210074347,895.79999999999995,0.016011122131515811,895.79999999999995,0.015484346786704304,895.79999999999995,0.015964200639183471,895.79999999999995,0.015246263658943906,895.79999999999995,0.016004764205725521,895.79999999999995,0.014730212015632021,895.79999999999995,0.016226231954087299,895.79999999999995,0.015397031272517651,895.79999999999995,0.015779990335952798
896.5,0.015982045217568221,896.5,0.01582118969507388,896.5,0.015554326356569432,896.5,0.016489322923289505,896.5,0.014986563583496522,896.5,0.015804574315675255,896.5,0.015911938489187288,896.5,0.015803896136924289,896.5,0.015117579240948432,896.5,0.015904351364410874,896.5,0.015435475530462943,896.5,0.015340403346812137,896.5,0.015568991972059035,896.5,0.015934021684765567,896.5,0.015210955977721827,896.5,0.015975772064121804,896.5,0.015572128548782248,896.5,0.016543958698914066,896.5,0.016062663716589102,896.5,0.015712384391716044,896.5,0.015338241652043436,896.5,0.015842213236353767,896.5,0.015437806769919384,896.5,0.015230029755092699,896.5,0.015689283928011322,896.5,0.015621593211430701,896.5,0.015486762798504618,896.5,0.015192221289726438,896.5,0.016069487890270677,896.5,0.016060162932444919,896.5,0.016083093851461897,896.5,0.015837974619160245,896.5,0.014980036113018491,896.5,0.016052787738528182,896.5,0.015471503776607916,896.5,0.015088756644032449,896.5,0.014800022040809406,896.5,0.014856014173935894,896.5,0.015606334189534006,896.5,0.015914990293566626,896.5,0.015522748658477659,896.5,0.015807117485991371,896.5,0.015603324771326607,896.5,0.015631426803319682,896.5,0.015641260395208665,896.5,0.015035561998253689,896.5,0.015764688927884168,896.5,0.015514652899638022,896.5,0.015115883794071023,896.5,0.015041453676152693,896.5,0.015570941735968057,896.5,0.016242041996219155,896.5,0.014930995312089385,896.5,0.015255715775285471,896.5,0.01638522248501649,896.5,0.015767825504607376,896.5,0.015672541390096894,896.5,0.015076634198858961,896.5,0.015158948144757255,896.5,0.015792833346049185,896.5,0.014639505607690548,896.5,0.01608635758670092,896.5,0.015649652857251849,896.5,0.015716411078049899
897.20000000000005,0.016143960394360949,897.20000000000005,0.015891550740486423,897.20000000000005,0.015090621635597604,897.20000000000005,0.01638250977001263,897.20000000000005,0.015445181963836121,897.20000000000005,0.015778294889075388,897.20000000000005,0.016329866144469025,897.20000000000005,0.015598747064757593,897.20000000000005,0.015557547705636512,897.20000000000005,0.015643252545289622,897.20000000000005,0.015285428481812092,897.20000000000005,0.015629477039410665,897.20000000000005,0.015964031094495731,897.20000000000005,0.016134932139738736,897.20000000000005,0.015422886837398165,897.20000000000005,0.015974076617244395,897.20000000000005,0.015706916575536398,897.20000000000005,0.016626187872468483,897.20000000000005,0.015834626111577363,897.20000000000005,0.015964158253011534,897.20000000000005,0.015786687351118569,897.20000000000005,0.016099073438281493,897.20000000000005,0.015543772199757552,897.20000000000005,0.015502996702355824,897.20000000000005,0.015774056271881862,897.20000000000005,0.016083602485525123,897.20000000000005,0.015785161448928903,897.20000000000005,0.015605062604375945,897.20000000000005,0.016745123470918846,897.20000000000005,0.016230555343624695,897.20000000000005,0.0160839415749006,897.20000000000005,0.016272009019777389,897.20000000000005,0.015274196146249249,897.20000000000005,0.01583577053821961,897.20000000000005,0.015691911870671309,897.20000000000005,0.015714376541797009,897.20000000000005,0.01488140349092512,897.20000000000005,0.015598619906241786,897.20000000000005,0.01578689928197825,897.20000000000005,0.016098946279765686,897.20000000000005,0.015363376652001054,897.20000000000005,0.015682502140501684,897.20000000000005,0.015360875867856871,897.20000000000005,0.015405084645185353,897.20000000000005,0.015623458202995854,897.20000000000005,0.015662029619456952,897.20000000000005,0.016060544407992341,897.20000000000005,0.015747776845281999,897.20000000000005,0.01535918042097946,897.20000000000005,0.015493290268982647,897.20000000000005,0.015465824029568594,897.20000000000005,0.016142010630451918,897.20000000000005,0.014983554165289115,897.20000000000005,0.015127709536040963,897.20000000000005,0.016826038673143272,897.20000000000005,0.015898374914167998,897.20000000000005,0.015743750158948144,897.20000000000005,0.015756508396700657,897.20000000000005,0.015870188109831051,897.20000000000005,0.015879301136797128,897.20000000000005,0.015312598018022603,897.20000000000005,0.01651615337012453,897.20000000000005,0.015374142739672608,897.20000000000005,0.015530759644973424
897.89999999999998,0.016537304069920235,897.89999999999998,0.016294219373871471,897.89999999999998,0.015037215058959167,897.89999999999998,0.01621296508227156,897.89999999999998,0.015349389215262417,897.89999999999998,0.015733365546824005,897.89999999999998,0.016324779803836793,897.89999999999998,0.015846282308859556,897.89999999999998,0.015538897789984995,897.89999999999998,0.01593232623788815,897.89999999999998,0.015143858667548301,897.89999999999998,0.015166620041877538,897.89999999999998,0.015695302764426135,897.89999999999998,0.016556250688775299,897.89999999999998,0.015260971660605444,897.89999999999998,0.01631570916304265,897.89999999999998,0.0157696481100006,897.89999999999998,0.016746564600764645,897.89999999999998,0.015659147359765351,897.89999999999998,0.016055712384391713,897.89999999999998,0.015935038952892007,897.89999999999998,0.016108398396107254,897.89999999999998,0.015528513177860855,897.89999999999998,0.015523342064884755,897.89999999999998,0.015963098598713154,897.89999999999998,0.016053084441731726,897.89999999999998,0.015671566508142387,897.89999999999998,0.015873790934445547,897.89999999999998,0.016791748260047638,897.89999999999998,0.016290743707772774,897.89999999999998,0.016324695031492923,897.89999999999998,0.016543280520163104,897.89999999999998,0.015622610479557151,897.89999999999998,0.015762018599052248,897.89999999999998,0.016109839525953053,897.89999999999998,0.015936480082737806,897.89999999999998,0.014461780388765968,897.89999999999998,0.015550299670235582,897.89999999999998,0.015735188152217219,897.89999999999998,0.016343090630112828,897.89999999999998,0.015671947983689805,897.89999999999998,0.015706238396785439,897.89999999999998,0.015622822410416825,897.89999999999998,0.015971363902240531,897.89999999999998,0.015292846061900766,897.89999999999998,0.015721370260166321,897.89999999999998,0.015562930749472292,897.89999999999998,0.015597729796631146,897.89999999999998,0.015720310605867944,897.89999999999998,0.015660291786407602,897.89999999999998,0.015978696709985335,897.89999999999998,0.016096233564761829,897.89999999999998,0.015359943372074296,897.89999999999998,0.01546934208183922,897.89999999999998,0.016684468858879479,897.89999999999998,0.016256961928740366,897.89999999999998,0.016035367021862788,897.89999999999998,0.015870951060925877,897.89999999999998,0.015990564838127212,897.89999999999998,0.016057323058925255,897.89999999999998,0.014912472554953671,897.89999999999998,0.016702652526639709,897.89999999999998,0.015781897713689885,897.89999999999998,0.015567211752837753
898.60000000000002,0.016445749938540054,898.60000000000002,0.016936793740410128,898.60000000000002,0.015531437823724388,898.60000000000002,0.015994252435085579,898.60000000000002,0.015710519400150898,898.60000000000002,0.015587557115366685,898.60000000000002,0.016458720107152242,898.60000000000002,0.015636894619499336,898.60000000000002,0.015813560184125532,898.60000000000002,0.015816188126785518,898.60000000000002,0.015391393911650264,898.60000000000002,0.015108974848045577,898.60000000000002,0.015992005967973011,898.60000000000002,0.016220552207047975,898.60000000000002,0.015718742317506335,898.60000000000002,0.016552224002441444,898.60000000000002,0.016001076608767154,898.60000000000002,0.016590583488042862,898.60000000000002,0.015867687325686868,898.60000000000002,0.016287988606596984,898.60000000000002,0.015964709273246697,898.60000000000002,0.016921365173825691,898.60000000000002,0.016243144036689472,898.60000000000002,0.015887863143528053,898.60000000000002,0.016244542780363334,898.60000000000002,0.016332833176504497,898.60000000000002,0.016412476793570871,898.60000000000002,0.016265439163127421,898.60000000000002,0.016740037130286614,898.60000000000002,0.016683239659893354,898.60000000000002,0.01623822724074498,898.60000000000002,0.017018005645838101,898.60000000000002,0.015580224307621885,898.60000000000002,0.01590697930707086,898.60000000000002,0.016029305799276045,898.60000000000002,0.015845773674796334,898.60000000000002,0.01464234548121021,898.60000000000002,0.015891084492595135,898.60000000000002,0.015566491187914856,898.60000000000002,0.016007392148385511,898.60000000000002,0.016021210040436409,898.60000000000002,0.015691827098327445,898.60000000000002,0.015744046862151691,898.60000000000002,0.016235853615116601,898.60000000000002,0.016102421945864379,898.60000000000002,0.016007053059010026,898.60000000000002,0.015709586904368321,898.60000000000002,0.015710477013978957,898.60000000000002,0.016028034214117984,898.60000000000002,0.015544153675304968,898.60000000000002,0.016204191144680958,898.60000000000002,0.01571475801734442,898.60000000000002,0.0153133185829455,898.60000000000002,0.015689750175902614,898.60000000000002,0.016797216076227289,898.60000000000002,0.016153539669218314,898.60000000000002,0.016212541220552205,898.60000000000002,0.016360935208497577,898.60000000000002,0.015530251010910202,898.60000000000002,0.015979332502564364,898.60000000000002,0.015682205437298136,898.60000000000002,0.016517848817001943,898.60000000000002,0.015784440884006001,898.60000000000002,0.015625704670108421
899.29999999999995,0.016466095301068979,899.29999999999995,0.016325585141103566,899.29999999999995,0.016214702915320903,899.29999999999995,0.015764519383196427,899.29999999999995,0.015738494273628174,899.29999999999995,0.0160648254113578,899.29999999999995,0.016533319769758314,899.29999999999995,0.015875952629214242,899.29999999999995,0.015269321736476689,899.29999999999995,0.015797538211134003,899.29999999999995,0.015869509931080081,899.29999999999995,0.015234437916973969,899.29999999999995,0.01552491035324636,899.29999999999995,0.015873833320617484,899.29999999999995,0.015895068792757053,899.29999999999995,0.016340293142765104,899.29999999999995,0.016376618092113632,899.29999999999995,0.016415104736230854,899.29999999999995,0.016170324593304683,899.29999999999995,0.016094707662572164,899.29999999999995,0.016084238278104152,899.29999999999995,0.01661448928901435,899.29999999999995,0.016511024643320361,899.29999999999995,0.015935335656095555,899.29999999999995,0.016392894382136772,899.29999999999995,0.016089536549596058,899.29999999999995,0.015925035816315283,899.29999999999995,0.015713571204530232,899.29999999999995,0.016496740503378175,899.29999999999995,0.016376363775082021,899.29999999999995,0.016172104812525959,899.29999999999995,0.016416122004357298,899.29999999999995,0.015563269838847779,899.29999999999995,0.015740825513084613,899.29999999999995,0.015792790959877252,899.29999999999995,0.016353560014580843,899.29999999999995,0.015196756610123513,899.29999999999995,0.015484177242016563,899.29999999999995,0.015712299619372174,899.29999999999995,0.015964158253011534,899.29999999999995,0.015861838033959803,899.29999999999995,0.015876630807965211,899.29999999999995,0.015882225782660665,899.29999999999995,0.016291803362071155,899.29999999999995,0.016048167645787238,899.29999999999995,0.015526393869264092,899.29999999999995,0.015367106635131356,899.29999999999995,0.015585013945050567,899.29999999999995,0.015986495765621427,899.29999999999995,0.015734891449013674,899.29999999999995,0.01608127124606868,899.29999999999995,0.015761382806473215,899.29999999999995,0.015498970016021973,899.29999999999995,0.015747395369734581,899.29999999999995,0.016163966667514389,899.29999999999995,0.016314607122572329,899.29999999999995,0.016113357578223679,899.29999999999995,0.016606775005722132,899.29999999999995,0.015752354551851002,899.29999999999995,0.016519332333019672,899.29999999999995,0.01553554928240211,899.29999999999995,0.016459355899731274,899.29999999999995,0.015705602604206403,899.29999999999995,0.0156850453108178
900.10000000000002,0.016143112670922243,900.10000000000002,0.01642307333655468,900.10000000000002,0.016396963454642557,900.10000000000002,0.015997643328840395,900.10000000000002,0.015256987360443532,900.10000000000002,0.015935971448674584,900.10000000000002,0.016357841017946306,900.10000000000002,0.015846282308859556,900.10000000000002,0.01601616608597611,900.10000000000002,0.015435560302806812,900.10000000000002,0.015857641802938211,900.10000000000002,0.015403982604715039,900.10000000000002,0.015695302764426135,900.10000000000002,0.015664445631257261,900.10000000000002,0.015991709264769463,900.10000000000002,0.016404720124106709,900.10000000000002,0.016052787738528182,900.10000000000002,0.016483770334765988,900.10000000000002,0.016505175351593297,900.10000000000002,0.016579605469511628,900.10000000000002,0.015770580605783169,900.10000000000002,0.016218602443138951,900.10000000000002,0.016234666802302417,900.10000000000002,0.01566236870883243,900.10000000000002,0.016464103150988018,900.10000000000002,0.016589693378432219,900.10000000000002,0.01596657426481185,900.10000000000002,0.01591702482981952,900.10000000000002,0.016627289912938804,900.10000000000002,0.016260225663979382,900.10000000000002,0.016371319820621719,900.10000000000002,0.016255054551003279,900.10000000000002,0.015343709468223089,900.10000000000002,0.015533133270601801,900.10000000000002,0.016009808160185816,900.10000000000002,0.016050075023524325,900.10000000000002,0.015401905682290207,900.10000000000002,0.015180692250960047,900.10000000000002,0.015528343633173113,900.10000000000002,0.016110814407907563,900.10000000000002,0.015247238540898418,900.10000000000002,0.016008875664403246,900.10000000000002,0.015883073506099368,900.10000000000002,0.016164644846265352,900.10000000000002,0.016232971355425008,900.10000000000002,0.015598450361554049,900.10000000000002,0.015406949636750506,900.10000000000002,0.015560429965328111,900.10000000000002,0.015602477047887897,900.10000000000002,0.015173698532590728,900.10000000000002,0.015676907165806227,900.10000000000002,0.0157435806142604,900.10000000000002,0.015196332748404161,900.10000000000002,0.015602434661715962,900.10000000000002,0.015941863126573586,900.10000000000002,0.016330713867907735,900.10000000000002,0.015800547629341403,900.10000000000002,0.016280401481820566,900.10000000000002,0.0154666717530073,900.10000000000002,0.016044607207344672,900.10000000000002,0.01613065113637327,900.10000000000002,0.016160109525868278,900.10000000000002,0.015484346786704304,900.10000000000002,0.01562824784042454
900.79999999999995,0.016306723294592373,900.79999999999995,0.015360028144418166,900.79999999999995,0.016267261768520638,900.79999999999995,0.015856921238015308,900.79999999999995,0.015247662402617771,900.79999999999995,0.015800335698481729,900.79999999999995,0.016263743716250015,900.79999999999995,0.016347286861134423,900.79999999999995,0.015627908751049056,900.79999999999995,0.014728558954926543,900.79999999999995,0.016205208412807405,900.79999999999995,0.015816823919364544,900.79999999999995,0.014787390961572697,900.79999999999995,0.015762781550147081,900.79999999999995,0.015896764239634462,900.79999999999995,0.015570560260420639,900.79999999999995,0.015723871044310504,900.79999999999995,0.016150615023354783,900.79999999999995,0.016218644829310885,900.79999999999995,0.016120987089172027,900.79999999999995,0.015658681111874063,900.79999999999995,0.015474301263955645,900.79999999999995,0.016122767308393311,900.79999999999995,0.015298695353627831,900.79999999999995,0.016173334011512084,900.79999999999995,0.016632927273806188,900.79999999999995,0.01522312080906725,900.79999999999995,0.015623712520027465,900.79999999999995,0.016570492442545541,900.79999999999995,0.0159465679916584,900.79999999999995,0.016251790815764264,900.79999999999995,0.01603973279757212,900.79999999999995,0.015642955842086081,900.79999999999995,0.015005849291727068,900.79999999999995,0.015480828734433676,900.79999999999995,0.016123826962691695,900.79999999999995,0.016222501970956996,900.79999999999995,0.015129828844637726,900.79999999999995,0.015148563532633113,900.79999999999995,0.01626510007375194,900.79999999999995,0.015036155404660785,900.79999999999995,0.015874935361087798,900.79999999999995,0.015410043827301781,900.79999999999995,0.015673812975254955,900.79999999999995,0.015516645049718983,900.79999999999995,0.01563998881005061,900.79999999999995,0.015025474089333097,900.79999999999995,0.015663004501411462,900.79999999999995,0.015421064232004952,900.79999999999995,0.015440731415782914,900.79999999999995,0.015100455227486584,900.79999999999995,0.015780032722124734,900.79999999999995,0.015459127014402819,900.79999999999995,0.015396437866110559,900.79999999999995,0.015722302755948898,900.79999999999995,0.01653586294007443,900.79999999999995,0.015497062638284884,900.79999999999995,0.01597183015013182,900.79999999999995,0.015720141061180203,900.79999999999995,0.0160802115917703,900.79999999999995,0.015580478624653497,900.79999999999995,0.01636441087459627,900.79999999999995,0.015063028237667742,900.79999999999995,0.015486678026160744
901.5,0.016450836279172282,901.5,0.015865271313886559,901.5,0.015859506794503361,901.5,0.016235005891677898,901.5,0.014920441155277504,901.5,0.015676568076430746,901.5,0.016273068674075769,901.5,0.015767444029059958,901.5,0.016190797114349415,901.5,0.014865042428558108,901.5,0.016056856811033967,901.5,0.015369225943728117,901.5,0.015244313895034884,901.5,0.016078982392784179,901.5,0.015812839619202632,901.5,0.0157850342904131,901.5,0.015890872561735461,901.5,0.01652869967701737,901.5,0.016173715487059502,901.5,0.016087078151623815,901.5,0.015473877402236295,901.5,0.015573484906284173,901.5,0.015848952637691482,901.5,0.015580987258716717,901.5,0.016234370099098869,901.5,0.017110195569797308,901.5,0.015694455040987432,901.5,0.015906004425116346,901.5,0.01661796495511304,901.5,0.016222925832676347,901.5,0.016640048150691318,901.5,0.016625509693717525,901.5,0.01566075803429889,901.5,0.015194043895119658,901.5,0.015391817773369613,901.5,0.015647406390139281,901.5,0.015542627773115296,901.5,0.015011147563218976,901.5,0.015298610581283964,901.5,0.016418538016157606,901.5,0.015229436348685605,901.5,0.015941057789306819,901.5,0.016184863050278477,901.5,0.015790798809796294,901.5,0.015820130040775496,901.5,0.015946864694861947,901.5,0.014972067512694658,901.5,0.015926646490848829,901.5,0.01549990251180455,901.5,0.014838847774302111,901.5,0.015237786424556851,901.5,0.015973313666149552,901.5,0.015555767486415229,901.5,0.015202309198647034,901.5,0.015756211693497113,901.5,0.016576553665132283,901.5,0.015811568034044571,901.5,0.01550642998228258,901.5,0.01509791205717047,901.5,0.01565974076617244,901.5,0.015758500546781618,901.5,0.016162652696184401,901.5,0.015308868034892295,901.5,0.015305265210277799
902.20000000000005,0.016564431219958802,902.20000000000005,0.01509977704873562,902.20000000000005,0.015483965311156891,902.20000000000005,0.015939150411569729,902.20000000000005,0.015262921424514467,902.20000000000005,0.015537541432483069,902.20000000000005,0.016089112687876706,902.20000000000005,0.01554279731780304,902.20000000000005,0.015302382950586202,902.20000000000005,0.015076125564795742,902.20000000000005,0.015888159846731604,902.20000000000005,0.015715944830158608,902.20000000000005,0.015098505463577565,902.20000000000005,0.015930630791010741,902.20000000000005,0.015948475369395487,902.20000000000005,0.015278943397506,902.20000000000005,0.015771343556878006,902.20000000000005,0.016154005917109599,902.20000000000005,0.015988911777421733,902.20000000000005,0.016015021659333859,902.20000000000005,0.015757017030763886,902.20000000000005,0.015733704636199487,902.20000000000005,0.015831998168917373,902.20000000000005,0.015584378152471537,902.20000000000005,0.01627421310071802,902.20000000000005,0.016621059145664314,902.20000000000005,0.015836872578689931,902.20000000000005,0.015884811339148718,902.20000000000005,0.016141544382560633,902.20000000000005,0.016331434432830631,902.20000000000005,0.016006798741978415,902.20000000000005,0.016407644769970246,902.20000000000005,0.01543102498240974,902.20000000000005,0.015378847604757427,902.20000000000005,0.014870467858565821,902.20000000000005,0.015818646524757764,902.20000000000005,0.015663004501411455,902.20000000000005,0.015210362571314735,902.20000000000005,0.014856098946279768,902.20000000000005,0.015800547629341403,902.20000000000005,0.015623627747683597,902.20000000000005,0.015990225748751728,902.20000000000005,0.015840687334164102,902.20000000000005,0.015638208590829327,902.20000000000005,0.016055797156735586,902.20000000000005,0.016298669921924674,902.20000000000005,0.015732475437213365,902.20000000000005,0.016096191178589899,902.20000000000005,0.015787280757525664,902.20000000000005,0.015444122309537737,902.20000000000005,0.015074175800886717,902.20000000000005,0.015791053126827902,902.20000000000005,0.015326034434526082,902.20000000000005,0.015287929265956275,902.20000000000005,0.015963056212541221,902.20000000000005,0.016370556869526882,902.20000000000005,0.015641175622864798,902.20000000000005,0.01580143773895204,902.20000000000005,0.015544662309368193,902.20000000000005,0.016020023227622221,902.20000000000005,0.016025533429973808,902.20000000000005,0.015847299576986003,902.20000000000005,0.01474937056534676,902.20000000000005,0.015278985783677933
902.89999999999998,0.016321134593050363,902.89999999999998,0.015494816171172319,902.89999999999998,0.015449208650169967,902.89999999999998,0.01592050049591821,902.89999999999998,0.015340911980875361,902.89999999999998,0.015607902477895612,902.89999999999998,0.016391749955494521,902.89999999999998,0.015454634080177681,902.89999999999998,0.01560162932444919,902.89999999999998,0.015810254062714579,902.89999999999998,0.0157771080762612,902.89999999999998,0.015025050227613742,902.89999999999998,0.01613442350567551,902.89999999999998,0.016224790824241501,902.89999999999998,0.015617015504861694,902.89999999999998,0.016182616583165905,902.89999999999998,0.016201139340301624,902.89999999999998,0.016152310470232193,902.89999999999998,0.016262726448123564,902.89999999999998,0.015933640209218145,902.89999999999998,0.016074065596839687,902.89999999999998,0.01577693853157346,902.89999999999998,0.01558615837169282,902.89999999999998,0.015578444088400601,902.89999999999998,0.016393742105575475,902.89999999999998,0.016175156616905301,902.89999999999998,0.016055585225875909,902.89999999999998,0.01598992904554818,902.89999999999998,0.016286505090579249,902.89999999999998,0.016752752981867194,902.89999999999998,0.016262811220467431,902.89999999999998,0.016304222510448191,902.89999999999998,0.015380161576087419,902.89999999999998,0.015277968515551486,902.89999999999998,0.015630875783084527,902.89999999999998,0.015893246187363836,902.89999999999998,0.015087400286530522,902.89999999999998,0.015223926146334018,902.89999999999998,0.015628374998940344,902.89999999999998,0.015825131609063861,902.89999999999998,0.015453235336503819,902.89999999999998,0.016353051380517621,902.89999999999998,0.016277264905097361,902.89999999999998,0.016008663733543569,902.89999999999998,0.016421165958817596,902.89999999999998,0.01596551461051347,902.89999999999998,0.015615489602672025,902.89999999999998,0.01568674075769521,902.89999999999998,0.015997516170324591,902.89999999999998,0.015879004433593587,902.89999999999998,0.015308147469969396,902.89999999999998,0.015742732890821697,902.89999999999998,0.015522706272305726,902.89999999999998,0.015516814594406722,902.89999999999998,0.015777404779464752,902.89999999999998,0.016313759399133623,902.89999999999998,0.015681018624483945,902.89999999999998,0.015901469104719269,902.89999999999998,0.015585353034426052,902.89999999999998,0.015789442452294366,902.89999999999998,0.016262048269372605,902.89999999999998,0.01609653026796538,902.89999999999998,0.015692886752625826,902.89999999999998,0.015650288649830878
903.60000000000002,0.015610742351415276,903.60000000000002,0.015221001500470486,903.60000000000002,0.01521523698108729,903.60000000000002,0.015821316853589684,903.60000000000002,0.015207819400998619,903.60000000000002,0.015512957452760613,903.60000000000002,0.01638072955079135,903.60000000000002,0.015624178767918754,903.60000000000002,0.015510075193069012,903.60000000000002,0.015202436357162839,903.60000000000002,0.015546527300933342,903.60000000000002,0.015953307392996108,903.60000000000002,0.015602900909607248,903.60000000000002,0.016153582055390251,903.60000000000002,0.015533090884429864,903.60000000000002,0.016119037325263007,903.60000000000002,0.015628926019175503,903.60000000000002,0.016224366962522146,903.60000000000002,0.015918550732009193,903.60000000000002,0.015974330934276002,903.60000000000002,0.015665462899383704,903.60000000000002,0.015670125378296585,903.60000000000002,0.015561574391970366,903.60000000000002,0.014640861965192476,903.60000000000002,0.016132643286454224,903.60000000000002,0.016119206869950747,903.60000000000002,0.016269211532429662,903.60000000000002,0.015421106618176887,903.60000000000002,0.01620936225765706,903.60000000000002,0.016317870857811348,903.60000000000002,0.015588023363257972,903.60000000000002,0.015782024872205688,903.60000000000002,0.015466629366835368,903.60000000000002,0.015317811517170639,903.60000000000002,0.015544407992336582,903.60000000000002,0.015486338936785264,903.60000000000002,0.015289158464942396,903.60000000000002,0.015355323279333349,903.60000000000002,0.015238422217135884,903.60000000000002,0.015458915083543145,903.60000000000002,0.015180268389240695,903.60000000000002,0.01616146588337021,903.60000000000002,0.015312555631850664,903.60000000000002,0.016037486330459552,903.60000000000002,0.016240600866373356,903.60000000000002,0.015713740749217973,903.60000000000002,0.016022396853250593,903.60000000000002,0.015296787975890746,903.60000000000002,0.01565334045421022,903.60000000000002,0.016290150301365682,903.60000000000002,0.015605698396954975,903.60000000000002,0.015321414341785135,903.60000000000002,0.015326034434526082,903.60000000000002,0.015588871086696678,903.60000000000002,0.015902867848393142,903.60000000000002,0.016320541186643268,903.60000000000002,0.01512745521900935,903.60000000000002,0.015813305867093917,903.60000000000002,0.015872731280147167,903.60000000000002,0.016030195908886682,903.60000000000002,0.016209489416172871,903.60000000000002,0.01581932470350873,903.60000000000002,0.015458067360104438,903.60000000000002,0.015586709391927979
904.29999999999995,0.015364902554190721,904.29999999999995,0.015298144333392674,904.29999999999995,0.015775582174071531,904.29999999999995,0.016143451760297717,904.29999999999995,0.015348541491823709,904.29999999999995,0.015724040588998248,904.29999999999995,0.016267982333443537,904.29999999999995,0.015703017047718353,904.29999999999995,0.015613497452591064,904.29999999999995,0.015107491332027838,904.29999999999995,0.015801692055983654,904.29999999999995,0.015835473835016062,904.29999999999995,0.015652068869052162,904.29999999999995,0.016404508193247038,904.29999999999995,0.015589888354823124,904.29999999999995,0.016393699719403541,904.29999999999995,0.015987513033747871,904.29999999999995,0.016514288378559377,904.29999999999995,0.015730356128616601,904.29999999999995,0.015632698388477743,904.29999999999995,0.015761255647957412,904.29999999999995,0.015876122173901986,904.29999999999995,0.015736205420343669,904.29999999999995,0.014947737850003815,904.29999999999995,0.015807965209430071,904.29999999999995,0.016781278875579633,904.29999999999995,0.016135271229114213,904.29999999999995,0.015201546247552197,904.29999999999995,0.016493349609623356,904.29999999999995,0.016340759390656392,904.29999999999995,0.016044946296720156,904.29999999999995,0.016153327738358637,904.29999999999995,0.015853191254885005,904.29999999999995,0.0152644049405322,904.29999999999995,0.015567296525181627,904.29999999999995,0.015160813136322405,904.29999999999995,0.015210320185142798,904.29999999999995,0.01534430287463018,904.29999999999995,0.0158267422835974,904.29999999999995,0.01540126988971118,904.29999999999995,0.015415935505200784,904.29999999999995,0.016166552224002442,904.29999999999995,0.015854250909183389,904.29999999999995,0.016263828488593878,904.29999999999995,0.015854886701762418,904.29999999999995,0.015469596398870833,904.29999999999995,0.015562930749472292,904.29999999999995,0.015297635699329452,904.29999999999995,0.015506684299314191,904.29999999999995,0.016352881835829881,904.29999999999995,0.016161804972745695,904.29999999999995,0.015696955825131607,904.29999999999995,0.015885531904071618,904.29999999999995,0.015846579012063107,904.29999999999995,0.015902867848393138,904.29999999999995,0.016585030899519338,904.29999999999995,0.015490280850775242,904.29999999999995,0.015952332511041594,904.29999999999995,0.01591596517552114,904.29999999999995,0.016267558471724182,904.29999999999995,0.015410933936912423,904.29999999999995,0.016368649491789799,904.29999999999995,0.015957376465501893,904.29999999999995,0.015715563354611193
905.10000000000002,0.015315734594745811,905.10000000000002,0.015442257317972583,905.10000000000002,0.015164373574764967,905.10000000000002,0.01650797283894102,905.10000000000002,0.015022167967922148,905.10000000000002,0.015635029627934182,905.10000000000002,0.015574544560582555,905.10000000000002,0.015219814687656298,905.10000000000002,0.015265930842721868,905.10000000000002,0.014532734840585607,905.10000000000002,0.015167594923832047,905.10000000000002,0.016217797105872178,905.10000000000002,0.015023058077532785,905.10000000000002,0.015867899256546549,905.10000000000002,0.015811144172325219,905.10000000000002,0.015984249298508852,905.10000000000002,0.015349177284402736,905.10000000000002,0.016526156506701254,905.10000000000002,0.01483007383671151,905.10000000000002,0.015816654374676806,905.10000000000002,0.014973720573400136,905.10000000000002,0.015698100251773858,905.10000000000002,0.015570051626357417,905.10000000000002,0.014886701762417028,905.10000000000002,0.015401057958851503,905.10000000000002,0.016496443800174631,905.10000000000002,0.01556983969549774,905.10000000000002,0.014844654679857244,905.10000000000002,0.016208514534218357,905.10000000000002,0.016132219424734875,905.10000000000002,0.015912701440282121,905.10000000000002,0.016116027907055602,905.10000000000002,0.015769266634453178,905.10000000000002,0.01572471876774921,905.10000000000002,0.014788238685011402,905.10000000000002,0.01484800318744013,905.10000000000002,0.015370539915058112,905.10000000000002,0.014974695455354646,905.10000000000002,0.014983257462085571,905.10000000000002,0.015377533633427433,905.10000000000002,0.015271822520620874,905.10000000000002,0.015593491179437622,905.10000000000002,0.015448191382043518,905.10000000000002,0.016259589871400353,905.10000000000002,0.015315734594745811,905.10000000000002,0.015014368912286056,905.10000000000002,0.015409492807066624,905.10000000000002,0.015329849190000256,905.10000000000002,0.015340530505327942,905.10000000000002,0.015832379644464791,905.10000000000002,0.015942244602121007,905.10000000000002,0.0155689495858871,905.10000000000002,0.015351466137687239,905.10000000000002,0.015865228927714622,905.10000000000002,0.015733323160652068,905.10000000000002,0.016221357544314745,905.10000000000002,0.015528428405516983,905.10000000000002,0.015681061010655879,905.10000000000002,0.015613327907903327,905.10000000000002,0.015537668590998872,905.10000000000002,0.015499097174537782,905.10000000000002,0.015982087603740158,905.10000000000002,0.015591159939981182,905.10000000000002,0.015291701635258515
905.79999999999995,0.015825216381407731,905.79999999999995,0.014987877554826513,905.79999999999995,0.015355959071912379,905.79999999999995,0.016197706060374861,905.79999999999995,0.015295134915185271,905.79999999999995,0.015937666895551997,905.79999999999995,0.015170180480320102,905.79999999999995,0.015621635597602641,905.79999999999995,0.015095538431542092,905.79999999999995,0.015236345294711053,905.79999999999995,0.015505836575875485,905.79999999999995,0.015650670125378296,905.79999999999995,0.015252791129421938,905.79999999999995,0.015827208531488689,905.79999999999995,0.015656858506480846,905.79999999999995,0.015781643396658274,905.79999999999995,0.015330527368751219,905.79999999999995,0.015934445546484915,905.79999999999995,0.015260717343573831,905.79999999999995,0.015537753363342744,905.79999999999995,0.015289073692598526,905.79999999999995,0.015548900926561719,905.79999999999995,0.015707382823427683,905.79999999999995,0.015638632452548679,905.79999999999995,0.015313742444664852,905.79999999999995,0.015967464374422487,905.79999999999995,0.015522367182930241,905.79999999999995,0.015366004594661035,905.79999999999995,0.015592219594279559,905.79999999999995,0.01635008434848215,905.79999999999995,0.015932199079372343,905.79999999999995,0.01618215033527462,905.79999999999995,0.015756550782872598,905.79999999999995,0.015215236981087291,905.79999999999995,0.015082398718242159,905.79999999999995,0.015605867941642718,905.79999999999995,0.015442596407348066,905.79999999999995,0.014706814848723753,905.79999999999995,0.014908657799479497,905.79999999999995,0.015675932283851716,905.79999999999995,0.01539304697235574,905.79999999999995,0.015729974653069183,905.79999999999995,0.015644015496384459,905.79999999999995,0.016402007409102852,905.79999999999995,0.015238591761823623,905.79999999999995,0.015317853903342572,905.79999999999995,0.015162805286403364,905.79999999999995,0.015163695396014006,905.79999999999995,0.015022634215813433,905.79999999999995,0.015968015394657649,905.79999999999995,0.015686232123631988,905.79999999999995,0.015496893093597143,905.79999999999995,0.015587980977086037,905.79999999999995,0.0159720420809915,905.79999999999995,0.015406949636750506,905.79999999999995,0.015901765807922824,905.79999999999995,0.015643718793180911,905.79999999999995,0.015533557132321152,905.79999999999995,0.015868492662953641,905.79999999999995,0.01510532963725914,905.79999999999995,0.015232064291345594,905.79999999999995,0.016554300924866271,905.79999999999995,0.015107957579919128,905.79999999999995,0.015605359307579494
906.5,0.015503081474699695,906.5,0.015482100319591737,906.5,0.015411908818866935,906.5,0.015850139450505667,906.5,0.015496893093597145,906.5,0.015597729796631149,906.5,0.015724591609233403,906.5,0.015514822444325761,906.5,0.015220153777031779,906.5,0.01530246772293007,906.5,0.015376134889753564,906.5,0.015554877376804589,906.5,0.015393513220247027,906.5,0.015433864855929404,906.5,0.015476293414036602,906.5,0.016054610343921399,906.5,0.015189805277926131,906.5,0.015861541330756252,906.5,0.015492145842340396,906.5,0.015709841221399932,906.5,0.015574756491442231,906.5,0.015541271415613371,906.5,0.015977806600374695,906.5,0.015039291981383991,906.5,0.015525673304341188,906.5,0.015235031323381058,906.5,0.01578600917236761,906.5,0.015237998355416527,906.5,0.015597305934911793,906.5,0.016296677771843713,906.5,0.015937285420004575,906.5,0.015805761128489439,906.5,0.015311495977552285,906.5,0.015563651314395193,906.5,0.015596119122097605,906.5,0.015843230504480218,906.5,0.015075532158388645,906.5,0.014516924798453753,906.5,0.015031577698091776,906.5,0.015610657579071405,906.5,0.015184507006434223,906.5,0.015802878868797842,906.5,0.015255758161457404,906.5,0.016379966599696514,906.5,0.015092783330366301,906.5,0.015332265201800562,906.5,0.015127200901977739,906.5,0.014942439578511905,906.5,0.014951425446962183,906.5,0.015622144231665863,906.5,0.015027551011757925,906.5,0.015417207090358837,906.5,0.01527856192195858,906.5,0.015888117460559667,906.5,0.015142459923874436,906.5,0.016042487898747914,906.5,0.015463153700736669,906.5,0.015286869611657891,906.5,0.015198791146376409,906.5,0.014908657799479495,906.5,0.015708484863898,906.5,0.016378822173054263,906.5,0.015213075286318592,906.5,0.015823224231326771
907.20000000000005,0.015787916550104697,907.20000000000005,0.015319337419360309,907.20000000000005,0.015726414214626623,907.20000000000005,0.015788255639480175,907.20000000000005,0.015934318387969108,907.20000000000005,0.015925798767410123,907.20000000000005,0.015915329382942111,907.20000000000005,0.01555381772250621,907.20000000000005,0.015636385985436114,907.20000000000005,0.016067961988081008,907.20000000000005,0.015393089358527673,907.20000000000005,0.015409916668785974,907.20000000000005,0.015384188262421269,907.20000000000005,0.015717004484456992,907.20000000000005,0.014979527478955265,907.20000000000005,0.01609106245178573,907.20000000000005,0.015223714215474344,907.20000000000005,0.015774225816569603,907.20000000000005,0.016709476700321288,907.20000000000005,0.015802243076218817,907.20000000000005,0.015749387519815534,907.20000000000005,0.015834583725405426,907.20000000000005,0.016200757864754205,907.20000000000005,0.015287674948924662,907.20000000000005,0.015857980892313692,907.20000000000005,0.015614811423921059,907.20000000000005,0.01627684104337801,907.20000000000005,0.015267668675771215,907.20000000000005,0.016002517738612953,907.20000000000005,0.016222078109237641,907.20000000000005,0.015753329433805516,907.20000000000005,0.015578571246916405,907.20000000000005,0.015947288556581302,907.20000000000005,0.015159287234132738,907.20000000000005,0.016010655883624523,907.20000000000005,0.016502759339792984,907.20000000000005,0.015172172630401054,907.20000000000005,0.015063706416418705,907.20000000000005,0.015435094054915525,907.20000000000005,0.015617439366581049,907.20000000000005,0.015747395369734581,907.20000000000005,0.016240304163169805,907.20000000000005,0.015018395598619906,907.20000000000005,0.016135822249349372,907.20000000000005,0.015406441002687284,907.20000000000005,0.015785797241507929,907.20000000000005,0.015628205454252603,907.20000000000005,0.015178954417910701,907.20000000000005,0.015315946525605485,907.20000000000005,0.015723023320871801,907.20000000000005,0.015565855395335828,907.20000000000005,0.015607944864067547,907.20000000000005,0.015544747081712062,907.20000000000005,0.015517662317845429,907.20000000000005,0.015262836652170597,907.20000000000005,0.01642311572272662,907.20000000000005,0.015410594847536938,907.20000000000005,0.015904012275035392,907.20000000000005,0.015581962140671228,907.20000000000005,0.015955596246280613,907.20000000000005,0.015540635623034342,907.20000000000005,0.01599819434907556,907.20000000000005,0.014661207327721405,907.20000000000005,0.015747776845281992
907.89999999999998,0.015745530378169427,907.89999999999998,0.015854250909183385,907.89999999999998,0.015550087739375905,907.89999999999998,0.015803514661376871,907.89999999999998,0.015440095623203885,907.89999999999998,0.015429880555767486,907.89999999999998,0.01572289616235599,907.89999999999998,0.015537710977170804,907.89999999999998,0.015265083119283165,907.89999999999998,0.016332451700957082,907.89999999999998,0.015394784805405085,907.89999999999998,0.015438739265701957,907.89999999999998,0.015546951162652697,907.89999999999998,0.015571196052999671,907.89999999999998,0.014949009435161873,907.89999999999998,0.016300450141145954,907.89999999999998,0.01594936547900613,907.89999999999998,0.016187067131219108,907.89999999999998,0.016401753092071245,907.89999999999998,0.015998067190559753,907.89999999999998,0.015435729847494554,907.89999999999998,0.015674363995490111,907.89999999999998,0.016166001203767287,907.89999999999998,0.014974865000042385,907.89999999999998,0.015630791010740656,907.89999999999998,0.015628374998940344,907.89999999999998,0.016030153522714748,907.89999999999998,0.014997244898824208,907.89999999999998,0.016287352814017955,907.89999999999998,0.01612798080754135,907.89999999999998,0.015643125386773819,907.89999999999998,0.015586200757864753,907.89999999999998,0.015502233751260993,907.89999999999998,0.015481422140840775,907.89999999999998,0.015801268194264299,907.89999999999998,0.01574913320278392,907.89999999999998,0.01485936268151878,907.89999999999998,0.015396861727829912,907.89999999999998,0.015571577528547089,907.89999999999998,0.015688648135432297,907.89999999999998,0.016068682553003907,907.89999999999998,0.016008875664403246,907.89999999999998,0.015096386154980799,907.89999999999998,0.016147690377491246,907.89999999999998,0.015840475403304428,907.89999999999998,0.015419580715987216,907.89999999999998,0.015939319956257469,907.89999999999998,0.015334935530632487,907.89999999999998,0.015617736069784593,907.89999999999998,0.015567042208150014,907.89999999999998,0.015831192831650603,907.89999999999998,0.015720692081415358,907.89999999999998,0.015728703067911128,907.89999999999998,0.015210786433034088,907.89999999999998,0.015716368691877966,907.89999999999998,0.016640980646473895,907.89999999999998,0.015490280850775242,907.89999999999998,0.016243949373956235,907.89999999999998,0.01544463094360096,907.89999999999998,0.01593948950094521,907.89999999999998,0.015107448945855905,907.89999999999998,0.015516687435890918,907.89999999999998,0.015351254206827564,907.89999999999998,0.015097572967794985
908.60000000000002,0.016159219416257642,908.60000000000002,0.01596191178589897,908.60000000000002,0.015276273068674075,908.60000000000002,0.015973907072556647,908.60000000000002,0.015568949585887101,908.60000000000002,0.015811356103184897,908.60000000000002,0.015613539838763001,908.60000000000002,0.015845434585420849,908.60000000000002,0.015894093910802543,908.60000000000002,0.01626887244305418,908.60000000000002,0.015522791044649592,908.60000000000002,0.015433652925069723,908.60000000000002,0.015895365495960597,908.60000000000002,0.015673770589083019,908.60000000000002,0.015379652942024192,908.60000000000002,0.016325881844307114,908.60000000000002,0.016076523994811933,908.60000000000002,0.016599060722429913,908.60000000000002,0.016473809584361197,908.60000000000002,0.016319354373829083,908.60000000000002,0.015064426981341607,908.60000000000002,0.015720988784618903,908.60000000000002,0.016028670006697016,908.60000000000002,0.015068962301738679,908.60000000000002,0.01621572018344735,908.60000000000002,0.016217542788840567,908.60000000000002,0.015706323169129302,908.60000000000002,0.015384654510312554,908.60000000000002,0.016776489238150942,908.60000000000002,0.015405720437764382,908.60000000000002,0.015927112738740114,908.60000000000002,0.016142307333655466,908.60000000000002,0.015698057865601932,908.60000000000002,0.015263557217093498,908.60000000000002,0.015345192984240818,908.60000000000002,0.015939870976492632,908.60000000000002,0.015450225918296413,908.60000000000002,0.015702889889202543,908.60000000000002,0.015115502318523604,908.60000000000002,0.015979417274908231,908.60000000000002,0.016158541237506676,908.60000000000002,0.016186049863092664,908.60000000000002,0.015145554114425709,908.60000000000002,0.016176512974407229,908.60000000000002,0.016238905419495939,908.60000000000002,0.015752736027398424,908.60000000000002,0.016307231928655595,908.60000000000002,0.015401905682290211,908.60000000000002,0.01587544399515102,908.60000000000002,0.015350872731280147,908.60000000000002,0.016316938362028771,908.60000000000002,0.015424836601307185,908.60000000000002,0.015956740672922867,908.60000000000002,0.015375244780142927,908.60000000000002,0.015771470715393809,908.60000000000002,0.016134889753566795,908.60000000000002,0.016077753193798051,908.60000000000002,0.016304137738104321,908.60000000000002,0.016584818968659664,908.60000000000002,0.015669913447436908,908.60000000000002,0.015594889923111487,908.60000000000002,0.015497189796800695,908.60000000000002,0.015052855556403276,908.60000000000002,0.015123004670956147
909.29999999999995,0.016341479955579295,909.29999999999995,0.015939023253053922,909.29999999999995,0.015388172562583182,909.29999999999995,0.015605147376719818,909.29999999999995,0.015405338962216967,909.29999999999995,0.015773208548443156,909.29999999999995,0.015780541356187956,909.29999999999995,0.015594508447564064,909.29999999999995,0.015836448716970576,909.29999999999995,0.016028966709900561,909.29999999999995,0.016004297957834233,909.29999999999995,0.015709163042648966,909.29999999999995,0.016146291633817381,909.29999999999995,0.015561023371735205,909.29999999999995,0.015954409433466425,909.29999999999995,0.016294516077075015,909.29999999999995,0.017089553504064835,909.29999999999995,0.016805057518035314,909.29999999999995,0.016511957139102938,909.29999999999995,0.016371065503590108,909.29999999999995,0.015100879089205937,909.29999999999995,0.015585353034426049,909.29999999999995,0.016099878775548266,909.29999999999995,0.015257156905131269,909.29999999999995,0.016514118833871636,909.29999999999995,0.016422691861007262,909.29999999999995,0.015794486406754658,909.29999999999995,0.015683053160736839,909.29999999999995,0.016601010486338937,909.29999999999995,0.015724464450717596,909.29999999999995,0.015799106499495605,909.29999999999995,0.016735713740749215,909.29999999999995,0.014931715877012286,909.29999999999995,0.015370370370370375,909.29999999999995,0.015258725193492872,909.29999999999995,0.015654188177648923,909.29999999999995,0.015309503827471324,909.29999999999995,0.01567321956884786,909.29999999999995,0.015524952739418294,909.29999999999995,0.015945508337360022,909.29999999999995,0.015611759619541725,909.29999999999995,0.016148750031789633,909.29999999999995,0.015584674855675083,909.29999999999995,0.016000186499156514,909.29999999999995,0.016277052974237684,909.29999999999995,0.015761213261785478,909.29999999999995,0.016321643227113585,909.29999999999995,0.015463789493315703,909.29999999999995,0.015800844332544951,909.29999999999995,0.015842552325729255,909.29999999999995,0.015991412561565912,909.29999999999995,0.015607097140628842,909.29999999999995,0.016054228868373984,909.29999999999995,0.015827081372972882,909.29999999999995,0.015224689097428854,909.29999999999995,0.015953476937683852,909.29999999999995,0.016245602434661714,909.29999999999995,0.016212583606724142,909.29999999999995,0.016808617956477881,909.29999999999995,0.015525800462856997,909.29999999999995,0.015443147427583227,909.29999999999995,0.016129591482074889,909.29999999999995,0.015748836499580376,909.29999999999995,0.01537138763849682
910.10000000000002,0.016126158202148133,910.10000000000002,0.016006841128150349,910.10000000000002,0.015322050134364164,910.10000000000002,0.015817925959834864,910.10000000000002,0.015540974712409826,910.10000000000002,0.01606312996448039,910.10000000000002,0.016067071878470368,910.10000000000002,0.015139280960979289,910.10000000000002,0.016480718530386646,910.10000000000002,0.015774649678288954,910.10000000000002,0.015817798801319054,910.10000000000002,0.015899053092918964,910.10000000000002,0.016240388935513678,910.10000000000002,0.015377915108974851,910.10000000000002,0.015823012300467093,910.10000000000002,0.015880827038986797,910.10000000000002,0.016572442206454568,910.10000000000002,0.016734696472622771,910.10000000000002,0.016408534879580883,910.10000000000002,0.016507548977221669,910.10000000000002,0.015162762900231427,910.10000000000002,0.01608635758670092,910.10000000000002,0.016153285352186703,910.10000000000002,0.015234268372286225,910.10000000000002,0.016625170604342036,910.10000000000002,0.016539677695548604,910.10000000000002,0.015426574434356535,910.10000000000002,0.015874638657884247,910.10000000000002,0.016411120436068936,910.10000000000002,0.015619346744318134,910.10000000000002,0.016003407848223593,910.10000000000002,0.016509371582614885,910.10000000000002,0.015560726668531663,910.10000000000002,0.015567042208150016,910.10000000000002,0.015195993659028675,910.10000000000002,0.015900027974873474,910.10000000000002,0.015377321702567753,910.10000000000002,0.0153790595356171,910.10000000000002,0.015328280901638652,910.10000000000002,0.015914142570127923,910.10000000000002,0.015569373447606456,910.10000000000002,0.016387808041504543,910.10000000000002,0.015461754957062809,910.10000000000002,0.015886591558369998,910.10000000000002,0.015833693615794786,910.10000000000002,0.01624441562184753,910.10000000000002,0.016159728050320867,910.10000000000002,0.01527050854929088,910.10000000000002,0.015859337249815624,910.10000000000002,0.015784059408458586,910.10000000000002,0.015848995023863416,910.10000000000002,0.0155053703279842,910.10000000000002,0.015902486372845723,910.10000000000002,0.015809279180760069,910.10000000000002,0.015015301408068633,910.10000000000002,0.015759348270220321,910.10000000000002,0.016365979162957876,910.10000000000002,0.01591503267973856,910.10000000000002,0.016656027737510914,910.10000000000002,0.016101404677737935,910.10000000000002,0.016061137814399433,910.10000000000002,0.016425446962183059,910.10000000000002,0.015324974780227697,910.10000000000002,0.015701152056153203
910.79999999999995,0.016161762586573758,910.79999999999995,0.015739808244958166,910.79999999999995,0.015434797351711979,910.79999999999995,0.015734849062841741,910.79999999999995,0.015601163076557907,910.79999999999995,0.016118231987996237,910.79999999999995,0.015739002907691393,910.79999999999995,0.015090113001534379,910.79999999999995,0.016549384128921776,910.79999999999995,0.015865356086230426,910.79999999999995,0.015621974686978119,910.79999999999995,0.016445834710883917,910.79999999999995,0.015729211701974347,910.79999999999995,0.015675466035960428,910.79999999999995,0.0158238600239058,910.79999999999995,0.015703652840297382,910.79999999999995,0.016589396675228674,910.79999999999995,0.016243016878173665,910.79999999999995,0.016429727965548518,910.79999999999995,0.016150657409526717,910.79999999999995,0.015643422089977366,910.79999999999995,0.016141459610216763,910.79999999999995,0.015921856853420138,910.79999999999995,0.015780202266812478,910.79999999999995,0.016377635360240072,910.79999999999995,0.016061561676118781,910.79999999999995,0.015433356221866179,910.79999999999995,0.016026381153412508,910.79999999999995,0.01593215669320041,910.79999999999995,0.016481481481481479,910.79999999999995,0.015380331120775156,910.79999999999995,0.015760831786238057,910.79999999999995,0.015674321609318181,910.79999999999995,0.015432254181395865,910.79999999999995,0.015378254198350328,910.79999999999995,0.016024643320363165,910.79999999999995,0.015404448852606323,910.79999999999995,0.015167976399379467,910.79999999999995,0.015553775336334275,910.79999999999995,0.015872604121631356,910.79999999999995,0.015297254223782034,910.79999999999995,0.016095343455151193,910.79999999999995,0.015632147368242585,910.79999999999995,0.015575477056365129,910.79999999999995,0.015559031221654248,910.79999999999995,0.015867178691623646,910.79999999999995,0.015658723498046,910.79999999999995,0.01562316149979231,910.79999999999995,0.015768630841874146,910.79999999999995,0.016076523994811933,910.79999999999995,0.016140611886778056,910.79999999999995,0.015535888371777593,910.79999999999995,0.015643083000601885,910.79999999999995,0.015464255741206988,910.79999999999995,0.01513822130668091,910.79999999999995,0.016060290090960723,910.79999999999995,0.015770029585548011,910.79999999999995,0.015778549206106999,910.79999999999995,0.01634999957613828,910.79999999999995,0.016279426599866059,910.79999999999995,0.015387197680628673,910.79999999999995,0.016294897552622433,910.79999999999995,0.015135084729957698,910.79999999999995,0.015497698430863916
911.5,0.016381322957198446,911.5,0.01607126810949196,911.5,0.015971406288412468,911.5,0.016042572671091777,911.5,0.015465527326365048,911.5,0.015846960487610522,911.5,0.016179819095818178,911.5,0.015383425311326433,911.5,0.015978018531234369,911.5,0.015902655917533464,911.5,0.015428693742953295,911.5,0.016398362198316422,911.5,0.016144596186939975,911.5,0.015935717131642976,911.5,0.016174817527529819,911.5,0.015701957393419969,911.5,0.016067199036986172,911.5,0.016488008951959513,911.5,0.016428880242109815,911.5,0.016202368539287745,911.5,0.016001161381111028,911.5,0.016521239710756766,911.5,0.016011715537922907,911.5,0.015603028068123054,911.5,0.016494621194781418,911.5,0.015783508388223424,911.5,0.015499478650085195,911.5,0.015638971541924163,911.5,0.015797368666446255,911.5,0.016094919593431834,911.5,0.015473580699032747,911.5,0.015370879004433595,911.5,0.015915922789349207,911.5,0.015678941702059121,911.5,0.015513889948543184,911.5,0.015972084467163434,911.5,0.015051795902104896,911.5,0.014969609114722412,911.5,0.015292676517213026,911.5,0.015839542907521851,911.5,0.015771979349457035,911.5,0.016204699778744183,911.5,0.015758458160609685,911.5,0.015761128489441601,911.5,0.015657367140544071,911.5,0.015945169247984538,911.5,0.01589354289056738,911.5,0.015821528784449364,911.5,0.015714376541797005,911.5,0.015611123826962694,911.5,0.01603973279757212,911.5,0.015865652789433974,911.5,0.015759221111704518,911.5,0.01566516619618016,911.5,0.016231784542610823,911.5,0.015816993464052284,911.5,0.015709841221399932,911.5,0.015759051567016777,911.5,0.016240643252545289,911.5,0.016326051388994851,911.5,0.015694921288878717,911.5,0.016374583555860737,911.5,0.014928240210913589,911.5,0.015203538397633156
912.20000000000005,0.016667853479480854,912.20000000000005,0.015908505209260529,912.20000000000005,0.016091783016708626,912.20000000000005,0.01565601078304214,912.20000000000005,0.015842764256588933,912.20000000000005,0.015844417317294409,912.20000000000005,0.016114544391037867,912.20000000000005,0.015578401702228665,912.20000000000005,0.015441409594533878,912.20000000000005,0.015685638717224892,912.20000000000005,0.015370200825682629,912.20000000000005,0.016466180073412849,912.20000000000005,0.015914015411612116,912.20000000000005,0.016015403134881277,912.20000000000005,0.01638081432313522,912.20000000000005,0.015678221137136218,912.20000000000005,0.016129082848011664,912.20000000000005,0.016666030874087637,912.20000000000005,0.01692479845375245,912.20000000000005,0.015747141052702966,912.20000000000005,0.015911302696608256,912.20000000000005,0.016038885074133414,912.20000000000005,0.015740444037537195,912.20000000000005,0.015992133126488815,912.20000000000005,0.016257258631943914,912.20000000000005,0.015867433008655254,912.20000000000005,0.015726668531658231,912.20000000000005,0.015715266651407642,912.20000000000005,0.015710053152259606,912.20000000000005,0.016016929037070946,912.20000000000005,0.015325229097259309,912.20000000000005,0.015208116104202165,912.20000000000005,0.015605656010783044,912.20000000000005,0.015088078465281488,912.20000000000005,0.015442681179691936,912.20000000000005,0.016187406220594589,912.20000000000005,0.015431576002644897,912.20000000000005,0.015045056500767189,912.20000000000005,0.015434246331476817,912.20000000000005,0.015732729754244976,912.20000000000005,0.015465951188084401,912.20000000000005,0.016214024736569941,912.20000000000005,0.015622822410416825,912.20000000000005,0.01549918194688165,912.20000000000005,0.01564804218271831,912.20000000000005,0.015745106516450075,912.20000000000005,0.015694327882471621,912.20000000000005,0.016029221026932175,912.20000000000005,0.015440561871095174,912.20000000000005,0.015636555530123854,912.20000000000005,0.016004976136585199,912.20000000000005,0.015883454981646786,912.20000000000005,0.015470995142544698,912.20000000000005,0.015554962149148465,912.20000000000005,0.015819790951400015,912.20000000000005,0.01576358688741385,912.20000000000005,0.015104566686164306,912.20000000000005,0.015970134703254407,912.20000000000005,0.016318633808906181,912.20000000000005,0.015921687308732398,912.20000000000005,0.015466035960428271,912.20000000000005,0.016134677822707121,912.20000000000005,0.014880767698346092,912.20000000000005,0.015745233674965883
912.89999999999998,0.016536456346481525,912.89999999999998,0.015970389020286021,912.89999999999998,0.016078219441689343,912.89999999999998,0.015791646533234997,912.89999999999998,0.015453659198223172,912.89999999999998,0.015544323219992712,912.89999999999998,0.016130651136373266,912.89999999999998,0.015467349931758263,912.89999999999998,0.015060781770555172,912.89999999999998,0.015282122360401145,912.89999999999998,0.015718615158990527,912.89999999999998,0.015714249383281198,912.89999999999998,0.016447233454557782,912.89999999999998,0.016122216288158152,912.89999999999998,0.015990013817892047,912.89999999999998,0.015419665488331086,912.89999999999998,0.016277434449785105,912.89999999999998,0.016749107771080768,912.89999999999998,0.016855285131778606,912.89999999999998,0.015667455049464662,912.89999999999998,0.01569937183693192,912.89999999999998,0.016144850503971585,912.89999999999998,0.015595483329518579,912.89999999999998,0.016092164492256048,912.89999999999998,0.015796097081288197,912.89999999999998,0.016141247679357085,912.89999999999998,0.015996244585166536,912.89999999999998,0.015774607292117018,912.89999999999998,0.015743962089807818,912.89999999999998,0.015980476929206611,912.89999999999998,0.01553885540381306,912.89999999999998,0.016215211549384132,912.89999999999998,0.015494604240312642,912.89999999999998,0.015262709493654792,912.89999999999998,0.015601205462729837,912.89999999999998,0.016250137755058791,912.89999999999998,0.015079770775582174,912.89999999999998,0.015502827157668082,912.89999999999998,0.015551232166018157,912.89999999999998,0.015683561794800065,912.89999999999998,0.015827081372972885,912.89999999999998,0.016359833168027263,912.89999999999998,0.015564329493146156,912.89999999999998,0.015753498978493253,912.89999999999998,0.015652280799911836,912.89999999999998,0.015781558624314403,912.89999999999998,0.01599357425633461,912.89999999999998,0.01601057111128066,912.89999999999998,0.015352398633469818,912.89999999999998,0.015799318430355279,912.89999999999998,0.015665886761103059,912.89999999999998,0.016311555318192991,912.89999999999998,0.015710900875698312,912.89999999999998,0.015917787780914353,912.89999999999998,0.016255520798894571,912.89999999999998,0.015734764290497867,912.89999999999998,0.015191882200350957,912.89999999999998,0.015709883607571862,912.89999999999998,0.016188932122784262,912.89999999999998,0.015791137899171772,912.89999999999998,0.015928892957961398,912.89999999999998,0.016929842408212745,912.89999999999998,0.01547756499919466,912.89999999999998,0.015762188143739989
913.60000000000002,0.015997304239464917,913.60000000000002,0.015495663894611022,913.60000000000002,0.015685723489568759,913.60000000000002,0.015893373345879643,913.60000000000002,0.015827505234692237,913.60000000000002,0.015681654417062978,913.60000000000002,0.015605062604375948,913.60000000000002,0.015482608953654959,913.60000000000002,0.015555004535320398,913.60000000000002,0.015830599425243508,913.60000000000002,0.015742351415274282,913.60000000000002,0.015485364054830749,913.60000000000002,0.016001330925798765,913.60000000000002,0.016021337198952216,913.60000000000002,0.015608538270474639,913.60000000000002,0.015373888422640997,913.60000000000002,0.016127387401134258,913.60000000000002,0.016209955664064156,913.60000000000002,0.016278833193458964,913.60000000000002,0.015897188101353817,913.60000000000002,0.015550172511719777,913.60000000000002,0.016071946288242923,913.60000000000002,0.015435263599603266,913.60000000000002,0.015972635487398589,913.60000000000002,0.015837635529784764,913.60000000000002,0.016613429634715966,913.60000000000002,0.015778379661419262,913.60000000000002,0.016175580478624652,913.60000000000002,0.015759221111704518,913.60000000000002,0.015482015547247863,913.60000000000002,0.01578978154166984,913.60000000000002,0.016103312055475022,913.60000000000002,0.01572009867500827,913.60000000000002,0.015466163118944078,913.60000000000002,0.01563257122996194,913.60000000000002,0.016298457991064996,913.60000000000002,0.015083161669336993,913.60000000000002,0.015712214847028307,913.60000000000002,0.015309630985987132,913.60000000000002,0.015550469214923323,913.60000000000002,0.015242152200266187,913.60000000000002,0.01631659927265329,913.60000000000002,0.015178615328535218,913.60000000000002,0.015705178742487051,913.60000000000002,0.015787916550104697,913.60000000000002,0.015871417308817172,913.60000000000002,0.015566321643227111,913.60000000000002,0.015648593202953469,913.60000000000002,0.01486834854996906,913.60000000000002,0.015477183523647247,913.60000000000002,0.015994803455320734,913.60000000000002,0.015940252452040046,913.60000000000002,0.015567635614557105,913.60000000000002,0.015561743936658108,913.60000000000002,0.015766384374761577,913.60000000000002,0.015594889923111484,913.60000000000002,0.015244441053550689,913.60000000000002,0.015912489509422444,913.60000000000002,0.015826954214457074,913.60000000000002,0.015808940091384581,913.60000000000002,0.015867856870374612,913.60000000000002,0.016747581868891092,913.60000000000002,0.015258852352008681,913.60000000000002,0.015922407873655297
914.39999999999998,0.016033756347329252,914.39999999999998,0.015292210269321737,914.39999999999998,0.016120605613624609,914.39999999999998,0.016357925790290176,914.39999999999998,0.015509608945177727,914.39999999999998,0.015196756610123516,914.39999999999998,0.015655926010698266,914.39999999999998,0.015632656002305807,914.39999999999998,0.01556856811033968,914.39999999999998,0.015532200774819222,914.39999999999998,0.015755914990293562,914.39999999999998,0.015268346854522183,914.39999999999998,0.016225129913616985,914.39999999999998,0.016537600773123776,914.39999999999998,0.015280469299695666,914.39999999999998,0.015457813043072827,914.39999999999998,0.016258784534133583,914.39999999999998,0.016073472190432592,914.39999999999998,0.016426337071793699,914.39999999999998,0.015926010698269797,914.39999999999998,0.015618838110254912,914.39999999999998,0.016554300924866268,914.39999999999998,0.01558446292481541,914.39999999999998,0.016107423514152744,914.39999999999998,0.015823224231326771,914.39999999999998,0.016168374829395659,914.39999999999998,0.015663089273755332,914.39999999999998,0.015606758051253359,914.39999999999998,0.016005060908929072,914.39999999999998,0.015620194467756837,914.39999999999998,0.015959326229410917,914.39999999999998,0.016126200588320067,914.39999999999998,0.015227571357120455,914.39999999999998,0.015786602578774702,914.39999999999998,0.016030153522714745,914.39999999999998,0.016044140959453387,914.39999999999998,0.015102659308427219,914.39999999999998,0.016044522435000808,914.39999999999998,0.015671608894314321,914.39999999999998,0.016012478489017747,914.39999999999998,0.015215872773666322,914.39999999999998,0.016024134686299943,914.39999999999998,0.015514313810262539,914.39999999999998,0.015834032705170267,914.39999999999998,0.015619219585802327,914.39999999999998,0.016196943109280028,914.39999999999998,0.015530717258801488,914.39999999999998,0.015948687300255168,914.39999999999998,0.015077736239329282,914.39999999999998,0.01553652416435662,914.39999999999998,0.016437315090324936,914.39999999999998,0.016349702872934729,914.39999999999998,0.015638844383408356,914.39999999999998,0.015812670074514892,914.39999999999998,0.016189398370675553,914.39999999999998,0.015914481659503404,914.39999999999998,0.016035367021862788,914.39999999999998,0.016037104854912131,914.39999999999998,0.015533641904665023,914.39999999999998,0.01575892440850097,914.39999999999998,0.015920415723574343,914.39999999999998,0.017144316438205198,914.39999999999998,0.015434331103820691,914.39999999999998,0.015723192865559541
915.10000000000002,0.015968481642548937,915.10000000000002,0.015808473843493299,915.10000000000002,0.016016335630663851,915.10000000000002,0.016402855132541558,915.10000000000002,0.015626594779719068,915.10000000000002,0.015401057958851504,915.10000000000002,0.016094199028508938,915.10000000000002,0.015518213338080582,915.10000000000002,0.015675381263616558,915.10000000000002,0.015856031128404665,915.10000000000002,0.015046370472097182,915.10000000000002,0.015481125437637227,915.10000000000002,0.015663089273755332,915.10000000000002,0.015998448666107175,915.10000000000002,0.015700092401854816,915.10000000000002,0.015580732941685105,915.10000000000002,0.016089239846392517,915.10000000000002,0.015937836440239737,915.10000000000002,0.016188126785517492,915.10000000000002,0.016149809686088014,915.10000000000002,0.015562888363300357,915.10000000000002,0.016230470571280825,915.10000000000002,0.015586158371692818,915.10000000000002,0.015923467527953681,915.10000000000002,0.016021591515983823,915.10000000000002,0.016337919517136729,915.10000000000002,0.015386731432737383,915.10000000000002,0.015077778625501217,915.10000000000002,0.015964370183871215,915.10000000000002,0.015003051804379337,915.10000000000002,0.016384035672202295,915.10000000000002,0.015728618295567254,915.10000000000002,0.015681103396827822,915.10000000000002,0.01612993057145037,915.10000000000002,0.015754643405135507,915.10000000000002,0.015669447199545623,915.10000000000002,0.014743224570416148,915.10000000000002,0.015752057848647458,915.10000000000002,0.015636852233327399,915.10000000000002,0.016319354373829083,915.10000000000002,0.015151445792324714,915.10000000000002,0.016056348176970745,915.10000000000002,0.015772869459067675,915.10000000000002,0.015984079753821115,915.10000000000002,0.016114290074006256,915.10000000000002,0.016179140917067215,915.10000000000002,0.015388299721098989,915.10000000000002,0.0153841034900774,915.10000000000002,0.014956511787594415,915.10000000000002,0.015116053338758761,915.10000000000002,0.016711129761026764,915.10000000000002,0.016084365436619955,915.10000000000002,0.015497274569144563,915.10000000000002,0.015561743936658106,915.10000000000002,0.015973228893805685,915.10000000000002,0.01529394810237108,915.10000000000002,0.016320202097267787,915.10000000000002,0.016247340267711057,915.10000000000002,0.015626891482922612,915.10000000000002,0.015772487983520253,915.10000000000002,0.015748327865517154,915.10000000000002,0.016618727906207879,915.10000000000002,0.015029967023558235,915.10000000000002,0.015898671617371549
915.79999999999995,0.016268575739850633,915.79999999999995,0.015381221230385799,915.79999999999995,0.015871374922645239,915.79999999999995,0.015954409433466429,915.79999999999995,0.015217144358824382,915.79999999999995,0.015352737722845301,915.79999999999995,0.016076396836296126,915.79999999999995,0.015588574383493129,915.79999999999995,0.015892398463925126,915.79999999999995,0.015058323372582927,915.79999999999995,0.015334596441257002,915.79999999999995,0.015761721895848697,915.79999999999995,0.015903842730347652,915.79999999999995,0.015673770589083019,915.79999999999995,0.015788255639480178,915.79999999999995,0.015426447275840728,915.79999999999995,0.016185032594966221,915.79999999999995,0.016090426659206705,915.79999999999995,0.016321219365394234,915.79999999999995,0.015881929079457121,915.79999999999995,0.015137331197070267,915.79999999999995,0.015971914922475686,915.79999999999995,0.015531904071615676,915.79999999999995,0.015765790968354482,915.79999999999995,0.015490068919915565,915.79999999999995,0.015953053075964497,915.79999999999995,0.015350279324873052,915.79999999999995,0.015202393970990904,915.79999999999995,0.015860947924349156,915.79999999999995,0.015529488059815365,915.79999999999995,0.015987301102888193,915.79999999999995,0.015487864838974933,915.79999999999995,0.015657367140544071,915.79999999999995,0.015398345243847648,915.79999999999995,0.015453701584395104,915.79999999999995,0.015609258835397542,915.79999999999995,0.014997541602027752,915.79999999999995,0.015874977747259732,915.79999999999995,0.015396098776735079,915.79999999999995,0.016265947797190643,915.79999999999995,0.015129404982918376,915.79999999999995,0.015816442443817132,915.79999999999995,0.01586272814357044,915.79999999999995,0.015884048388053879,915.79999999999995,0.01626688029297322,915.79999999999995,0.015868874138501056,915.79999999999995,0.015489178810304927,915.79999999999995,0.015354433169722711,915.79999999999995,0.015266778566160573,915.79999999999995,0.015379695328196131,915.79999999999995,0.016613641565575644,915.79999999999995,0.016041979264684689,915.79999999999995,0.01555237659266041,915.79999999999995,0.015802497393250427,915.79999999999995,0.015884217932741626,915.79999999999995,0.015783084526504069,915.79999999999995,0.016265947797190643,915.79999999999995,0.015867560167171058,915.79999999999995,0.01508350075871248,915.79999999999995,0.015615659147359764,915.79999999999995,0.015655926010698269,915.79999999999995,0.016343217788628638,915.79999999999995,0.014516246619702787,915.79999999999995,0.015639268245127711
916.5,0.016062578944245232,916.5,0.015859337249815624,916.5,0.015495833439298765,916.5,0.015631426803319682,916.5,0.015191712655663219,916.5,0.015344260488458245,916.5,0.016047574239380146,916.5,0.015576706255351253,916.5,0.015899180251434771,916.5,0.015311792680755828,916.5,0.015352398633469816,916.5,0.015618456634707492,916.5,0.016103057738443411,916.5,0.015155811568034045,916.5,0.015845053109873431,916.5,0.015874892974915861,916.5,0.016146037316785773,916.5,0.015812373371311344,916.5,0.015838864728770885,916.5,0.016412603952086675,916.5,0.015457770656900892,916.5,0.015694709358019039,916.5,0.015336927680713446,916.5,0.015391944931885424,916.5,0.015798640251604316,916.5,0.016253147173266192,916.5,0.015557971567355866,916.5,0.015605062604375948,916.5,0.016017776760509653,916.5,0.015375202393970992,916.5,0.016114459618693993,916.5,0.015583657587548639,916.5,0.015989674728516569,916.5,0.015655205445775366,916.5,0.015382492815543856,916.5,0.015995820723447182,916.5,0.014675406695319719,916.5,0.015602858523435313,916.5,0.015001059654298383,916.5,0.016014173935895156,916.5,0.015299797394098152,916.5,0.015700304332714497,916.5,0.016134847367394858,916.5,0.016095979247730222,916.5,0.016203301035070318,916.5,0.01529666081737494,916.5,0.0157850342904131,916.5,0.014883946661241236,916.5,0.015474470808643389,916.5,0.015006697015165771,916.5,0.016015996541288366,916.5,0.015913973025440179,916.5,0.015467604248789877,916.5,0.01569398879309614,916.5,0.015743495841916533,916.5,0.015684748607614249,916.5,0.016006544424946804,916.5,0.015213965395929228,916.5,0.015570094012529356,916.5,0.015256224409348693,916.5,0.015755109653026799,916.5,0.015779481701889576,916.5,0.014621364326102252,916.5,0.015333240083755077
917.20000000000005,0.016210082822579963,917.20000000000005,0.015144706390987004,917.20000000000005,0.015538219611234029,917.20000000000005,0.015339809940405041,917.20000000000005,0.01541212074972661,917.20000000000005,0.015448530471419003,917.20000000000005,0.01570933258733671,917.20000000000005,0.015692844366453889,917.20000000000005,0.015749133202783924,917.20000000000005,0.015171918313369446,917.20000000000005,0.015694031179268077,917.20000000000005,0.015349728304637893,917.20000000000005,0.016625255376685914,917.20000000000005,0.015170222866492037,917.20000000000005,0.015737392233157853,917.20000000000005,0.015934233615625237,917.20000000000005,0.015968015394657645,917.20000000000005,0.015441918228597104,917.20000000000005,0.016124547527614594,917.20000000000005,0.01602349889372091,917.20000000000005,0.015089010961064065,917.20000000000005,0.015603155226638857,917.20000000000005,0.015666692098369829,917.20000000000005,0.015409747124098233,917.20000000000005,0.01595123047057128,917.20000000000005,0.016363351220297889,917.20000000000005,0.015481676457872384,917.20000000000005,0.016115392114476573,917.20000000000005,0.015885531904071618,917.20000000000005,0.015559158380170052,917.20000000000005,0.015601586938277253,917.20000000000005,0.015231004637047209,917.20000000000005,0.015453913515254785,917.20000000000005,0.015328831921873811,917.20000000000005,0.015329933962344122,917.20000000000005,0.015883073506099368,917.20000000000005,0.015233208717987843,917.20000000000005,0.015615574375015895,917.20000000000005,0.014934937226079362,917.20000000000005,0.015630155218161627,917.20000000000005,0.01507938930003476,917.20000000000005,0.015640963692005121,917.20000000000005,0.015671142646423032,917.20000000000005,0.01597645024287276,917.20000000000005,0.01560056967015081,917.20000000000005,0.015557759636496192,917.20000000000005,0.015829963632664482,917.20000000000005,0.015197604333562219,917.20000000000005,0.015743199138712988,917.20000000000005,0.015451751820486083,917.20000000000005,0.015723531954935022,917.20000000000005,0.016246280613412677,917.20000000000005,0.015261607453184476,917.20000000000005,0.015728745454083062,917.20000000000005,0.015591753346388276,917.20000000000005,0.016670650966828578,917.20000000000005,0.015812415757483277,917.20000000000005,0.015414028127463694,917.20000000000005,0.015060612225867433,917.20000000000005,0.015215533684290837,917.20000000000005,0.015719505268601174,917.20000000000005,0.015771852190941228,917.20000000000005,0.014575587260412163,917.20000000000005,0.015215406525775032
917.89999999999998,0.015594635606079875,917.89999999999998,0.015634690538558701,917.89999999999998,0.015158439510694031,917.89999999999998,0.015713655976874106,917.89999999999998,0.015165433229063352,917.89999999999998,0.014794935700177174,917.89999999999998,0.01534565923213211,917.89999999999998,0.015708103388350585,917.89999999999998,0.015118426964387139,917.89999999999998,0.015384696896484489,917.89999999999998,0.015126056475335485,917.89999999999998,0.015239524257606199,917.89999999999998,0.016431126709222383,917.89999999999998,0.015345701618304047,917.89999999999998,0.015421191390520754,917.89999999999998,0.016122428219017826,917.89999999999998,0.015940888244619072,917.89999999999998,0.015288480286191434,917.89999999999998,0.015476039097004995,917.89999999999998,0.015725947966735335,917.89999999999998,0.015017802192212812,917.89999999999998,0.015326797385620913,917.89999999999998,0.015626001373311969,917.89999999999998,0.015358883717775915,917.89999999999998,0.015779142612514091,917.89999999999998,0.016361655773420476,917.89999999999998,0.015392665496808322,917.89999999999998,0.015705941693581884,917.89999999999998,0.015785500538304385,917.89999999999998,0.015234480303145899,917.89999999999998,0.015855903969888861,917.89999999999998,0.015225070572976274,917.89999999999998,0.015317430041623222,917.89999999999998,0.015329679645312514,917.89999999999998,0.015202775446538318,917.89999999999998,0.015727940116816292,917.89999999999998,0.014664386290616548,917.89999999999998,0.015031492925747904,917.89999999999998,0.015051923060620705,917.89999999999998,0.015575053194645781,917.89999999999998,0.015154836686079535,917.89999999999998,0.015630791010740656,917.89999999999998,0.015691488008951964,917.89999999999998,0.015811144172325219,917.89999999999998,0.014869832065986792,917.89999999999998,0.015779863177436994,917.89999999999998,0.015829963632664482,917.89999999999998,0.015234056441426549,917.89999999999998,0.015780498970016023,917.89999999999998,0.015524656036214746,917.89999999999998,0.015353076812220779,917.89999999999998,0.016458211473089016,917.89999999999998,0.015164966981172062,917.89999999999998,0.015313360969117435,917.89999999999998,0.015511219619711268,917.89999999999998,0.016331561591346438,917.89999999999998,0.01574629332926426,917.89999999999998,0.015283478717903068,917.89999999999998,0.01576252723311547,917.89999999999998,0.014968846163627576,917.89999999999998,0.015462645066673449,917.89999999999998,0.015906640217695379,917.89999999999998,0.015228334308215288,917.89999999999998,0.015414621533870789
918.60000000000002,0.015672626162440768,918.60000000000002,0.01541173927417919,918.60000000000002,0.015239820960809742,918.60000000000002,0.0159188050490408,918.60000000000002,0.015609640310944957,918.60000000000002,0.015488373473038157,918.60000000000002,0.015612692115324298,918.60000000000002,0.015915795630833399,918.60000000000002,0.015268474013037988,918.60000000000002,0.015755999762637436,918.60000000000002,0.015059934047116471,918.60000000000002,0.015960936903944456,918.60000000000002,0.016209023168281583,918.60000000000002,0.015690725057857124,918.60000000000002,0.015623797292371336,918.60000000000002,0.015697718776226444,918.60000000000002,0.015783211685019873,918.60000000000002,0.015490238464603307,918.60000000000002,0.015627781592533252,918.60000000000002,0.015512321660181582,918.60000000000002,0.014837237099768573,918.60000000000002,0.015125886930647744,918.60000000000002,0.015889643362749336,918.60000000000002,0.015686952688554887,918.60000000000002,0.015897823893932843,918.60000000000002,0.01581233098513941,918.60000000000002,0.015502021820401314,918.60000000000002,0.015585564965285724,918.60000000000002,0.015913506777548891,918.60000000000002,0.015804150453955897,918.60000000000002,0.015624475471122298,918.60000000000002,0.015734552359638193,918.60000000000002,0.015660758034298894,918.60000000000002,0.015721327873994387,918.60000000000002,0.015212100404364078,918.60000000000002,0.015700812966777718,918.60000000000002,0.015022973305188914,918.60000000000002,0.015219687529140491,918.60000000000002,0.015307087815671016,918.60000000000002,0.015609809855632695,918.60000000000002,0.015279452031569222,918.60000000000002,0.016204699778744183,918.60000000000002,0.015277798970863744,918.60000000000002,0.015488161542178478,918.60000000000002,0.015106346905385589,918.60000000000002,0.016303756262556902,918.60000000000002,0.015555301238523944,918.60000000000002,0.015367149021303293,918.60000000000002,0.015966150403092495,918.60000000000002,0.016108737485482735,918.60000000000002,0.015509057924942565,918.60000000000002,0.016141162907013212,918.60000000000002,0.015129362596746437,918.60000000000002,0.014985291998338462,918.60000000000002,0.015395929232047337,918.60000000000002,0.015803429889033001,918.60000000000002,0.015566575960258724,918.60000000000002,0.015898925934403157,918.60000000000002,0.015294583894950113,918.60000000000002,0.015466459822147621,918.60000000000002,0.016069615048786484,918.60000000000002,0.016374583555860737,918.60000000000002,0.015388554038130598,918.60000000000002,0.01557907988097963
919.39999999999998,0.015754007612556478,919.39999999999998,0.015486338936785263,919.39999999999998,0.015240668684248448,919.39999999999998,0.015786560192602762,919.39999999999998,0.014888227664606702,919.39999999999998,0.015445987301102887,919.39999999999998,0.015777150462433134,919.39999999999998,0.016025151954426387,919.39999999999998,0.015050609089290708,919.39999999999998,0.015930630791010741,919.39999999999998,0.015517704704017364,919.39999999999998,0.016359366920135975,919.39999999999998,0.016146291633817381,919.39999999999998,0.016127302628790384,919.39999999999998,0.015369480260759728,919.39999999999998,0.015665505285555641,919.39999999999998,0.015777277620948941,919.39999999999998,0.015860693607317546,919.39999999999998,0.015669320041029815,919.39999999999998,0.01555470783211685,919.39999999999998,0.015019497639090223,919.39999999999998,0.015032637352390155,919.39999999999998,0.015795546061053045,919.39999999999998,0.015226638861337877,919.39999999999998,0.0156858930342565,919.39999999999998,0.015136695404491238,919.39999999999998,0.015621550825258771,919.39999999999998,0.014875172723650635,919.39999999999998,0.015771089239846391,919.39999999999998,0.016133914871612285,919.39999999999998,0.015659232132109218,919.39999999999998,0.015704882039283503,919.39999999999998,0.01595746123784577,919.39999999999998,0.015233039173300104,919.39999999999998,0.014904376796114035,919.39999999999998,0.015899180251434771,919.39999999999998,0.014732204165712977,919.39999999999998,0.015186626315030984,919.39999999999998,0.015246899451522937,919.39999999999998,0.015962462806134128,919.39999999999998,0.015210786433034088,919.39999999999998,0.016070759475428738,919.39999999999998,0.015466841297695041,919.39999999999998,0.015674660698693658,919.39999999999998,0.015517492773157684,919.39999999999998,0.016080804998177396,919.39999999999998,0.01557225570729805,919.39999999999998,0.015829158295397713,919.39999999999998,0.015639776879190933,919.39999999999998,0.016065503590108766,919.39999999999998,0.015414112899807566,919.39999999999998,0.015903800344175715,919.39999999999998,0.015452345226893177,919.39999999999998,0.014982748828022347,919.39999999999998,0.015421360935208499,919.39999999999998,0.014997244898824206,919.39999999999998,0.015484346786704302,919.39999999999998,0.016099836389376326,919.39999999999998,0.015304756576214577,919.39999999999998,0.015800462856997533,919.39999999999998,0.015800886718716888,919.39999999999998,0.016256749997880692,919.39999999999998,0.015491976297652652,919.39999999999998,0.015400210235412798
920.10000000000002,0.015556488051338132,920.10000000000002,0.015399871146037317,920.10000000000002,0.014958376779159566,920.10000000000002,0.015572086162610308,920.10000000000002,0.015391775387197684,920.10000000000002,0.015585861668489274,920.10000000000002,0.015869552317252022,920.10000000000002,0.016096360723277636,920.10000000000002,0.015591456643184726,920.10000000000002,0.015955214770733195,920.10000000000002,0.015538897789984994,920.10000000000002,0.016644201995540973,920.10000000000002,0.015949619796037737,920.10000000000002,0.015997600942668465,920.10000000000002,0.015419495943643344,920.10000000000002,0.015661266668362112,920.10000000000002,0.015300857048396531,920.10000000000002,0.016182828514025586,920.10000000000002,0.016356823749819858,920.10000000000002,0.015886167696650647,920.10000000000002,0.015629010791519377,920.10000000000002,0.015425981027949441,920.10000000000002,0.01566499665149242,920.10000000000002,0.015140171070589931,920.10000000000002,0.01571386790773378,920.10000000000002,0.015457134864321861,920.10000000000002,0.015963183371057028,920.10000000000002,0.014681891779625816,920.10000000000002,0.015830429880555767,920.10000000000002,0.016311936793740409,920.10000000000002,0.015371853886388105,920.10000000000002,0.015855776811373058,920.10000000000002,0.01575994167662742,920.10000000000002,0.015428015564202337,920.10000000000002,0.015195993659028679,920.10000000000002,0.015562634046268746,920.10000000000002,0.015047557284911368,920.10000000000002,0.015557929181183931,920.10000000000002,0.01535032171104499,920.10000000000002,0.015848020141908902,920.10000000000002,0.015362528928562347,920.10000000000002,0.015909692022074717,920.10000000000002,0.015375287166314863,920.10000000000002,0.015712808253435399,920.10000000000002,0.015900663767452507,920.10000000000002,0.015839203818146366,920.10000000000002,0.015707043734052201,920.10000000000002,0.015766426760933518,920.10000000000002,0.015556699982197808,920.10000000000002,0.015996837991573632,920.10000000000002,0.015820172426947429,920.10000000000002,0.015772403211176386,920.10000000000002,0.015347227520493716,920.10000000000002,0.015087866534421809,920.10000000000002,0.015344218102286311,920.10000000000002,0.015488924493273314,920.10000000000002,0.015472478658562428,920.10000000000002,0.015914184956299853,920.10000000000002,0.015208963827640871,920.10000000000002,0.015941184947822623,920.10000000000002,0.016239159736527557,920.10000000000002,0.015898162983308328,920.10000000000002,0.01562422115409069,920.10000000000002,0.01522303603672338
920.79999999999995,0.015307257360358758,920.79999999999995,0.015275255800547631,920.79999999999995,0.014915142883785593,920.79999999999995,0.015158397124522096,920.79999999999995,0.014799216703542638,920.79999999999995,0.015332392360316371,920.79999999999995,0.015727134779549519,920.79999999999995,0.015899688885497993,920.79999999999995,0.015445648211727406,920.79999999999995,0.015963692005120246,920.79999999999995,0.015893246187363833,920.79999999999995,0.016129633868246826,920.79999999999995,0.015902995006908945,920.79999999999995,0.015845858447140208,920.79999999999995,0.015388130176411248,920.79999999999995,0.015595991963581801,920.79999999999995,0.015132160084094166,920.79999999999995,0.016028542848181209,920.79999999999995,0.016400057645193828,920.79999999999995,0.015948051507676139,920.79999999999995,0.015395039122436694,920.79999999999995,0.015176750336970066,920.79999999999995,0.015791307443859513,920.79999999999995,0.015114739367428768,920.79999999999995,0.015544323219992707,920.79999999999995,0.016132770444970031,920.79999999999995,0.015785161448928903,920.79999999999995,0.014794638996973626,920.79999999999995,0.015801607283639788,920.79999999999995,0.016003365462051656,920.79999999999995,0.015231131795563013,920.79999999999995,0.015688775293948104,920.79999999999995,0.015570899349796127,920.79999999999995,0.015007544738604479,920.79999999999995,0.015232445766893006,920.79999999999995,0.015471927638327275,920.79999999999995,0.015378169426006458,920.79999999999995,0.015254444190127411,920.79999999999995,0.015703822384985123,920.79999999999995,0.015682714071361358,920.79999999999995,0.015389656078600917,920.79999999999995,0.015362910404109763,920.79999999999995,0.015712681094919596,920.79999999999995,0.015938302688131019,920.79999999999995,0.01592694319405237,920.79999999999995,0.015356849181523019,920.79999999999995,0.015685850648084573,920.79999999999995,0.015952078194009987,920.79999999999995,0.01527525580054763,920.79999999999995,0.015992599374380103,920.79999999999995,0.01591596517552114,920.79999999999995,0.015873282300382319,920.79999999999995,0.015557462933292644,920.79999999999995,0.015502403295948729,920.79999999999995,0.015362020294499122,920.79999999999995,0.016148453328586079,920.79999999999995,0.01576070462772225,920.79999999999995,0.016186304180124272,920.79999999999995,0.015485321668658817,920.79999999999995,0.015888626094622892,920.79999999999995,0.015934827022032333,920.79999999999995,0.015876122173901986,920.79999999999995,0.015348711036511448,920.79999999999995,0.015529911921534719
921.5,0.015233505421191392,921.5,0.015677924433932674,921.5,0.014745598196044523,921.5,0.015834032705170267,921.5,0.015192560379101924,921.5,0.015234904164865257,921.5,0.015701703076388362,921.5,0.015696235260208708,921.5,0.015718615158990531,921.5,0.016054398413061721,921.5,0.015627061027610353,921.5,0.016049947865008518,921.5,0.015793638683315958,921.5,0.015709374973508643,921.5,0.015545806736010442,921.5,0.015634139518323542,921.5,0.015338156879699567,921.5,0.016329484668921607,921.5,0.016141501996388696,921.5,0.01591329484668922,921.5,0.015565431533616475,921.5,0.015479387604587879,921.5,0.015735357696904959,921.5,0.015517408000813816,921.5,0.015985139408119492,921.5,0.016224324576350209,921.5,0.015646982528419926,921.5,0.015074387731746394,921.5,0.01637975466883684,921.5,0.015807541347710719,921.5,0.015771131626018325,921.5,0.016182998058713323,921.5,0.015102108288192062,921.5,0.016098564804218271,921.5,0.015496935479769079,921.5,0.015271017183354102,921.5,0.015197604333562218,921.5,0.015284962233920805,921.5,0.016184481574731058,921.5,0.015587769046226357,921.5,0.015439671761484535,921.5,0.015560429965328117,921.5,0.015830514652899638,921.5,0.015957800327221248,921.5,0.015566660732602594,921.5,0.015552673295863958,921.5,0.015500199215008097,921.5,0.015742690504649763,921.5,0.0157771080762612,921.5,0.015508549290879343,921.5,0.016325415596415826,921.5,0.015919059366072408,921.5,0.015561701550486171,921.5,0.015612607342980424,921.5,0.015434076786789078,921.5,0.016600289921416034,921.5,0.015958224188940599,921.5,0.015850605698396952,921.5,0.015938005984927481,921.5,0.01540118511736731,921.5,0.016373947763281705,921.5,0.015548900926561719,921.5,0.016070971406288409,921.5,0.015868153573578157
922.20000000000005,0.015081762925663132,922.20000000000005,0.015467689021133746,922.20000000000005,0.015547544569059787,922.20000000000005,0.015337266770088925,922.20000000000005,0.015067097310173532,922.20000000000005,0.016072454922306148,922.20000000000005,0.01590600442511635,922.20000000000005,0.015425811483261701,922.20000000000005,0.015701660690216425,922.20000000000005,0.015845858447140204,922.20000000000005,0.015628756474487766,922.20000000000005,0.015718488000474724,922.20000000000005,0.015565601078304214,922.20000000000005,0.015776345125166368,922.20000000000005,0.0160612225867433,922.20000000000005,0.015399320125802156,922.20000000000005,0.015533133270601799,922.20000000000005,0.016040410976323083,922.20000000000005,0.015966870968015391,922.20000000000005,0.015651348304129259,922.20000000000005,0.015450141145952546,922.20000000000005,0.015140298229105738,922.20000000000005,0.015886252468994517,922.20000000000005,0.015835304290328322,922.20000000000005,0.01599531208938396,922.20000000000005,0.015575816145740613,922.20000000000005,0.015406229071827607,922.20000000000005,0.015404999872841484,922.20000000000005,0.016457745225197728,922.20000000000005,0.015726159897595009,922.20000000000005,0.015918635504353056,922.20000000000005,0.016216059272822835,922.20000000000005,0.015377618405771303,922.20000000000005,0.016153666827734118,922.20000000000005,0.015066291972906758,922.20000000000005,0.016136542814272271,922.20000000000005,0.015317981061858381,922.20000000000005,0.014963675050651477,922.20000000000005,0.015922535032171104,922.20000000000005,0.016059103278146539,922.20000000000005,0.015288776989394983,922.20000000000005,0.015778294889075391,922.20000000000005,0.015942414146808741,922.20000000000005,0.016055288522672361,922.20000000000005,0.015636174054576436,922.20000000000005,0.015493332655154582,922.20000000000005,0.015079728389410239,922.20000000000005,0.016302187974195297,922.20000000000005,0.015726244669938879,922.20000000000005,0.015190653001364837,922.20000000000005,0.015882903961411631,922.20000000000005,0.015669828675093034,922.20000000000005,0.015578656019260279,922.20000000000005,0.015599891491399846,922.20000000000005,0.015623119113620375,922.20000000000005,0.015994167662741705,922.20000000000005,0.016102337173520512,922.20000000000005,0.016321092206878423,922.20000000000005,0.016046514585081766,922.20000000000005,0.015640243127082221,922.20000000000005,0.016354450124191486,922.20000000000005,0.015899858430185737,922.20000000000005,0.015817502098115509,922.20000000000005,0.016234370099098869
922.89999999999998,0.015074133414714787,922.89999999999998,0.015647406390139281,922.89999999999998,0.015261014046777379,922.89999999999998,0.015381348388901607,922.89999999999998,0.014755135084729962,922.89999999999998,0.015813051550062306,922.89999999999998,0.015892440850097066,922.89999999999998,0.01525457134864322,922.89999999999998,0.015821189695073876,922.89999999999998,0.015624602629638107,922.89999999999998,0.015226935564541424,922.89999999999998,0.015623542975339728,922.89999999999998,0.015658002933123097,922.89999999999998,0.0156390139280961,922.89999999999998,0.016120563227452676,922.89999999999998,0.015671439349626577,922.89999999999998,0.015858659071064655,922.89999999999998,0.01606499495604554,922.89999999999998,0.015965175521137982,922.89999999999998,0.015307172588014886,922.89999999999998,0.015382323270856117,922.89999999999998,0.015505667031187746,922.89999999999998,0.015458152132448307,922.89999999999998,0.015520798894568637,922.89999999999998,0.015855437721997573,922.89999999999998,0.015191797428007085,922.89999999999998,0.015519824012614123,922.89999999999998,0.015661860074769204,922.89999999999998,0.016458592948636434,922.89999999999998,0.015798216389884961,922.89999999999998,0.016263658943906138,922.89999999999998,0.015876969897340693,922.89999999999998,0.014945279452031571,922.89999999999998,0.015982426693115642,922.89999999999998,0.015193450488712559,922.89999999999998,0.015658426794842448,922.89999999999998,0.014694056610971236,922.89999999999998,0.014647474208014375,922.89999999999998,0.015785203835100837,922.89999999999998,0.015876842738824885,922.89999999999998,0.014850503971584314,922.89999999999998,0.015993616642506557,922.89999999999998,0.01635186456770343,922.89999999999998,0.015817078236396158,922.89999999999998,0.01557852886074447,922.89999999999998,0.015587429956850878,922.89999999999998,0.015468833447775998,922.89999999999998,0.016041936878512752,922.89999999999998,0.015640624602629639,922.89999999999998,0.015066037655875147,922.89999999999998,0.015805761128489439,922.89999999999998,0.015767316870544154,922.89999999999998,0.015644778447479298,922.89999999999998,0.015771979349457031,922.89999999999998,0.015673982519942696,922.89999999999998,0.015544874240227867,922.89999999999998,0.015830217949696093,922.89999999999998,0.015847214804642129,922.89999999999998,0.015801522511295914,922.89999999999998,0.015368971626696504,922.89999999999998,0.015964497342387019,922.89999999999998,0.01536240177004654,922.89999999999998,0.01597094004052118,922.89999999999998,0.015568907199715164
923.70000000000005,0.014649423971923401,923.70000000000005,0.015076888515890577,923.70000000000005,0.015323745581241575,923.70000000000005,0.01467943338165357,923.70000000000005,0.015311241660520674,923.70000000000005,0.015839330976662177,923.70000000000005,0.015981451811161125,923.70000000000005,0.015214728347024068,923.70000000000005,0.015506684299314189,923.70000000000005,0.015433017132490696,923.70000000000005,0.015026872833006959,923.70000000000005,0.015832082941261243,923.70000000000005,0.015434203945304887,923.70000000000005,0.015327899426091234,923.70000000000005,0.016089197460220573,923.70000000000005,0.01522214592711274,923.70000000000005,0.015083839848087961,923.70000000000005,0.015563990403770675,923.70000000000005,0.016005866246195839,923.70000000000005,0.015321583886472877,923.70000000000005,0.015416232208404332,923.70000000000005,0.015805761128489439,923.70000000000005,0.01561837186236362,923.70000000000005,0.015244441053550693,923.70000000000005,0.015457855429244761,923.70000000000005,0.015387621542348021,923.70000000000005,0.015580012376762205,923.70000000000005,0.016084026347244474,923.70000000000005,0.016225469002992463,923.70000000000005,0.015231937132829785,923.70000000000005,0.015775370243211854,923.70000000000005,0.015343751854395023,923.70000000000005,0.01535472987292626,923.70000000000005,0.015513635631511575,923.70000000000005,0.015458787925027338,923.70000000000005,0.015922068784279816,923.70000000000005,0.014914464705034628,923.70000000000005,0.014845841492671428,923.70000000000005,0.015296067410967847,923.70000000000005,0.015907360782618278,923.70000000000005,0.015098886939124983,923.70000000000005,0.015745233674965883,923.70000000000005,0.016179776709646241,923.70000000000005,0.015367784813882318,923.70000000000005,0.015667539821808536,923.70000000000005,0.015200868068801233,923.70000000000005,0.015684155201207157,923.70000000000005,0.0159224078736553,923.70000000000005,0.014987877554826513,923.70000000000005,0.015233886896738809,923.70000000000005,0.015882903961411631,923.70000000000005,0.015616422098454602,923.70000000000005,0.015375202393970992,923.70000000000005,0.015471037528716633,923.70000000000005,0.015695175605910335,923.70000000000005,0.015477056365131438,923.70000000000005,0.016031976128107962,923.70000000000005,0.016619490857302709,923.70000000000005,0.015481930774903997,923.70000000000005,0.014918830480743963,923.70000000000005,0.016237464289650144,923.70000000000005,0.015792197553470159,923.70000000000005,0.015415681188169173,923.70000000000005,0.01480341293456423
924.39999999999998,0.015456456685570899,924.39999999999998,0.015554156811881692,924.39999999999998,0.015745064130278139,924.39999999999998,0.015348287174792096,924.39999999999998,0.01564609241880929,924.39999999999998,0.015765579037494808,924.39999999999998,0.016399379466442869,924.39999999999998,0.015567381297525495,924.39999999999998,0.015425302849198477,924.39999999999998,0.015895026406585116,924.39999999999998,0.015553309088442983,924.39999999999998,0.01577613319430669,924.39999999999998,0.015571535142375154,924.39999999999998,0.015378762832413554,924.39999999999998,0.015548349906326557,924.39999999999998,0.015677373413697515,924.39999999999998,0.015486508481473005,924.39999999999998,0.015552969999067506,924.39999999999998,0.016066054610343921,924.39999999999998,0.015256309181692568,924.39999999999998,0.015590015513338927,924.39999999999998,0.016234709188474351,924.39999999999998,0.015699753312479338,924.39999999999998,0.015483499063265601,924.39999999999998,0.015529911921534719,924.39999999999998,0.015623288658308112,924.39999999999998,0.015702932275374479,924.39999999999998,0.016154387392657017,924.39999999999998,0.016167823809160497,924.39999999999998,0.015439629375312599,924.39999999999998,0.016100048320236003,924.39999999999998,0.0157048820392835,924.39999999999998,0.015688732907776171,924.39999999999998,0.015732348278697558,924.39999999999998,0.015642743911226401,924.39999999999998,0.015705899307409947,924.39999999999998,0.01523914278205878,924.39999999999998,0.014828039300458618,924.39999999999998,0.01640149877503963,924.39999999999998,0.015901426718547343,924.39999999999998,0.015551571255393642,924.39999999999998,0.015618922882598783,924.39999999999998,0.016404423420903164,924.39999999999998,0.016155319888439594,924.39999999999998,0.016065122114561344,924.39999999999998,0.015289879029865297,924.39999999999998,0.01640132923035189,924.39999999999998,0.015674024906114629,924.39999999999998,0.015343073675644062,924.39999999999998,0.015890872561735464,924.39999999999998,0.016383908513686492,924.39999999999998,0.015783423615879557,924.39999999999998,0.01574735298356264,924.39999999999998,0.016119545959326229,924.39999999999998,0.015920670040605957,924.39999999999998,0.016106067156650812,924.39999999999998,0.016127768876681669,924.39999999999998,0.01634991480379441,924.39999999999998,0.015639607334503192,924.39999999999998,0.015130761340420299,924.39999999999998,0.015910243042309875,924.39999999999998,0.016151632291481227,924.39999999999998,0.015510626213304169,924.39999999999998,0.015186583928859049
925.10000000000002,0.015653976246789249,925.10000000000002,0.015588913472868613,925.10000000000002,0.015478878970524655,925.10000000000002,0.015562761204784552,925.10000000000002,0.016415825301153753,925.10000000000002,0.015997855259700076,925.10000000000002,0.016610462602680502,925.10000000000002,0.015897145715181877,925.10000000000002,0.015674533540177855,925.10000000000002,0.016024728092707035,925.10000000000002,0.015952586828073205,925.10000000000002,0.015977043649279859,925.10000000000002,0.015433356221866179,925.10000000000002,0.015341463001110519,925.10000000000002,0.015665335740867897,925.10000000000002,0.015835049973296711,925.10000000000002,0.015666225850478541,925.10000000000002,0.015747098666531029,925.10000000000002,0.015950764222679992,925.10000000000002,0.01562083026033587,925.10000000000002,0.016019811296762543,925.10000000000002,0.016207582038435784,925.10000000000002,0.015891338809626749,925.10000000000002,0.015461458253859259,925.10000000000002,0.01602159151598382,925.10000000000002,0.015967464374422487,925.10000000000002,0.01556983969549774,925.10000000000002,0.0158347956562651,925.10000000000002,0.016216991768605409,925.10000000000002,0.015232784856268489,925.10000000000002,0.015766893008824799,925.10000000000002,0.015641302781380602,925.10000000000002,0.016352500360282463,925.10000000000002,0.015909522477386976,925.10000000000002,0.01514597797614506,925.10000000000002,0.016274721734781245,925.10000000000002,0.015663004501411462,925.10000000000002,0.015411273026287902,925.10000000000002,0.016190415638802001,925.10000000000002,0.016217627561184438,925.10000000000002,0.015904224205895073,925.10000000000002,0.015648593202953469,925.10000000000002,0.01579151937471919,925.10000000000002,0.016294346532387274,925.10000000000002,0.015984588387884337,925.10000000000002,0.015428905673812976,925.10000000000002,0.016314861439603943,925.10000000000002,0.015906301128319898,925.10000000000002,0.015404957486669549,925.10000000000002,0.015511092461195461,925.10000000000002,0.016736561464187918,925.10000000000002,0.015952968303620627,925.10000000000002,0.015465061078473759,925.10000000000002,0.015782152030721495,925.10000000000002,0.016034264981392474,925.10000000000002,0.016040792451870498,925.10000000000002,0.016158286920475062,925.10000000000002,0.016248187991149767,925.10000000000002,0.015941396878682301,925.10000000000002,0.01535879894543204,925.10000000000002,0.016374795486720412,925.10000000000002,0.016402558429338014,925.10000000000002,0.015466544594491491,925.10000000000002,0.016019896069106414
925.79999999999995,0.015975263430058579,925.79999999999995,0.015664360858913387,925.79999999999995,0.016090087569831216,925.79999999999995,0.015425430007714281,925.79999999999995,0.015819875723743888,925.79999999999995,0.016047870942583694,925.79999999999995,0.016668955519951168,925.79999999999995,0.016228605579715675,925.79999999999995,0.016088222578266063,925.79999999999995,0.016334147147834488,925.79999999999995,0.016510388850741332,925.79999999999995,0.015469257309495351,925.79999999999995,0.015615616761187832,925.79999999999995,0.016008621347371632,925.79999999999995,0.015393216517043479,925.79999999999995,0.016213134626959298,925.79999999999995,0.016338470537371891,925.79999999999995,0.01571827606961505,925.79999999999995,0.016311046684129769,925.79999999999995,0.01588531997321194,925.79999999999995,0.015913845866924375,925.79999999999995,0.015943940048998417,925.79999999999995,0.015703991929672867,925.79999999999995,0.015905665335740869,925.79999999999995,0.01634372642269186,925.79999999999995,0.015938641777506507,925.79999999999995,0.015919949475683051,925.79999999999995,0.015595737646550189,925.79999999999995,0.015613412680247196,925.79999999999995,0.015615108127124607,925.79999999999995,0.015955087612217388,925.79999999999995,0.016173673100887565,925.79999999999995,0.016636487712248762,925.79999999999995,0.015403431584479878,925.79999999999995,0.014772131939675999,925.79999999999995,0.016542602341412138,925.79999999999995,0.015990225748751728,925.79999999999995,0.01521629663538567,925.79999999999995,0.016406585115671862,925.79999999999995,0.016144723345455778,925.79999999999995,0.01576519756194739,925.79999999999995,0.015772360825004449,925.79999999999995,0.015929698295228164,925.79999999999995,0.016485084306095982,925.79999999999995,0.016272814357044158,925.79999999999995,0.015781558624314403,925.79999999999995,0.016115646431508184,925.79999999999995,0.015696065715520967,925.79999999999995,0.016069572662614551,925.79999999999995,0.015886633944541931,925.79999999999995,0.016629748310911047,925.79999999999995,0.015965684155201203,925.79999999999995,0.015751591600756173,925.79999999999995,0.016024600934191231,925.79999999999995,0.01575536397005841,925.79999999999995,0.016217966650559919,925.79999999999995,0.015848867865347605,925.79999999999995,0.015855692039029184,925.79999999999995,0.016553453201427565,925.79999999999995,0.016114120529318508,925.79999999999995,0.015683053160736843,925.79999999999995,0.01664246416249163,925.79999999999995,0.014940108339055465,925.79999999999995,0.016503946152607172
926.5,0.015710773717182509,926.5,0.015562634046268746,926.5,0.015545001398743674,926.5,0.015504268287513879,926.5,0.015764773700228038,926.5,0.015786772123462439,926.5,0.016282393631901527,926.5,0.016049735934148841,926.5,0.015583827132236378,926.5,0.015670379695328196,926.5,0.016440027805328789,926.5,0.015571831845578699,926.5,0.015519824012614125,926.5,0.015749217975127794,926.5,0.015814535066080038,926.5,0.01525096852402872,926.5,0.015940040521180372,926.5,0.015634351449183216,926.5,0.016235599298084994,926.5,0.0161794800064427,926.5,0.015337393928604731,926.5,0.015784568042521808,926.5,0.015461543026203128,926.5,0.015438569721014218,926.5,0.016431889660317216,926.5,0.016193806532556816,926.5,0.015769902427032207,926.5,0.01562710341378229,926.5,0.015621042191195544,926.5,0.015337902562667953,926.5,0.015491382891245558,926.5,0.015873579003585866,926.5,0.015806566465756212,926.5,0.015527199206530864,926.5,0.014882335986707695,926.5,0.016395946186516113,926.5,0.015379017149445166,926.5,0.01518153997439875,926.5,0.015533429973805348,926.5,0.015504692149233234,926.5,0.015159075303273062,926.5,0.015857980892313692,926.5,0.015510075193069016,926.5,0.015778930681654414,926.5,0.015951527173774828,926.5,0.015842594711901192,926.5,0.015300984206912336,926.5,0.015365453574425878,926.5,0.015417673338250131,926.5,0.015079601230894434,926.5,0.016316090638590065,926.5,0.015987724964607545,926.5,0.015305689071997152,926.5,0.015464255741206991,926.5,0.015171282520790419,926.5,0.015655926010698269,926.5,0.015721709349541802,926.5,0.015894687317209635,926.5,0.01576083178623806,926.5,0.015875910243042309,926.5,0.015960258725193494,926.5,0.016014301094410963,926.5,0.014709527563727606,926.5,0.01565876588421793
927.20000000000005,0.015680255673389116,927.20000000000005,0.015520247874333478,927.20000000000005,0.016000228885328448,927.20000000000005,0.015116858676025535,927.20000000000005,0.015741885167382993,927.20000000000005,0.01579864025160432,927.20000000000005,0.016296804930359517,927.20000000000005,0.015690301196137773,927.20000000000005,0.015330357824063475,927.20000000000005,0.015504225901341945,927.20000000000005,0.016418834719361154,927.20000000000005,0.015508252587675797,927.20000000000005,0.015293481854479794,927.20000000000005,0.016154429778828958,927.20000000000005,0.015932368624060087,927.20000000000005,0.014648237159109212,927.20000000000005,0.015255079982706442,927.20000000000005,0.015162169493824335,927.20000000000005,0.016561972821986556,927.20000000000005,0.016178632283003994,927.20000000000005,0.015513720403855446,927.20000000000005,0.015487017115536227,927.20000000000005,0.015506472368454514,927.20000000000005,0.015850563312225018,927.20000000000005,0.016559895899561725,927.20000000000005,0.016485423395471464,927.20000000000005,0.01561731220806524,927.20000000000005,0.015643210159117689,927.20000000000005,0.015237023473462017,927.20000000000005,0.015428608970609426,927.20000000000005,0.015605825555470781,927.20000000000005,0.016010062477217431,927.20000000000005,0.015773505251646707,927.20000000000005,0.015417842882937871,927.20000000000005,0.014647516594186311,927.20000000000005,0.016413748378728922,927.20000000000005,0.015307808380593915,927.20000000000005,0.015468918220119867,927.20000000000005,0.015441875842425169,927.20000000000005,0.014936717445300644,927.20000000000005,0.015248086264337124,927.20000000000005,0.016116536541118824,927.20000000000005,0.01545582089299187,927.20000000000005,0.0157924942566737,927.20000000000005,0.015830302722039963,927.20000000000005,0.0155908208506057,927.20000000000005,0.015168739350474301,927.20000000000005,0.015328153743122843,927.20000000000005,0.015585522579113791,927.20000000000005,0.015901892966438628,927.20000000000005,0.015935462814611362,927.20000000000005,0.015647787865686696,927.20000000000005,0.015801607283639788,927.20000000000005,0.015944914930952927,927.20000000000005,0.015150089434822784,927.20000000000005,0.015794104931207243,927.20000000000005,0.015997219467121043,927.20000000000005,0.01638975780541356,927.20000000000005,0.015864254045760112,927.20000000000005,0.016123445487144273,927.20000000000005,0.015499944897976488,927.20000000000005,0.015932071920856543,927.20000000000005,0.014417062977374259,927.20000000000005,0.015071293541195119
927.89999999999998,0.015867602553342998,927.89999999999998,0.015980561701550489,927.89999999999998,0.015604342039453047,927.89999999999998,0.015435602688978745,927.89999999999998,0.015474852284190807,927.89999999999998,0.015457855429244764,927.89999999999998,0.016106067156650812,927.89999999999998,0.015226596475165942,927.89999999999998,0.015217610606715665,927.89999999999998,0.015516094029483819,927.89999999999998,0.015775412629383787,927.89999999999998,0.015554877376804593,927.89999999999998,0.015324847621711893,927.89999999999998,0.015647491162483151,927.89999999999998,0.015908632367776336,927.89999999999998,0.014491408322948721,927.89999999999998,0.015199130235751887,927.89999999999998,0.015491086188042014,927.89999999999998,0.015895662199164145,927.89999999999998,0.015794613565270468,927.89999999999998,0.015547629341403661,927.89999999999998,0.015392072090401228,927.89999999999998,0.015580224307621883,927.89999999999998,0.015385163144375781,927.89999999999998,0.016181811245899139,927.89999999999998,0.017009316480591372,927.89999999999998,0.015615616761187832,927.89999999999998,0.015304120783635548,927.89999999999998,0.015757525664827108,927.89999999999998,0.015622737638072955,927.89999999999998,0.015535464510058239,927.89999999999998,0.015793893000347569,927.89999999999998,0.015338623127590857,927.89999999999998,0.015980731246238229,927.89999999999998,0.014932351669591311,927.89999999999998,0.015573654450971914,927.89999999999998,0.014733051889151682,927.89999999999998,0.015525715690513127,927.89999999999998,0.015335910412586997,927.89999999999998,0.014715461627798548,927.89999999999998,0.015152293515763417,927.89999999999998,0.016164856777125033,927.89999999999998,0.015513466086823836,927.89999999999998,0.01634266676839348,927.89999999999998,0.015615828692047506,927.89999999999998,0.015381433161245475,927.89999999999998,0.015472224341530821,927.89999999999998,0.015102659308427219,927.89999999999998,0.015215915159838255,927.89999999999998,0.015609428380085283,927.89999999999998,0.015681993506438459,927.89999999999998,0.015969075048956029,927.89999999999998,0.015393004586183803,927.89999999999998,0.015670252536812392,927.89999999999998,0.015280638844383411,927.89999999999998,0.015119317073997779,927.89999999999998,0.016008239871824211,927.89999999999998,0.016075252409653872,927.89999999999998,0.015438696879530023,927.89999999999998,0.016495596076735928,927.89999999999998,0.015600823987182424,927.89999999999998,0.015470910370200829,927.89999999999998,0.014832447462339885,927.89999999999998,0.015139959139730251
928.70000000000005,0.016091401541161215,928.70000000000005,0.015531268279036647,928.70000000000005,0.015581453506608002,928.70000000000005,0.015150767613573746,928.70000000000005,0.015040817883573665,928.70000000000005,0.016043632325390165,928.70000000000005,0.0163256275272755,928.70000000000005,0.015231682815798175,928.70000000000005,0.015556699982197806,928.70000000000005,0.015853487958088552,928.70000000000005,0.015349007739714995,928.70000000000005,0.015904987156989903,928.70000000000005,0.015396904114001847,928.70000000000005,0.015825513084611276,928.70000000000005,0.015647533548655085,928.70000000000005,0.015074642048778007,928.70000000000005,0.015292379814009476,928.70000000000005,0.015705560218034469,928.70000000000005,0.015838017005332182,928.70000000000005,0.015889558590405466,928.70000000000005,0.015996075040478796,928.70000000000005,0.015436153709213904,928.70000000000005,0.01566075803429889,928.70000000000005,0.015695429922941942,928.70000000000005,0.016517509727626455,928.70000000000005,0.017125454591694005,928.70000000000005,0.015752947958258098,928.70000000000005,0.015308359400829072,928.70000000000005,0.015804998177394607,928.70000000000005,0.015631214872460008,928.70000000000005,0.015833863160482523,928.70000000000005,0.015498885243678102,928.70000000000005,0.015754007612556482,928.70000000000005,0.015753541364665193,928.70000000000005,0.015173952849622337,928.70000000000005,0.016115349728304636,928.70000000000005,0.015316285614980968,928.70000000000005,0.015696108101692904,928.70000000000005,0.015246899451522937,928.70000000000005,0.015301238523943951,928.70000000000005,0.015743156752541052,928.70000000000005,0.016014809728474185,928.70000000000005,0.015888159846731604,928.70000000000005,0.016720751422056066,928.70000000000005,0.015437806769919384,928.70000000000005,0.015445012419148377,928.70000000000005,0.016364877122487555,928.70000000000005,0.015152674991310835,928.70000000000005,0.015799996609106245,928.70000000000005,0.016446979137526175,928.70000000000005,0.015908335664572792,928.70000000000005,0.015774946381492499,928.70000000000005,0.015415045395590143,928.70000000000005,0.015796563329179489,928.70000000000005,0.016025787747005416,928.70000000000005,0.015549960580860099,928.70000000000005,0.016297313564422742,928.70000000000005,0.016265142459923873,928.70000000000005,0.01633813144799641,928.70000000000005,0.016733806363012128,928.70000000000005,0.015599128540305011,928.70000000000005,0.015598916609445335,928.70000000000005,0.014417062977374261,928.70000000000005,0.015558734518450702
929.39999999999998,0.016439815874469115,929.39999999999998,0.015800844332544951,929.39999999999998,0.015441579139221619,929.39999999999998,0.015079558844722495,929.39999999999998,0.014773785000381477,929.39999999999998,0.015736756440578831,929.39999999999998,0.016119630731670099,929.39999999999998,0.015204555665759602,929.39999999999998,0.015640624602629639,929.39999999999998,0.015767020167340603,929.39999999999998,0.015098929325296915,929.39999999999998,0.015558268270559414,929.39999999999998,0.015539321651704349,929.39999999999998,0.016219704483609265,929.39999999999998,0.015505116010952585,929.39999999999998,0.015432381339911665,929.39999999999998,0.015734891449013674,929.39999999999998,0.016068385849800363,929.39999999999998,0.015506557140798388,929.39999999999998,0.015731034307367567,929.39999999999998,0.015648508430609599,929.39999999999998,0.015835431448844126,929.39999999999998,0.015943897662826476,929.39999999999998,0.015586921322787656,929.39999999999998,0.016026677856616055,929.39999999999998,0.016551545823690478,929.39999999999998,0.015733450319167876,929.39999999999998,0.015722048438917283,929.39999999999998,0.016091528699677018,929.39999999999998,0.016140696659121923,929.39999999999998,0.015850817629256629,929.39999999999998,0.015525164670277968,929.39999999999998,0.015313191424429697,929.39999999999998,0.015754389088103903,929.39999999999998,0.015351127048311758,929.39999999999998,0.015853403185744682,929.39999999999998,0.014779676678280477,929.39999999999998,0.015312089383959376,929.39999999999998,0.015216381407729544,929.39999999999998,0.016360892822325643,929.39999999999998,0.015857599416766274,929.39999999999998,0.015904605681442488,929.39999999999998,0.016200969795613879,929.39999999999998,0.016647847206327407,929.39999999999998,0.015503929198138403,929.39999999999998,0.015746801963327482,929.39999999999998,0.016139382687791932,929.39999999999998,0.014833930978357623,929.39999999999998,0.015553309088442985,929.39999999999998,0.015930715563354615,929.39999999999998,0.015893924366114802,929.39999999999998,0.01623271703839339,929.39999999999998,0.015190398684333223,929.39999999999998,0.015365919822317166,929.39999999999998,0.016096148792417962,929.39999999999998,0.01575087103583327,929.39999999999998,0.016272729584700288,929.39999999999998,0.016259208395852938,929.39999999999998,0.016542432796724398,929.39999999999998,0.016453209904800654,929.39999999999998,0.015727982502988225,929.39999999999998,0.015768461297186408,929.39999999999998,0.014956215084390866,929.39999999999998,0.015622313776353602
930.10000000000002,0.016191432906928444,930.10000000000002,0.015392241635088972,930.10000000000002,0.015221171045158225,930.10000000000002,0.015271144341869908,930.10000000000002,0.015378211812178397,930.10000000000002,0.015864762679823334,930.10000000000002,0.015878877275077776,930.10000000000002,0.015527538295906343,930.10000000000002,0.015442257317972585,930.10000000000002,0.015193111399337079,930.10000000000002,0.014828505548349906,930.10000000000002,0.015844798792841824,930.10000000000002,0.015123937166738724,930.10000000000002,0.015627993523392929,930.10000000000002,0.015479684307791427,930.10000000000002,0.015389147444537694,930.10000000000002,0.015333070539067338,930.10000000000002,0.015866627671388484,930.10000000000002,0.015702381255139321,930.10000000000002,0.015792070394954352,930.10000000000002,0.015460313827217008,930.10000000000002,0.015552291820316538,930.10000000000002,0.015816739147020677,930.10000000000002,0.015587769046226357,930.10000000000002,0.015842721870416996,930.10000000000002,0.015944575841577442,930.10000000000002,0.01518836414808033,930.10000000000002,0.015576240007459965,930.10000000000002,0.015458279290964116,930.10000000000002,0.015671905597517865,930.10000000000002,0.015752481710366809,930.10000000000002,0.015513296542136094,930.10000000000002,0.015428481812093628,930.10000000000002,0.015038910505836578,930.10000000000002,0.014710248128650507,930.10000000000002,0.016053465917279151,930.10000000000002,0.014900901130015343,930.10000000000002,0.015479090901384331,930.10000000000002,0.014773869772725349,930.10000000000002,0.01626510007375194,930.10000000000002,0.015846579012063107,930.10000000000002,0.015718954248366012,930.10000000000002,0.016149258665852852,930.10000000000002,0.016363859854361111,930.10000000000002,0.015210616888346348,930.10000000000002,0.015833269754075431,930.10000000000002,0.015881674762425507,930.10000000000002,0.015047557284911372,930.10000000000002,0.015635538261997404,930.10000000000002,0.015194891618558363,930.10000000000002,0.015214897891711807,930.10000000000002,0.015555386010867811,930.10000000000002,0.014801293625967465,930.10000000000002,0.01521587277366632,930.10000000000002,0.01575536397005841,930.10000000000002,0.015865313700058489,930.10000000000002,0.016076905470359348,930.10000000000002,0.015997261853292977,930.10000000000002,0.016073641735120336,930.10000000000002,0.015894560158693824,930.10000000000002,0.015724591609233406,930.10000000000002,0.015367488110678774,930.10000000000002,0.01472902520281783,930.10000000000002,0.015519739240270254
930.79999999999995,0.016195671524121973,930.79999999999995,0.015738960521519459,930.79999999999995,0.015700134788026752,930.79999999999995,0.015383891559217721,930.79999999999995,0.015518933903003485,930.79999999999995,0.015370539915058112,930.79999999999995,0.01552622432457635,930.79999999999995,0.015814916541627456,930.79999999999995,0.015704203860532538,930.79999999999995,0.015165136525859801,930.79999999999995,0.015363419038172985,930.79999999999995,0.015451455117282539,930.79999999999995,0.015585098717394438,930.79999999999995,0.015815340403346811,930.79999999999995,0.015284707916889193,930.79999999999995,0.015730779990335952,930.79999999999995,0.015844247772606665,930.79999999999995,0.015905622949568932,930.79999999999995,0.015992302671176552,930.79999999999995,0.015249527394182923,930.79999999999995,0.015635792579029018,930.79999999999995,0.015281868043369532,930.79999999999995,0.016104117392741792,930.79999999999995,0.015599637174368231,930.79999999999995,0.015656222713901814,930.79999999999995,0.015631765892695167,930.79999999999995,0.015212100404364081,930.79999999999995,0.015564371879318089,930.79999999999995,0.015887227350949027,930.79999999999995,0.016288200537456662,930.79999999999995,0.015690597899341314,930.79999999999995,0.01592868102710172,930.79999999999995,0.015073285691276082,930.79999999999995,0.015052474080855863,930.79999999999995,0.014689902766121579,930.79999999999995,0.015453277722675754,930.79999999999995,0.015168781736646236,930.79999999999995,0.015526563413951831,930.79999999999995,0.015183320193620033,930.79999999999995,0.016373608673906224,930.79999999999995,0.015510880530335783,930.79999999999995,0.01616400905368633,930.79999999999995,0.015609258835397542,930.79999999999995,0.016189228825987809,930.79999999999995,0.015279282486881481,930.79999999999995,0.016026550698100252,930.79999999999995,0.015197561947390284,930.79999999999995,0.015231513271110437,930.79999999999995,0.015780498970016023,930.79999999999995,0.01527033900460314,930.79999999999995,0.015336122343446675,930.79999999999995,0.015653721929757634,930.79999999999995,0.015052219763824252,930.79999999999995,0.015520205488161545,930.79999999999995,0.015505285555640329,930.79999999999995,0.015855141018794029,930.79999999999995,0.01589973127166993,930.79999999999995,0.016519459491535476,930.79999999999995,0.015696404804896452,930.79999999999995,0.015766553919449318,930.79999999999995,0.015461797343234744,930.79999999999995,0.015723531954935026,930.79999999999995,0.01542839703974975,930.79999999999995,0.015095877520917577
931.5,0.01602782228325831,931.5,0.01603142510787281,931.5,0.016188423488721043,931.5,0.016263828488593882,931.5,0.015401948068462146,931.5,0.014959394047286015,931.5,0.015691530395123891,931.5,0.016137899171774196,931.5,0.01609839525953053,931.5,0.015282970083839846,931.5,0.015204894755135083,931.5,0.016160151912040219,931.5,0.015692759594110015,931.5,0.015123598077363243,931.5,0.014928664072632943,931.5,0.015989335639141088,931.5,0.015736586895891084,931.5,0.016226910132838265,931.5,0.015747310597390703,931.5,0.015654739197884081,931.5,0.015484897806939466,931.5,0.015295431618388819,931.5,0.015848952637691482,931.5,0.01524020243635716,931.5,0.015807117485991371,931.5,0.01584030585861668,931.5,0.015477437840678857,931.5,0.015020133431669252,931.5,0.01590079092596831,931.5,0.015489645058196212,931.5,0.015818604138585827,931.5,0.016450030941905513,931.5,0.01517925112111425,931.5,0.015019412866746355,931.5,0.014578850995651177,931.5,0.015250671820825172,931.5,0.015487525749599449,931.5,0.015819028000305182,931.5,0.014517009570797625,931.5,0.015720861626103099,931.5,0.015556657596025876,931.5,0.015739299610894944,931.5,0.015087908920593746,931.5,0.016483388859218566,931.5,0.015676864779634293,931.5,0.016155404660783468,931.5,0.015660418944923409,931.5,0.015736756440578828,931.5,0.015881378059221962,931.5,0.015254232259267737,931.5,0.01559213482193569,931.5,0.015368886854352634,931.5,0.015097149106075635,931.5,0.015871162991785561,931.5,0.015479006129040464,931.5,0.015662707798207911,931.5,0.015852258759102431,931.5,0.016345676186600881,931.5,0.015280172596492123,931.5,0.015449505353373513,931.5,0.015972974576774074,931.5,0.015834583725405426,931.5,0.015169841390944617,931.5,0.015252706357078066
932.20000000000005,0.015977806600374695,932.20000000000005,0.016093308918898298,932.20000000000005,0.01631473428108814,932.20000000000005,0.016077329332078703,932.20000000000005,0.015242576061985541,932.20000000000005,0.015649440926392172,932.20000000000005,0.015744936971762328,932.20000000000005,0.015254571348643216,932.20000000000005,0.015937327806176509,932.20000000000005,0.015752608868882613,932.20000000000005,0.015822885141951289,932.20000000000005,0.016019429821215125,932.20000000000005,0.015811440875528767,932.20000000000005,0.015675466035960428,932.20000000000005,0.015342353110721157,932.20000000000005,0.015946949467205818,932.20000000000005,0.01618672804184363,932.20000000000005,0.016427820587811434,932.20000000000005,0.015999084458686197,932.20000000000005,0.015836999737205735,932.20000000000005,0.015707001347880268,932.20000000000005,0.015130125547841272,932.20000000000005,0.015514101879402864,932.20000000000005,0.015759856904283547,932.20000000000005,0.015853742275120167,932.20000000000005,0.015839458135177981,932.20000000000005,0.015996244585166536,932.20000000000005,0.015249866483558404,932.20000000000005,0.016745971194357549,932.20000000000005,0.016257682493663266,932.20000000000005,0.015814365521392301,932.20000000000005,0.016746734145452389,932.20000000000005,0.015065656180327734,932.20000000000005,0.015501767503369701,932.20000000000005,0.01527228876851216,932.20000000000005,0.015696574349584189,932.20000000000005,0.015817290167255832,932.20000000000005,0.015776641828369912,932.20000000000005,0.015009536888685438,932.20000000000005,0.01575731373396743,932.20000000000005,0.015673643430567211,932.20000000000005,0.015899519340810256,932.20000000000005,0.015311707908411961,932.20000000000005,0.016496952434237853,932.20000000000005,0.016093096988038624,932.20000000000005,0.016171511406118871,932.20000000000005,0.015870654357722336,932.20000000000005,0.015521434687147664,932.20000000000005,0.016189949390910709,932.20000000000005,0.016086696676076397,932.20000000000005,0.01620927748531319,932.20000000000005,0.015283266787043394,932.20000000000005,0.015206505429668626,932.20000000000005,0.016214490984461233,932.20000000000005,0.016032569534515061,932.20000000000005,0.016089960411315413,932.20000000000005,0.01574629332926426,932.20000000000005,0.016715283605876416,932.20000000000005,0.015645541398574127,932.20000000000005,0.015858955774268203,932.20000000000005,0.015933979298593626,932.20000000000005,0.016595839373362838,932.20000000000005,0.015235963819163636,932.20000000000005,0.015193365716368692
933,0.015901511490891217,933,0.016549384128921783,933,0.015550935462814611,933,0.015912870984969862,933,0.015227317040088843,933,0.015466332663631817,933,0.016035706111238269,933,0.015057051787424872,933,0.015929698295228164,933,0.015625450353076813,933,0.015850012291989863,933,0.01632376253571035,933,0.015986071903902069,933,0.015767867890779316,933,0.015930673177182671,933,0.016121580495579119,933,0.0158510295601163,933,0.016509202037927148,933,0.015667624594152406,933,0.015809024863728458,933,0.015498461381958751,933,0.01566164814390953,933,0.015559031221654248,933,0.015640327899426092,933,0.015887651212668379,933,0.015991200630706238,933,0.016299729576223054,933,0.015178657714707153,933,0.01650691318464264,933,0.016048294804303039,933,0.015796563329179489,933,0.016487330773208551,933,0.0154089841730034,933,0.015386477115705772,933,0.014735679831811668,933,0.01586357586700915,933,0.015200995227317039,933,0.015684239973551027,933,0.014450039419139901,933,0.015166450497189796,933,0.015864381204275916,933,0.015521434687147664,933,0.015954282274950621,933,0.016233310444800485,933,0.016095640158354737,933,0.01620033400303485,933,0.016413197358493767,933,0.015452769088612529,933,0.015824580588828699,933,0.015477183523647247,933,0.015908335664572788,933,0.015535040648338886,933,0.015325186711087374,933,0.016016123699804177,933,0.015919822317167247,933,0.015777998185871844,933,0.015408899400659527,933,0.016017607215821909,933,0.016162652696184401,933,0.015760619855378383,933,0.016198469011469697,933,0.01661703245933047,933,0.015236811542602341,933,0.015440900960470655
933.70000000000005,0.015631087713944204,933.70000000000005,0.015579588515042852,933.70000000000005,0.015264404940532201,933.70000000000005,0.015635665420513208,933.70000000000005,0.015563015521816166,933.70000000000005,0.016227588311589228,933.70000000000005,0.01580512533591041,933.70000000000005,0.015392750269152194,933.70000000000005,0.015883921229538075,933.70000000000005,0.015589845968651183,933.70000000000005,0.016117892898620756,933.70000000000005,0.015997389011808787,933.70000000000005,0.015807202258335245,933.70000000000005,0.015946737536346144,933.70000000000005,0.016610547375024369,933.70000000000005,0.015955426701592872,933.70000000000005,0.016315582004526843,933.70000000000005,0.016302357518883041,933.70000000000005,0.016277137746581554,933.70000000000005,0.015366513228724264,933.70000000000005,0.016010486338936786,933.70000000000005,0.015679450336122346,933.70000000000005,0.015670082992124648,933.70000000000005,0.015806481693412342,933.70000000000005,0.016112297923925298,933.70000000000005,0.016665988487915701,933.70000000000005,0.01637432923882913,933.70000000000005,0.015564371879318089,933.70000000000005,0.016430618075159158,933.70000000000005,0.01619495095919907,933.70000000000005,0.015818604138585827,933.70000000000005,0.015921051516153372,933.70000000000005,0.015895577426820278,933.70000000000005,0.015461924501750551,933.70000000000005,0.01523753210752524,933.70000000000005,0.015743199138712988,933.70000000000005,0.015408687469799853,933.70000000000005,0.01584106880971152,933.70000000000005,0.015347778540728873,933.70000000000005,0.015083373600196672,933.70000000000005,0.015741461305663642,933.70000000000005,0.016016505175351595,933.70000000000005,0.016100938429846647,933.70000000000005,0.015946779922518077,933.70000000000005,0.016030365453574429,933.70000000000005,0.016068936870035518,933.70000000000005,0.016263150309842919,933.70000000000005,0.015313742444664852,933.70000000000005,0.016230640115968566,933.70000000000005,0.015433101904834568,933.70000000000005,0.015732009189322077,933.70000000000005,0.015666437781338215,933.70000000000005,0.015264998346939297,933.70000000000005,0.015516814594406724,933.70000000000005,0.015996117426650729,933.70000000000005,0.016264591439688714,933.70000000000005,0.015523342064884749,933.70000000000005,0.016019302662699318,933.70000000000005,0.016510219306053595,933.70000000000005,0.016295533345201459,933.70000000000005,0.015473665471376623,933.70000000000005,0.016416969727796004,933.70000000000005,0.015299543077066538,933.70000000000005,0.01575455863279164
934.39999999999998,0.015892186533065455,934.39999999999998,0.016273874011342542,934.39999999999998,0.015247450471758095,934.39999999999998,0.015800971491060755,934.39999999999998,0.01547824317794563,934.39999999999998,0.015577384434102221,934.39999999999998,0.015593194476234072,934.39999999999998,0.016037020082568264,934.39999999999998,0.015854250909183385,934.39999999999998,0.015391478683994134,934.39999999999998,0.016209447030000934,934.39999999999998,0.016176258657375618,934.39999999999998,0.01617850512448819,934.39999999999998,0.016315497232182976,934.39999999999998,0.016485932029534682,934.39999999999998,0.016414892805371176,934.39999999999998,0.016154514551172821,934.39999999999998,0.016181980790586879,934.39999999999998,0.016262726448123564,934.39999999999998,0.015168993667505914,934.39999999999998,0.015722260369776964,934.39999999999998,0.015899858430185741,934.39999999999998,0.016422013682256306,934.39999999999998,0.015623373430651984,934.39999999999998,0.016230131481905344,934.39999999999998,0.01710256605884896,934.39999999999998,0.016146291633817381,934.39999999999998,0.016053508303451081,934.39999999999998,0.016202580470147419,934.39999999999998,0.016105092274696302,934.39999999999998,0.015994930613836545,934.39999999999998,0.015631977823554844,934.39999999999998,0.016059188050490412,934.39999999999998,0.015427167840763631,934.39999999999998,0.015250247959105819,934.39999999999998,0.015450734552359638,934.39999999999998,0.015455312258928648,934.39999999999998,0.015687630867305846,934.39999999999998,0.015116350041962311,934.39999999999998,0.015623373430651984,934.39999999999998,0.015482905656858508,934.39999999999998,0.015921560150216594,934.39999999999998,0.015920373337402406,934.39999999999998,0.015365241643566204,934.39999999999998,0.015830302722039963,934.39999999999998,0.016094368573196682,934.39999999999998,0.016054610343921399,934.39999999999998,0.01578338122970762,934.39999999999998,0.015929698295228164,934.39999999999998,0.015565346761272605,934.39999999999998,0.01574726821121877,934.39999999999998,0.015774946381492499,934.39999999999998,0.015920288565058532,934.39999999999998,0.015794020158863376,934.39999999999998,0.015470528894653409,934.39999999999998,0.016107762603528225,934.39999999999998,0.016003153531191982,934.39999999999998,0.015924357637564314,934.39999999999998,0.016582275798343551,934.39999999999998,0.016030195908886682,934.39999999999998,0.015438908810389699,934.39999999999998,0.016199104804048726,934.39999999999998,0.016180327729881403,934.39999999999998,0.01586984902045557
935.10000000000002,0.0152504598899655,935.10000000000002,0.0156507972838941,935.10000000000002,0.015567889931588719,935.10000000000002,0.015825555470783216,935.10000000000002,0.015540974712409826,935.10000000000002,0.015874935361087802,935.10000000000002,0.0153600705305901,935.10000000000002,0.016020913337232861,935.10000000000002,0.01569318345582937,935.10000000000002,0.015475403304425964,935.10000000000002,0.015990734382814949,935.10000000000002,0.016049947865008518,935.10000000000002,0.015943685731966806,935.10000000000002,0.016340928935344137,935.10000000000002,0.015912023261531155,935.10000000000002,0.015764688927884168,935.10000000000002,0.016565660418944923,935.10000000000002,0.016247255495367187,935.10000000000002,0.016695065401863295,935.10000000000002,0.015662368708832433,935.10000000000002,0.015551867958597188,935.10000000000002,0.015503971584310335,935.10000000000002,0.016019345048871255,935.10000000000002,0.015341929249001806,935.10000000000002,0.016726049693547972,935.10000000000002,0.01703305273687512,935.10000000000002,0.015908929070979884,935.10000000000002,0.016178123648940768,935.10000000000002,0.015818561752413893,935.10000000000002,0.015652407958427639,935.10000000000002,0.015999169231030067,935.10000000000002,0.015665039037664353,935.10000000000002,0.016310961911785903,935.10000000000002,0.015520417419021217,935.10000000000002,0.015193450488712561,935.10000000000002,0.014758144502937359,935.10000000000002,0.015601120690385967,935.10000000000002,0.01575714418927969,935.10000000000002,0.015369819350135214,935.10000000000002,0.015903122165424749,935.10000000000002,0.015184507006434223,935.10000000000002,0.015986834854996905,935.10000000000002,0.015158269966006291,935.10000000000002,0.01552969999067504,935.10000000000002,0.016022735942626078,935.10000000000002,0.016247806515602349,935.10000000000002,0.015925756381238186,935.10000000000002,0.015396819341657975,935.10000000000002,0.016190797114349415,935.10000000000002,0.015630621466052916,935.10000000000002,0.01533273144969185,935.10000000000002,0.01545365919822317,935.10000000000002,0.015724464450717599,935.10000000000002,0.015758415774437748,935.10000000000002,0.015382365657028052,935.10000000000002,0.015935674745471036,935.10000000000002,0.016204911709603857,935.10000000000002,0.01598539372515111,935.10000000000002,0.016004128413146496,935.10000000000002,0.015965768927545077,935.10000000000002,0.015517747090189297,935.10000000000002,0.015919356069275966,935.10000000000002,0.01640497444113832,935.10000000000002,0.015997007536261373
935.79999999999995,0.015444588557429025,935.79999999999995,0.015909352932699239,935.79999999999995,0.015622144231665859,935.79999999999995,0.015575477056365132,935.79999999999995,0.015508761221739022,935.79999999999995,0.015902062511126368,935.79999999999995,0.015218500716326305,935.79999999999995,0.015412247908242414,935.79999999999995,0.015101472495613029,935.79999999999995,0.015627993523392929,935.79999999999995,0.015841535057602808,935.79999999999995,0.015970261861770217,935.79999999999995,0.016272602426184481,935.79999999999995,0.016032357603655387,935.79999999999995,0.015090579249425667,935.79999999999995,0.015806227376380728,935.79999999999995,0.016192662105914565,935.79999999999995,0.016172655832761118,935.79999999999995,0.016500089010961064,935.79999999999995,0.015570814577452255,935.79999999999995,0.01520091045497317,935.79999999999995,0.01526576129803413,935.79999999999995,0.015720946398446969,935.79999999999995,0.015568271407136137,935.79999999999995,0.016367462678975611,935.79999999999995,0.016374371625001057,935.79999999999995,0.01598013783983113,935.79999999999995,0.016182362266134297,935.79999999999995,0.016099158210625367,935.79999999999995,0.016258530217101972,935.79999999999995,0.01611361189525529,935.79999999999995,0.0154666717530073,935.79999999999995,0.015698905589040635,935.79999999999995,0.015138941871603806,935.79999999999995,0.015163780168357873,935.79999999999995,0.014977704873562049,935.79999999999995,0.015829158295397713,935.79999999999995,0.015389232216881564,935.79999999999995,0.015107872807575258,935.79999999999995,0.016360045098886944,935.79999999999995,0.015047175809363956,935.79999999999995,0.015917321533023065,935.79999999999995,0.015396480252282499,935.79999999999995,0.015179590210489728,935.79999999999995,0.015628544543628088,935.79999999999995,0.015993489483990743,935.79999999999995,0.015729084543458543,935.79999999999995,0.014929723726931325,935.79999999999995,0.015383764400701916,935.79999999999995,0.015711155192729927,935.79999999999995,0.015245415935505199,935.79999999999995,0.01496452277409018,935.79999999999995,0.015645626170917998,935.79999999999995,0.016083093851461901,935.79999999999995,0.015221298203674034,935.79999999999995,0.015713571204530232,935.79999999999995,0.015842086077837964,935.79999999999995,0.015766681077965125,935.79999999999995,0.0156090892907098,935.79999999999995,0.015997134694777176,935.79999999999995,0.015335486550867647,935.79999999999995,0.016513610199808414,935.79999999999995,0.016313420309758145,935.79999999999995,0.015512109729321908
936.5,0.015091935606927597,936.5,0.015801692055983654,936.5,0.015572976272220949,936.5,0.015823012300467093,936.5,0.015740189720505584,936.5,0.015748624568720702,936.5,0.015674575926349788,936.5,0.015550426828751388,936.5,0.015421064232004952,936.5,0.015833990318998327,936.5,0.015265930842721872,936.5,0.01583038749438383,936.5,0.016281079660571535,936.5,0.015887396895636768,936.5,0.015252494426218389,936.5,0.01554512855725948,936.5,0.016296084365436617,936.5,0.016745716877325938,936.5,0.016150826954214458,936.5,0.015903122165424749,936.5,0.015114442664225224,936.5,0.015604002950077566,936.5,0.01505802666937938,936.5,0.015363122334969439,936.5,0.016857446826547308,936.5,0.016159049871569898,936.5,0.015810593152090064,936.5,0.015677966820104607,936.5,0.016633223977009736,936.5,0.015598153658350499,936.5,0.016181429770351717,936.5,0.015696404804896452,936.5,0.01548019294185465,936.5,0.015350872731280142,936.5,0.015417249476530772,936.5,0.014965836745420173,936.5,0.015440900960470655,936.5,0.015534192924900179,936.5,0.01504344582623365,936.5,0.015797156735586581,936.5,0.015332858608207659,936.5,0.015826615125081593,936.5,0.0154286937429533,936.5,0.015583106567313477,936.5,0.015756550782872598,936.5,0.015998575824622979,936.5,0.016179225689411089,936.5,0.014716945143816282,936.5,0.015187092562922272,936.5,0.015029585548010819,936.5,0.015224222849537564,936.5,0.015791900850266608,936.5,0.015238718920339431,936.5,0.015751633986928106,936.5,0.015552758068207828,936.5,0.015906852148555056,936.5,0.015987894509295289,936.5,0.016057450217441059,936.5,0.015501428413994222,936.5,0.015864889838339141,936.5,0.015510117579240949,936.5,0.016460203623169977,936.5,0.015995524020243634,936.5,0.015779990335952798
937.20000000000005,0.015757398506311304,937.20000000000005,0.01586103269669303,937.20000000000005,0.01579423208972305,937.20000000000005,0.015519527309410577,937.20000000000005,0.016075040478794201,937.20000000000005,0.015611293371650434,937.20000000000005,0.015921263447013046,937.20000000000005,0.015369861736307146,937.20000000000005,0.015070106728380933,937.20000000000005,0.015675466035960425,937.20000000000005,0.014978552597000755,937.20000000000005,0.015652365572255706,937.20000000000005,0.015936903944457164,937.20000000000005,0.015199045463408022,937.20000000000005,0.015902698303705397,937.20000000000005,0.015822334121716134,937.20000000000005,0.016290998024804389,937.20000000000005,0.016744869153887235,937.20000000000005,0.016035536566550528,937.20000000000005,0.015622525707213277,937.20000000000005,0.015043233895373976,937.20000000000005,0.015445478667039665,937.20000000000005,0.015225028186804339,937.20000000000005,0.015466544594491493,937.20000000000005,0.016312360655459761,937.20000000000005,0.016222629129472799,937.20000000000005,0.016001330925798769,937.20000000000005,0.015766977781168673,937.20000000000005,0.016511999525274872,937.20000000000005,0.016116960402838179,937.20000000000005,0.015913549163720828,937.20000000000005,0.015717597890864087,937.20000000000005,0.014947822622347689,937.20000000000005,0.015288141196815951,937.20000000000005,0.016142053016623855,937.20000000000005,0.015620279240100707,937.20000000000005,0.01528152895399405,937.20000000000005,0.015635072014106115,937.20000000000005,0.014947653077659946,937.20000000000005,0.015739511541754618,937.20000000000005,0.015418478675516902,937.20000000000005,0.015950382747132577,937.20000000000005,0.016044140959453387,937.20000000000005,0.015028695438400175,937.20000000000005,0.015503081474699695,937.20000000000005,0.015693395386689048,937.20000000000005,0.016071564812695505,937.20000000000005,0.014788153912667534,937.20000000000005,0.01489547570000763,937.20000000000005,0.015583996676924118,937.20000000000005,0.015874426727024576,937.20000000000005,0.016360723277637899,937.20000000000005,0.015432847587802957,937.20000000000005,0.015395590142671858,937.20000000000005,0.015735866330968185,937.20000000000005,0.016313759399133623,937.20000000000005,0.015707298051083809,937.20000000000005,0.015918423573493382,937.20000000000005,0.015798979340979801,937.20000000000005,0.015945423565016149,937.20000000000005,0.01541517255410595,937.20000000000005,0.016538194179530868,937.20000000000005,0.015635241558793856,937.20000000000005,0.015705390673346729
938,0.015724337292201792,938,0.016282351245729593,938,0.015636555530123851,938,0.015711960529996693,938,0.015773250934615093,938,0.01521625424921374,938,0.016213728033366393,938,0.015352059544094333,938,0.015351550910031111,938,0.015789060976746944,938,0.01528797165212821,938,0.01556081144087553,938,0.015762272916083859,938,0.015403346812136011,938,0.016428286835702719,938,0.016068173918940682,938,0.016289302577926976,938,0.01714414689351746,938,0.015597263548739859,938,0.015951442401430958,938,0.015260251095682546,938,0.016059230436662342,938,0.015276739316565365,938,0.015674236836974307,938,0.016432737383755922,938,0.016132770444970031,938,0.016004721819553591,938,0.015688987224807781,938,0.016428074904843042,938,0.015428608970609426,938,0.015558353042903284,938,0.016168586760255333,938,0.015305561913481348,938,0.015782363961581173,938,0.016142053016623855,938,0.016099242982969237,938,0.014952612259776369,938,0.015612183481261074,938,0.015002755101175793,938,0.015457219636665732,938,0.01549138289124556,938,0.015514652899638022,938,0.015815255631002941,938,0.015436450412417452,938,0.015664148928053713,938,0.015919737544823381,938,0.016247891287946223,938,0.015315437891542267,938,0.015254062714579996,938,0.015681484872375237,938,0.016095682544526674,938,0.016275950933767366,938,0.015590524147402153,938,0.015153141239202124,938,0.016184312030043318,938,0.016196773564592287,938,0.015909056229495684,938,0.016004891364241325,938,0.01617028220713275,938,0.015621593211430702,938,0.015610148945008184,938,0.015905792494256676,938,0.016008239871824211,938,0.015844417317294406
938.70000000000005,0.015741291760975901,938.70000000000005,0.015853403185744682,938.70000000000005,0.0156280782957368,938.70000000000005,0.015190610615192897,938.70000000000005,0.015913973025440183,938.70000000000005,0.015334935530632487,938.70000000000005,0.016098437645702467,938.70000000000005,0.015354602714410449,938.70000000000005,0.015273560353670217,938.70000000000005,0.015438951196561633,938.70000000000005,0.015783889863770842,938.70000000000005,0.01545993235166959,938.70000000000005,0.015466417435975688,938.70000000000005,0.015344853894865344,938.70000000000005,0.015958648050659951,938.70000000000005,0.015932538168747828,938.70000000000005,0.016292693471681802,938.70000000000005,0.016226910132838262,938.70000000000005,0.016271203682510615,938.70000000000005,0.015938726549850377,938.70000000000005,0.015551020235158485,938.70000000000005,0.015817629256631317,938.70000000000005,0.015738748590659785,938.70000000000005,0.015601332621245646,938.70000000000005,0.015956316811203512,938.70000000000005,0.015967464374422487,938.70000000000005,0.01610644863219823,938.70000000000005,0.015571153666827736,938.70000000000005,0.015892313691581259,938.70000000000005,0.015754134771072282,938.70000000000005,0.015396437866110559,938.70000000000005,0.015581962140671226,938.70000000000005,0.015346252638539205,938.70000000000005,0.015342395496893094,938.70000000000005,0.015549494332968809,938.70000000000005,0.016287437586361826,938.70000000000005,0.015262031314903824,938.70000000000005,0.01638530725736036,938.70000000000005,0.014996821037104856,938.70000000000005,0.015469935488246314,938.70000000000005,0.015280299755007928,938.70000000000005,0.015252706357078068,938.70000000000005,0.015461754957062807,938.70000000000005,0.015043954460296872,938.70000000000005,0.01566499665149242,938.70000000000005,0.015621338894399091,938.70000000000005,0.01571128235124573,938.70000000000005,0.015081466222459587,938.70000000000005,0.015549070471249459,938.70000000000005,0.016007858396276799,938.70000000000005,0.015959199070895113,938.70000000000005,0.015825809787814824,938.70000000000005,0.015528640336376662,938.70000000000005,0.014995464679602926,938.70000000000005,0.016266541203597742,938.70000000000005,0.0161993167349084,938.70000000000005,0.015349558759950152,938.70000000000005,0.015844671634326016,938.70000000000005,0.016279638530725737,938.70000000000005,0.01568771563964972,938.70000000000005,0.016051812856573672,938.70000000000005,0.016154175461797347,938.70000000000005,0.015358883717775912,938.70000000000005,0.015280681230555343
939.39999999999998,0.015427634088654919,939.39999999999998,0.016059399981350083,939.39999999999998,0.01540343158447988,939.39999999999998,0.015239778574637807,939.39999999999998,0.015526563413951833,939.39999999999998,0.01474831091104838,939.39999999999998,0.01613065113637327,939.39999999999998,0.015374948076939378,939.39999999999998,0.015836448716970573,939.39999999999998,0.015582216457702839,939.39999999999998,0.015798301162228832,939.39999999999998,0.015430262031314904,939.39999999999998,0.015532539864194707,939.39999999999998,0.015651729779676677,939.39999999999998,0.015953561710027719,939.39999999999998,0.01614785992217899,939.39999999999998,0.015527199206530864,939.39999999999998,0.016313377923586211,939.39999999999998,0.016262726448123561,939.39999999999998,0.015892101760721582,939.39999999999998,0.015664615175944998,939.39999999999998,0.016132134652391002,939.39999999999998,0.015710773717182509,939.39999999999998,0.015578444088400601,939.39999999999998,0.01572912692963048,939.39999999999998,0.015810635538261994,939.39999999999998,0.015880954197502604,939.39999999999998,0.015482142705763672,939.39999999999998,0.016268702898366436,939.39999999999998,0.015960979290116393,939.39999999999998,0.015642277663335112,939.39999999999998,0.015106389291557522,939.39999999999998,0.015460695302764428,939.39999999999998,0.015195739341997066,939.39999999999998,0.015240923001280061,939.39999999999998,0.016017013809414817,939.39999999999998,0.015306960657155208,939.39999999999998,0.016680315014029824,939.39999999999998,0.014734026771106195,939.39999999999998,0.015748836499580379,939.39999999999998,0.015479514763103688,939.39999999999998,0.015095029797478871,939.39999999999998,0.015188788009799684,939.39999999999998,0.015085492908793435,939.39999999999998,0.01569212380153099,939.39999999999998,0.015452641930096725,939.39999999999998,0.015572255707298052,939.39999999999998,0.015565516305960344,939.39999999999998,0.015722853776184056,939.39999999999998,0.015350025007841441,939.39999999999998,0.015693013911141633,939.39999999999998,0.015496045370158437,939.39999999999998,0.015520163101989609,939.39999999999998,0.015570221171045159,939.39999999999998,0.015767232098200284,939.39999999999998,0.016126412519179741,939.39999999999998,0.015320736163034171,939.39999999999998,0.01594215982977713,939.39999999999998,0.015864254045760112,939.39999999999998,0.015265549367174454,939.39999999999998,0.015491467663589432,939.39999999999998,0.016327111043293235,939.39999999999998,0.01585734509973466,939.39999999999998,0.015261183591465119
940.10000000000002,0.015331841340081212,940.10000000000002,0.01580677839661589,940.10000000000002,0.01561112382696269,940.10000000000002,0.014915100497613661,940.10000000000002,0.016074192755355498,940.10000000000002,0.014602502479591059,940.10000000000002,0.016037401558115678,940.10000000000002,0.015523299678712816,940.10000000000002,0.016018709256292223,940.10000000000002,0.015274492849452793,940.10000000000002,0.015510922916507719,940.10000000000002,0.015409916668785977,940.10000000000002,0.015554580673601045,940.10000000000002,0.015968778345752482,940.10000000000002,0.015789103362918881,940.10000000000002,0.01576892754507769,940.10000000000002,0.015241516407687157,940.10000000000002,0.015803048413485583,940.10000000000002,0.016427184795232402,940.10000000000002,0.015950594677992255,940.10000000000002,0.015431491230301027,940.10000000000002,0.015772699914379934,940.10000000000002,0.015787916550104697,940.10000000000002,0.014900265337436316,940.10000000000002,0.015792706187533378,940.10000000000002,0.015892016988377711,940.10000000000002,0.01557407831269127,940.10000000000002,0.015578783177776084,940.10000000000002,0.015880445563439385,940.10000000000002,0.015891465968142553,940.10000000000002,0.015614302789857837,940.10000000000002,0.014991098903893593,940.10000000000002,0.015367445724506839,940.10000000000002,0.015076210337139613,940.10000000000002,0.015091723676067918,940.10000000000002,0.015713528818358302,940.10000000000002,0.015011105177047037,940.10000000000002,0.01645651602621161,940.10000000000002,0.01447038478166883,940.10000000000002,0.015250375117621626,940.10000000000002,0.015331163161330251,940.10000000000002,0.015632486457618069,940.10000000000002,0.015105711112806557,940.10000000000002,0.015117706399464236,940.10000000000002,0.01556411756228648,940.10000000000002,0.015203411239117353,940.10000000000002,0.015218755033357916,940.10000000000002,0.015341717318142128,940.10000000000002,0.015566872663462275,940.10000000000002,0.015312725176538406,940.10000000000002,0.015136907335350915,940.10000000000002,0.015768164593982857,940.10000000000002,0.014917431737070099,940.10000000000002,0.015461712570890877,940.10000000000002,0.015248425353712606,940.10000000000002,0.016309520781940097,940.10000000000002,0.014780736332578858,940.10000000000002,0.016046429812737888,940.10000000000002,0.015385290302891586,940.10000000000002,0.015206208726465076,940.10000000000002,0.015729677949865638,940.10000000000002,0.016283029424480559,940.10000000000002,0.01536820867560167,940.10000000000002,0.015213711078897621
940.79999999999995,0.015921856853420142,940.79999999999995,0.015629604197926472,940.79999999999995,0.015474640353331128,940.79999999999995,0.014822698642794774,940.79999999999995,0.0153629527902817,940.79999999999995,0.014778828954841772,940.79999999999995,0.015972974576774067,940.79999999999995,0.015370709459745851,940.79999999999995,0.015902571145189594,940.79999999999995,0.015519484923238642,940.79999999999995,0.015720310605867944,940.79999999999995,0.015413307562540798,940.79999999999995,0.015818222663038409,940.79999999999995,0.015754304315760029,940.79999999999995,0.015247408085586155,940.79999999999995,0.015605316921407561,940.79999999999995,0.015380543051634834,940.79999999999995,0.016134508278019381,940.79999999999995,0.015651517848817003,940.79999999999995,0.015639480175987385,940.79999999999995,0.015190737773708708,940.79999999999995,0.015755745445605825,940.79999999999995,0.015416613683951749,940.79999999999995,0.015200359434738011,940.79999999999995,0.015910539745513423,940.79999999999995,0.015790290175733069,940.79999999999995,0.015405381348388902,940.79999999999995,0.015774607292117021,940.79999999999995,0.015702423641311261,940.79999999999995,0.01602879716521282,940.79999999999995,0.015382874291091274,940.79999999999995,0.015403092495104397,940.79999999999995,0.015410679619880812,940.79999999999995,0.015198282512313184,940.79999999999995,0.015143434805828944,940.79999999999995,0.015838144163847986,940.79999999999995,0.015200995227317039,940.79999999999995,0.01574442833769911,940.79999999999995,0.014751828963319009,940.79999999999995,0.015275806820782788,940.79999999999995,0.015199766028330919,940.79999999999995,0.016336944635182218,940.79999999999995,0.015192178903554506,940.79999999999995,0.015533090884429864,940.79999999999995,0.015236048591507506,940.79999999999995,0.015018607529479583,940.79999999999995,0.014854233954714613,940.79999999999995,0.015394276171341863,940.79999999999995,0.015520247874333478,940.79999999999995,0.015608580656646576,940.79999999999995,0.015392072090401228,940.79999999999995,0.015935166111407811,940.79999999999995,0.015606630892737556,940.79999999999995,0.015675338877444624,940.79999999999995,0.015155175775455016,940.79999999999995,0.015731373396743045,940.79999999999995,0.015261395522324795,940.79999999999995,0.015990480065783335,940.79999999999995,0.015440392326407435,940.79999999999995,0.014628909064706729,940.79999999999995,0.015358375083712692,940.79999999999995,0.016146545950848998,940.79999999999995,0.01583021794969609,940.79999999999995,0.015416316980748202
941.5,0.016156676245941522,941.5,0.016012775192221287,941.5,0.015146571382552154,941.5,0.015289794257521428,941.5,0.015435009282571655,941.5,0.01546972355738664,941.5,0.015855988742232732,941.5,0.015137585514101879,941.5,0.016200122072175173,941.5,0.015467773793477618,941.5,0.015952586828073208,941.5,0.015203919873180576,941.5,0.015871629239676846,941.5,0.016114586777209804,941.5,0.014929511796071647,941.5,0.01588252248586421,941.5,0.015795079813161753,941.5,0.015779312157201835,941.5,0.015449759670405128,941.5,0.015804786246534929,941.5,0.014930486678026163,941.5,0.015675211718928817,941.5,0.01534710036197791,941.5,0.014991819468816491,941.5,0.016339487805498331,941.5,0.015752142620991328,941.5,0.015547798886091405,941.5,0.015586412688724429,941.5,0.016291591431211481,941.5,0.015210744046862148,941.5,0.01546001712401346,941.5,0.01605414409603011,941.5,0.015786221103227287,941.5,0.015917151988335328,941.5,0.015087485058874391,941.5,0.016113654281427227,941.5,0.014918703322228156,941.5,0.015540126988971116,941.5,0.015272331154684097,941.5,0.01473156837313395,941.5,0.015393894695794446,941.5,0.016745547332638205,941.5,0.014983638937632989,941.5,0.016034943160143433,941.5,0.015269957529055722,941.5,0.015033018827937573,941.5,0.014732161779541042,941.5,0.01515352271474954,941.5,0.015172681264464282,941.5,0.015664530403601131,941.5,0.015216593338589218,941.5,0.015611335757822364,941.5,0.015395547756499922,941.5,0.014929342251383912,941.5,0.015601078304214033,941.5,0.015762739163975144,941.5,0.015567423683697431,941.5,0.016312614972491375,941.5,0.015594677992251808,941.5,0.015241813110890703,941.5,0.015563524155879386,941.5,0.016229622847842119,941.5,0.015555555555555555,941.5,0.015919016979900478
942.29999999999995,0.016360977594669517,942.29999999999995,0.015688097115197135,942.29999999999995,0.015116053338758761,942.29999999999995,0.015658553953358259,942.29999999999995,0.015388384493442863,942.29999999999995,0.015989378025313021,942.29999999999995,0.015839034273458626,942.29999999999995,0.015104524299992369,942.29999999999995,0.01574913320278392,942.29999999999995,0.015621211735883283,942.29999999999995,0.016433246017819148,942.29999999999995,0.015364987326534591,942.29999999999995,0.016305663640293986,942.29999999999995,0.016044225731797264,942.29999999999995,0.015255885319973211,942.29999999999995,0.015548519451014301,942.29999999999995,0.016012944736909035,942.29999999999995,0.015864084501072368,942.29999999999995,0.015440434712579366,942.29999999999995,0.015023185236048594,942.29999999999995,0.015017802192212814,942.29999999999995,0.015500580690555514,942.29999999999995,0.015400506938616346,942.29999999999995,0.01602519434059832,942.29999999999995,0.01621572018344735,942.29999999999995,0.015529191356611819,942.29999999999995,0.015637657570594168,942.29999999999995,0.015540635623034342,942.29999999999995,0.015930461246323,942.29999999999995,0.015626976255266482,942.29999999999995,0.015348965353543057,942.29999999999995,0.015729466019005958,942.29999999999995,0.016163458033451168,942.29999999999995,0.015739130066207196,942.29999999999995,0.014935742563346132,942.29999999999995,0.0163942507396387,942.29999999999995,0.01552567330434119,942.29999999999995,0.01600722260369777,942.29999999999995,0.01561142053016624,942.29999999999995,0.015378381356866136,942.29999999999995,0.015258258945601589,942.29999999999995,0.016488687130710476,942.29999999999995,0.01521845833015437,942.29999999999995,0.015651772165848614,942.29999999999995,0.01517331705704331,942.29999999999995,0.014882971779286725,942.29999999999995,0.014985631087713945,942.29999999999995,0.015247620016445834,942.29999999999995,0.015563481769707453,942.29999999999995,0.01581033883505845,942.29999999999995,0.015504819307749038,942.29999999999995,0.015674067292286563,942.29999999999995,0.015715987216330544,942.29999999999995,0.015097191492247572,942.29999999999995,0.015971533446928275,942.29999999999995,0.015909395318871172,942.29999999999995,0.015931944762340729,942.29999999999995,0.016258360672414231,942.29999999999995,0.015854929087934354,942.29999999999995,0.015452896247128338,942.29999999999995,0.015480447258886264,942.29999999999995,0.016697566186007477,942.29999999999995,0.015486042233581715,942.29999999999995,0.015913930639268246
943,0.015795546061053045,943,0.016193340284665531,943,0.015217780151403404,943,0.015578020226681248,943,0.015388384493442863,943,0.016048718666022397,943,0.016189144053643939,943,0.014990081635767148,943,0.015805082949738477,943,0.015454210218458329,943,0.015803387502861067,943,0.01539126675313446,943,0.015932665327263631,943,0.016066266541203602,943,0.015663640293990484,943,0.015687546094961979,943,0.015565346761272605,943,0.015794571179098535,943,0.015462475521985704,943,0.015061332790790331,943,0.01503475666098692,943,0.015828649661334487,943,0.015258089400913846,943,0.015858192823173366,943,0.016450539575968735,943,0.015528343633173113,943,0.015960640200740912,943,0.015715266651407642,943,0.015884684180632911,943,0.015453192950331882,943,0.015562591660096811,943,0.015243720488627792,943,0.016021888219187375,943,0.016000228885328448,943,0.014990844586861981,943,0.015983952595305304,943,0.015053491348982309,943,0.015796139467460137,943,0.015629222722379051,943,0.01537583818655002,943,0.015217568220543732,943,0.01623097920534405,943,0.015421064232004952,943,0.015996795605401695,943,0.015318277765061927,943,0.015218670261014046,943,0.015012758237752513,943,0.015617227435721371,943,0.015228631011418834,943,0.015204216576384121,943,0.015069937183693191,943,0.015557929181183931,943,0.015227698515636259,943,0.014925951357629089,943,0.015579037494807694,943,0.01614336698795385,943,0.015525037511762162,943,0.016345676186600881,943,0.015593830268813103,943,0.015840305858616684,943,0.015302425336758138,943,0.016275399913532211,943,0.015011317107906715,943,0.01582491967820418
943.70000000000005,0.015531056348176973,943.70000000000005,0.015373591719437451,943.70000000000005,0.015715393809923449,943.70000000000005,0.015060061205632275,943.70000000000005,0.015522324796758309,943.70000000000005,0.015929189661164942,943.70000000000005,0.016291718589727288,943.70000000000005,0.01508078804370862,943.70000000000005,0.014924298296923611,943.70000000000005,0.015310097233878418,943.70000000000005,0.015867814484202672,943.70000000000005,0.016055034205640754,943.70000000000005,0.015802115917703006,943.70000000000005,0.015952671600417079,943.70000000000005,0.015768758000389949,943.70000000000005,0.015311156888176801,943.70000000000005,0.015147419105990862,943.70000000000005,0.0155995947881963,943.70000000000005,0.015191204021599992,943.70000000000005,0.015139323347151228,943.70000000000005,0.015795164585505624,943.70000000000005,0.015553987267193951,943.70000000000005,0.015682798843705228,943.70000000000005,0.016119291642294618,943.70000000000005,0.016119927434873647,943.70000000000005,0.015427464543967175,943.70000000000005,0.015825004450548054,943.70000000000005,0.015486381322957198,943.70000000000005,0.015074260573230587,943.70000000000005,0.016076269677780322,943.70000000000005,0.015349813076981765,943.70000000000005,0.015414960623246272,943.70000000000005,0.015758246229750007,943.70000000000005,0.015250841365512914,943.70000000000005,0.015079855547926043,943.70000000000005,0.015710137924603476,943.70000000000005,0.015310351550910033,943.70000000000005,0.015876673194137145,943.70000000000005,0.015669913447436911,943.70000000000005,0.015641175622864798,943.70000000000005,0.014855590312216543,943.70000000000005,0.015893585276739321,943.70000000000005,0.015627908751049056,943.70000000000005,0.015751803531615847,943.70000000000005,0.014961386197366972,943.70000000000005,0.015341590159626325,943.70000000000005,0.015142459923874432,943.70000000000005,0.015820681061010658,943.70000000000005,0.015833057823215757,943.70000000000005,0.015411908818866935,943.70000000000005,0.015470062646762118,943.70000000000005,0.01552656341395183,943.70000000000005,0.014932690758966796,943.70000000000005,0.015291320159711097,943.70000000000005,0.015330654527267023,943.70000000000005,0.016077244559734832,943.70000000000005,0.01524020243635716,943.70000000000005,0.016058297940879762,943.70000000000005,0.0151818366776023,943.70000000000005,0.015496977865941015,943.70000000000005,0.015733068843620461,943.70000000000005,0.015919356069275963,943.70000000000005,0.014999448979764839,943.70000000000005,0.015340021871264719
944.39999999999998,0.015427634088654918,944.39999999999998,0.015890703017047716,944.39999999999998,0.015664530403601131,944.39999999999998,0.014970202521129506,944.39999999999998,0.015206123954121209,944.39999999999998,0.015518043793392843,944.39999999999998,0.016447699702449071,944.39999999999998,0.014920568313793308,944.39999999999998,0.014959902681349236,944.39999999999998,0.015494053220077481,944.39999999999998,0.015816951077880351,944.39999999999998,0.015651517848817003,944.39999999999998,0.015437594839059708,944.39999999999998,0.016090850520926053,944.39999999999998,0.015559370311029726,944.39999999999998,0.015762993481006755,944.39999999999998,0.015371218093809076,944.39999999999998,0.015369861736307146,944.39999999999998,0.014902978052440171,944.39999999999998,0.015307172588014888,944.39999999999998,0.015890109610640624,944.39999999999998,0.016038037350694711,944.39999999999998,0.015365750277629426,944.39999999999998,0.015307172588014886,944.39999999999998,0.016130947839576817,944.39999999999998,0.016042064037028559,944.39999999999998,0.01595131524291515,944.39999999999998,0.015556742368369743,944.39999999999998,0.015394700033061212,944.39999999999998,0.016120351296592998,944.39999999999998,0.015822842755779352,944.39999999999998,0.016046514585081762,944.39999999999998,0.015272500699371834,944.39999999999998,0.015512787908072869,944.39999999999998,0.015101896357332383,944.39999999999998,0.015404109763230842,944.39999999999998,0.015223036036723377,944.39999999999998,0.01558675177809991,944.39999999999998,0.015598704678585661,944.39999999999998,0.015437721997575512,944.39999999999998,0.015293015606588507,944.39999999999998,0.015769817654688337,944.39999999999998,0.015592304366623434,944.39999999999998,0.016105304205555979,944.39999999999998,0.01484440036282563,944.39999999999998,0.015468748675432128,944.39999999999998,0.01565618032772988,944.39999999999998,0.015710477013978957,944.39999999999998,0.015649101837016694,944.39999999999998,0.014749836813238049,944.39999999999998,0.015309842916846806,944.39999999999998,0.015936013834846517,944.39999999999998,0.015143773895204432,944.39999999999998,0.015561743936658105,944.39999999999998,0.015092444240990819,944.39999999999998,0.015690682671685191,944.39999999999998,0.015388554038130598,944.39999999999998,0.016006586811118738,944.39999999999998,0.014983469392945247,944.39999999999998,0.015443571289302576,944.39999999999998,0.015514356196434478,944.39999999999998,0.015284411213685647,944.39999999999998,0.015225791137899172,944.39999999999998,0.015652831820146994
945.10000000000002,0.015453065791816078,945.10000000000002,0.015508379746191603,945.10000000000002,0.01547803124708595,945.10000000000002,0.014901536922594372,945.10000000000002,0.015385841323126745,945.10000000000002,0.01547650534489628,945.10000000000002,0.016223052991192151,945.10000000000002,0.015197773878249958,945.10000000000002,0.015577045344726734,945.10000000000002,0.015497444113832304,945.10000000000002,0.015989886659376243,945.10000000000002,0.016167781422988567,945.10000000000002,0.015825852173986757,945.10000000000002,0.015982341920771768,945.10000000000002,0.015901850580266691,945.10000000000002,0.015456965319634123,945.10000000000002,0.015333070539067335,945.10000000000002,0.015426659206700404,945.10000000000002,0.0150496342073362,945.10000000000002,0.015541991980536268,945.10000000000002,0.016150360706323166,945.10000000000002,0.016025321499114127,945.10000000000002,0.015949831726897415,945.10000000000002,0.015281740884853725,945.10000000000002,0.015835940082907351,945.10000000000002,0.016142095402795792,945.10000000000002,0.015897908666276717,945.10000000000002,0.015694921288878717,945.10000000000002,0.015525249442621836,945.10000000000002,0.016371277434449785,945.10000000000002,0.015818604138585827,945.10000000000002,0.016084662139823503,945.10000000000002,0.015532751795054381,945.10000000000002,0.015443274586099034,945.10000000000002,0.014883183710146401,945.10000000000002,0.016020404703169636,945.10000000000002,0.015546866390308823,945.10000000000002,0.015913973025440179,945.10000000000002,0.015237574493697175,945.10000000000002,0.015422462975678815,945.10000000000002,0.015836406330798646,945.10000000000002,0.0152103201851428,945.10000000000002,0.015337987335011826,945.10000000000002,0.015630579079880975,945.10000000000002,0.015305561913481343,945.10000000000002,0.015566236870883241,945.10000000000002,0.015986792468824968,945.10000000000002,0.015472266727702752,945.10000000000002,0.016175538092452722,945.10000000000002,0.015418690606376576,945.10000000000002,0.015734552359638193,945.10000000000002,0.015958054644252855,945.10000000000002,0.014905563608928226,945.10000000000002,0.015879640226172612,945.10000000000002,0.015190780159880641,945.10000000000002,0.015824622975000636,945.10000000000002,0.015328365673982519,945.10000000000002,0.015559836558921014,945.10000000000002,0.015012291989861228,945.10000000000002,0.015667370277120788,945.10000000000002,0.015802582165594298,945.10000000000002,0.015417503793562387,945.10000000000002,0.015029967023558232,945.10000000000002,0.015786772123462439
945.79999999999995,0.01590066376745251,945.79999999999995,0.015354094080347226,945.79999999999995,0.015718784703678271,945.79999999999995,0.015114315505709418,945.79999999999995,0.015002670328831924,945.79999999999995,0.015317981061858381,945.79999999999995,0.015766977781168673,945.79999999999995,0.015088417554656969,945.79999999999995,0.015618583793223298,945.79999999999995,0.015624602629638107,945.79999999999995,0.015577045344726734,945.79999999999995,0.015290387663928522,945.79999999999995,0.015837720302128634,945.79999999999995,0.016010316794249049,945.79999999999995,0.015594126972016646,945.79999999999995,0.015144155370751845,945.79999999999995,0.015519569695582516,945.79999999999995,0.015708103388350582,945.79999999999995,0.015197138085670931,945.79999999999995,0.015224095691021761,945.79999999999995,0.015712935411951203,945.79999999999995,0.016233013741596941,945.79999999999995,0.01527504386968795,945.79999999999995,0.015227486584776583,945.79999999999995,0.01592579876741012,945.79999999999995,0.016205674660698693,945.79999999999995,0.015572382865813856,945.79999999999995,0.016274764120953179,945.79999999999995,0.015431999864364252,945.79999999999995,0.015983867822961437,945.79999999999995,0.015705009197799304,945.79999999999995,0.015318320151233864,945.79999999999995,0.015527665454422149,945.79999999999995,0.015367827200054253,945.79999999999995,0.014828929410069257,945.79999999999995,0.015478709425836915,945.79999999999995,0.015264574485219938,945.79999999999995,0.015507913498300312,945.79999999999995,0.015075659316904452,945.79999999999995,0.015391097208446714,945.79999999999995,0.01579317243542467,945.79999999999995,0.015189127099175168,945.79999999999995,0.015616040622907187,945.79999999999995,0.015978145689750176,945.79999999999995,0.015740444037537195,945.79999999999995,0.014891449013673778,945.79999999999995,0.015807075099819438,945.79999999999995,0.015344260488458245,945.79999999999995,0.015504988852436782,945.79999999999995,0.015445817756415148,945.79999999999995,0.015627739206361319,945.79999999999995,0.016073345031916784,945.79999999999995,0.015348075243932419,945.79999999999995,0.015566830277290339,945.79999999999995,0.015127200901977739,945.79999999999995,0.01591872027669693,945.79999999999995,0.015558946449310376,945.79999999999995,0.015650542966862486,945.79999999999995,0.01500296703203547,945.79999999999995,0.015668218000559498,945.79999999999995,0.015107448945855905,945.79999999999995,0.015703186592406094,945.79999999999995,0.014857879165501046,945.79999999999995,0.016067368581673916
946.5,0.016130396819341659,946.5,0.015018395598619909,946.5,0.015691657553639701,946.5,0.015116858676025535,946.5,0.015076422267999288,946.5,0.015457007705806058,946.5,0.015640666988801569,946.5,0.014679814857200987,946.5,0.016164517687749548,946.5,0.015447428430948687,946.5,0.01511418834719361,946.5,0.015982129989912091,946.5,0.016025914905521219,946.5,0.015573739223315786,946.5,0.01575095580817714,946.5,0.01555784440884006,946.5,0.01529068436713207,946.5,0.015741164602460094,946.5,0.015687969956681331,946.5,0.016093859939133457,946.5,0.015667158346261117,946.5,0.016271161296338682,946.5,0.0156624534811763,946.5,0.01533006112085993,946.5,0.015936819172113287,946.5,0.015921687308732398,946.5,0.015845349813076982,946.5,0.016010274408077108,946.5,0.015740571196052999,946.5,0.015738875749175589,946.5,0.015730440900960471,946.5,0.015314081534040333,946.5,0.015911684172155677,946.5,0.015167764468519791,946.5,0.015346888431118231,946.5,0.015397327975721201,946.5,0.014611827437416817,946.5,0.01579868263777625,946.5,0.015263853920297041,946.5,0.015597094004052117,946.5,0.015551571255393642,946.5,0.015084009392775703,946.5,0.015425302849198479,946.5,0.016010359180420979,946.5,0.016203301035070318,946.5,0.014904164865254359,946.5,0.015485787916550102,946.5,0.015509566559005789,946.5,0.015614345176029772,946.5,0.015657748616091489,946.5,0.015933767367733952,946.5,0.015590142671854731,946.5,0.015151403406152777,946.5,0.015532073616303418,946.5,0.015126353178539035,946.5,0.01639514084924934,946.5,0.015303781694260063,946.5,0.015723447182591149,946.5,0.014973296711680783,946.5,0.01547069843934115,946.5,0.015332095657112823,946.5,0.015804913405050733,946.5,0.015052855556403276,946.5,0.015967337215906686
947.29999999999995,0.016332154997753534,947.29999999999995,0.014964141298542764,947.29999999999995,0.016138407805837422,947.29999999999995,0.01534743945135339,947.29999999999995,0.015117960716495854,947.29999999999995,0.0155265210277799,947.29999999999995,0.015332095657112823,947.29999999999995,0.014378025313021878,947.29999999999995,0.015477861702398208,947.29999999999995,0.015071039224163509,947.29999999999995,0.015074345345574461,947.29999999999995,0.015499775353288744,947.29999999999995,0.015566448801742922,947.29999999999995,0.015877224214372303,947.29999999999995,0.015785712469164059,947.29999999999995,0.016228393648855994,947.29999999999995,0.015756932258420016,947.29999999999995,0.015764900858743842,947.29999999999995,0.016045709247814992,947.29999999999995,0.01578698405432212,947.29999999999995,0.015553563405474599,947.29999999999995,0.01621182065562931,947.29999999999995,0.015264023464984785,947.29999999999995,0.015565728236820019,947.29999999999995,0.015743538228088463,947.29999999999995,0.015559709400405209,947.29999999999995,0.01595216296635386,947.29999999999995,0.015608453498130771,947.29999999999995,0.015827886710239651,947.29999999999995,0.015923679458813355,947.29999999999995,0.015435433144291005,947.29999999999995,0.015809999745682968,947.29999999999995,0.015848104914252776,947.29999999999995,0.014817654688334478,947.29999999999995,0.015831786238057692,947.29999999999995,0.015024329662690844,947.29999999999995,0.01453129371073981,947.29999999999995,0.016019938455278347,947.29999999999995,0.015637699956766105,947.29999999999995,0.015411442570975646,947.29999999999995,0.015495621508439087,947.29999999999995,0.015618075159160078,947.29999999999995,0.015446495935166111,947.29999999999995,0.015543263565694328,947.29999999999995,0.015651433076473136,947.29999999999995,0.014927053398099403,947.29999999999995,0.015480701575917872,947.29999999999995,0.015570602646592574,947.29999999999995,0.015098929325296915,947.29999999999995,0.015602646592575639,947.29999999999995,0.015442087773284844,947.29999999999995,0.015427379771623305,947.29999999999995,0.015643930724040592,947.29999999999995,0.015318447309749668,947.29999999999995,0.015084814730042473,947.29999999999995,0.016747793799750769,947.29999999999995,0.015388554038130598,947.29999999999995,0.016020150386138025,947.29999999999995,0.01518522757135712,947.29999999999995,0.015446962183057399,947.29999999999995,0.015052346922340056,947.29999999999995,0.016243186422861405,947.29999999999995,0.015246984223866805,947.29999999999995,0.016403914786839946
948,0.015959156684723176,948,0.015881378059221962,948,0.015589083017556352,948,0.015549197629765263,948,0.015107788035231389,948,0.015729974653069186,948,0.015237998355416529,948,0.014511117892898618,948,0.015643167772945752,948,0.015263472444749624,948,0.014930232360994547,948,0.015647279231623477,948,0.015636809847155465,948,0.015276188296330205,948,0.015891677899002227,948,0.016364029399048855,948,0.015936649627425553,948,0.015618244703847815,948,0.016385646346735838,948,0.016119291642294618,948,0.015802794096453972,948,0.016028712392868953,948,0.015449674898061257,948,0.015736968371438502,948,0.015935123725235877,948,0.016027652738570569,948,0.016320074938751983,948,0.015355831913396574,948,0.016095767316870544,948,0.016139001212244517,948,0.015577002958554801,948,0.016605164331188596,948,0.01555733577477684,948,0.015346634114086622,948,0.015629180336207114,948,0.015292210269321737,948,0.01498567347388588,948,0.015998745369310719,948,0.015545298101947219,948,0.015296999906750422,948,0.015245543094021008,948,0.015824919678204184,948,0.015144706390987002,948,0.015113467782270712,948,0.015165687546094962,948,0.01542636250349686,948,0.015551910344769123,948,0.015791858464094675,948,0.015203199308257675,948,0.015405974754795996,948,0.015435305985775201,948,0.01571475801734442,948,0.014997117740308404,948,0.015220111390859844,948,0.01555784440884006,948,0.016401074913320275,948,0.015254613734815153,948,0.01515716792553597,948,0.015247111382382611,948,0.015505455100328068,948,0.01562710341378229,948,0.015796436170663685,948,0.015132541559641582,948,0.015916473809584358
948.70000000000005,0.015392877427667997,948.70000000000005,0.016160279070556022,948.70000000000005,0.015749302747471664,948.70000000000005,0.015140594932309284,948.70000000000005,0.01496537049752889,948.70000000000005,0.015860524062629808,948.70000000000005,0.015073540008307689,948.70000000000005,0.015417334248874648,948.70000000000005,0.015156574519128878,948.70000000000005,0.014978637369344626,948.70000000000005,0.015258301331773524,948.70000000000005,0.015328535218670261,948.70000000000005,0.01531637038732484,948.70000000000005,0.015475403304425966,948.70000000000005,0.015571238439171601,948.70000000000005,0.015848613548315998,948.70000000000005,0.015864593135135593,948.70000000000005,0.015793723455659828,948.70000000000005,0.016446682434322627,948.70000000000005,0.015658130091638908,948.70000000000005,0.015829073523053839,948.70000000000005,0.015324254215304801,948.70000000000005,0.015364902554190723,948.70000000000005,0.01571492756203216,948.70000000000005,0.015924103320532706,948.70000000000005,0.015856412603952083,948.70000000000005,0.01577075015047091,948.70000000000005,0.015336334274306349,948.70000000000005,0.016049142527741745,948.70000000000005,0.015869425158736211,948.70000000000005,0.015285386095640157,948.70000000000005,0.016246577316616231,948.70000000000005,0.01540220238549376,948.70000000000005,0.015113510168442647,948.70000000000005,0.015279918279460505,948.70000000000005,0.015520247874333476,948.70000000000005,0.015339174147826012,948.70000000000005,0.016034349753736341,948.70000000000005,0.015435094054915525,948.70000000000005,0.01489941761399761,948.70000000000005,0.015121775471970024,948.70000000000005,0.01603769826131923,948.70000000000005,0.014982791214194277,948.70000000000005,0.014834566770936648,948.70000000000005,0.014767257529903446,948.70000000000005,0.015525546145825386,948.70000000000005,0.015389147444537695,948.70000000000005,0.015864762679823331,948.70000000000005,0.015265930842721872,948.70000000000005,0.015819663792884211,948.70000000000005,0.014949560455397031,948.70000000000005,0.015865652789433974,948.70000000000005,0.014841984351025324,948.70000000000005,0.014765731627713772,948.70000000000005,0.015211973245848274,948.70000000000005,0.016122173901986215,948.70000000000005,0.015235963819163633,948.70000000000005,0.014995252748743245,948.70000000000005,0.015461585412375068,948.70000000000005,0.015793681069487892,948.70000000000005,0.015577087730898673,948.70000000000005,0.016372040385544618,948.70000000000005,0.014474708171206224,948.70000000000005,0.015779990335952798
949.39999999999998,0.015131354746827396,949.39999999999998,0.016595585056331224,949.39999999999998,0.015528470791688918,949.39999999999998,0.015048193077490397,949.39999999999998,0.014851351695023019,949.39999999999998,0.015724040588998244,949.39999999999998,0.015038783347320769,949.39999999999998,0.015770834922814777,949.39999999999998,0.015157422242567586,949.39999999999998,0.015417334248874648,949.39999999999998,0.015232445766893008,949.39999999999998,0.015191627883319344,949.39999999999998,0.015535083034510821,949.39999999999998,0.015151572950840518,949.39999999999998,0.015451285572594795,949.39999999999998,0.015528597950204726,949.39999999999998,0.015729381246662091,949.39999999999998,0.015730144197756923,949.39999999999998,0.016381831591261664,949.39999999999998,0.015873451845070066,949.39999999999998,0.015937158261488771,949.39999999999998,0.014958037689784084,949.39999999999998,0.015348795808855321,949.39999999999998,0.015485618371862363,949.39999999999998,0.016233946237379514,949.39999999999998,0.016290023142849875,949.39999999999998,0.015546527300933343,949.39999999999998,0.015444419012741281,949.39999999999998,0.015969456524503444,949.39999999999998,0.015356552478319472,949.39999999999998,0.015483329518577857,949.39999999999998,0.016167315175097279,949.39999999999998,0.015259784847791259,949.39999999999998,0.015309758144502939,949.39999999999998,0.015026448971287605,949.39999999999998,0.015388850741334146,949.39999999999998,0.015233208717987841,949.39999999999998,0.01555326670227105,949.39999999999998,0.015242236972610058,949.39999999999998,0.015016403448538948,949.39999999999998,0.014652984410365966,949.39999999999998,0.01605592431525139,949.39999999999998,0.014995930927494213,949.39999999999998,0.015046921492332339,949.39999999999998,0.01466976933445233,949.39999999999998,0.015366598001068132,949.39999999999998,0.01537092139060553,949.39999999999998,0.01605846748556751,949.39999999999998,0.015547798886091401,949.39999999999998,0.015717936980239568,949.39999999999998,0.015092825716538237,949.39999999999998,0.016039012232649214,949.39999999999998,0.014280791434602376,949.39999999999998,0.014408840060018819,949.39999999999998,0.015382365657028052,949.39999999999998,0.015768673228046082,949.39999999999998,0.015088883802548256,949.39999999999998,0.014426006459652599,949.39999999999998,0.015161491315073371,949.39999999999998,0.015833524071107042,949.39999999999998,0.015614811423921062,949.39999999999998,0.016176216271203681,949.39999999999998,0.014453091223519239,949.39999999999998,0.015226850792197552
